epoch (ms),time (-13:00),elapsed (s),x-axis (g),y-axis (g),z-axis (g)
1574114026530,2019-11-18T16:53:46.530,0.000,0.718,-0.643,-0.164
1574114026540,2019-11-18T16:53:46.540,0.010,0.730,-0.656,-0.160
1574114026550,2019-11-18T16:53:46.550,0.020,0.732,-0.662,-0.157
1574114026560,2019-11-18T16:53:46.560,0.030,0.730,-0.660,-0.144
1574114026570,2019-11-18T16:53:46.570,0.040,0.729,-0.652,-0.141
1574114026580,2019-11-18T16:53:46.580,0.050,0.731,-0.648,-0.137
1574114026590,2019-11-18T16:53:46.590,0.060,0.736,-0.641,-0.133
1574114026600,2019-11-18T16:53:46.600,0.070,0.741,-0.629,-0.132
1574114026610,2019-11-18T16:53:46.610,0.080,0.747,-0.622,-0.130
1574114026620,2019-11-18T16:53:46.620,0.090,0.758,-0.624,-0.129
1574114026630,2019-11-18T16:53:46.630,0.100,0.762,-0.627,-0.132
1574114026640,2019-11-18T16:53:46.640,0.110,0.755,-0.635,-0.134
1574114026650,2019-11-18T16:53:46.650,0.120,0.752,-0.641,-0.135
1574114026660,2019-11-18T16:53:46.660,0.130,0.754,-0.643,-0.137
1574114026670,2019-11-18T16:53:46.670,0.140,0.750,-0.648,-0.139
1574114026680,2019-11-18T16:53:46.680,0.150,0.748,-0.650,-0.141
1574114026690,2019-11-18T16:53:46.690,0.160,0.752,-0.641,-0.137
1574114026700,2019-11-18T16:53:46.700,0.170,0.756,-0.633,-0.132
1574114026710,2019-11-18T16:53:46.710,0.180,0.764,-0.637,-0.127
1574114026720,2019-11-18T16:53:46.720,0.190,0.771,-0.638,-0.124
1574114026730,2019-11-18T16:53:46.730,0.200,0.775,-0.633,-0.123
1574114026740,2019-11-18T16:53:46.740,0.210,0.778,-0.631,-0.115
1574114026750,2019-11-18T16:53:46.750,0.220,0.781,-0.633,-0.110
1574114026760,2019-11-18T16:53:46.760,0.230,0.786,-0.638,-0.107
1574114026770,2019-11-18T16:53:46.770,0.240,0.794,-0.635,-0.105
1574114026780,2019-11-18T16:53:46.780,0.250,0.800,-0.625,-0.101
1574114026790,2019-11-18T16:53:46.790,0.260,0.808,-0.625,-0.095
1574114026800,2019-11-18T16:53:46.800,0.270,0.807,-0.630,-0.099
1574114026810,2019-11-18T16:53:46.810,0.280,0.801,-0.635,-0.098
1574114026820,2019-11-18T16:53:46.820,0.290,0.801,-0.628,-0.098
1574114026830,2019-11-18T16:53:46.830,0.300,0.800,-0.623,-0.104
1574114026840,2019-11-18T16:53:46.840,0.310,0.795,-0.624,-0.105
1574114026850,2019-11-18T16:53:46.850,0.320,0.787,-0.627,-0.106
1574114026860,2019-11-18T16:53:46.860,0.330,0.781,-0.622,-0.109
1574114026870,2019-11-18T16:53:46.870,0.340,0.773,-0.618,-0.112
1574114026880,2019-11-18T16:53:46.880,0.350,0.771,-0.619,-0.114
1574114026890,2019-11-18T16:53:46.890,0.360,0.771,-0.619,-0.116
1574114026900,2019-11-18T16:53:46.900,0.370,0.774,-0.621,-0.119
1574114026910,2019-11-18T16:53:46.910,0.380,0.772,-0.627,-0.120
1574114026920,2019-11-18T16:53:46.920,0.390,0.771,-0.631,-0.120
1574114026930,2019-11-18T16:53:46.930,0.400,0.776,-0.632,-0.119
1574114026940,2019-11-18T16:53:46.940,0.410,0.771,-0.638,-0.117
1574114026950,2019-11-18T16:53:46.950,0.420,0.768,-0.643,-0.114
1574114026960,2019-11-18T16:53:46.960,0.430,0.772,-0.638,-0.112
1574114026970,2019-11-18T16:53:46.970,0.440,0.774,-0.641,-0.110
1574114026980,2019-11-18T16:53:46.980,0.450,0.775,-0.652,-0.110
1574114026990,2019-11-18T16:53:46.990,0.460,0.775,-0.645,-0.106
1574114027000,2019-11-18T16:53:47.000,0.470,0.772,-0.644,-0.103
1574114027010,2019-11-18T16:53:47.010,0.480,0.778,-0.652,-0.102
1574114027020,2019-11-18T16:53:47.020,0.490,0.776,-0.664,-0.105
1574114027030,2019-11-18T16:53:47.030,0.500,0.773,-0.669,-0.102
1574114027040,2019-11-18T16:53:47.040,0.510,0.770,-0.667,-0.096
1574114027050,2019-11-18T16:53:47.050,0.520,0.761,-0.662,-0.097
1574114027060,2019-11-18T16:53:47.060,0.530,0.756,-0.656,-0.097
1574114027070,2019-11-18T16:53:47.070,0.540,0.752,-0.651,-0.097
1574114027080,2019-11-18T16:53:47.080,0.550,0.753,-0.650,-0.097
1574114027090,2019-11-18T16:53:47.090,0.560,0.757,-0.651,-0.098
1574114027100,2019-11-18T16:53:47.100,0.570,0.754,-0.646,-0.095
1574114027110,2019-11-18T16:53:47.110,0.580,0.751,-0.640,-0.094
1574114027120,2019-11-18T16:53:47.120,0.590,0.756,-0.635,-0.088
1574114027130,2019-11-18T16:53:47.130,0.600,0.757,-0.636,-0.084
1574114027140,2019-11-18T16:53:47.140,0.610,0.752,-0.637,-0.082
1574114027150,2019-11-18T16:53:47.150,0.620,0.755,-0.635,-0.077
1574114027160,2019-11-18T16:53:47.160,0.630,0.771,-0.628,-0.073
1574114027170,2019-11-18T16:53:47.170,0.640,0.767,-0.626,-0.063
1574114027180,2019-11-18T16:53:47.180,0.650,0.767,-0.615,-0.054
1574114027190,2019-11-18T16:53:47.190,0.660,0.788,-0.607,-0.047
1574114027200,2019-11-18T16:53:47.200,0.670,0.791,-0.616,-0.041
1574114027210,2019-11-18T16:53:47.210,0.680,0.782,-0.633,-0.035
1574114027220,2019-11-18T16:53:47.220,0.690,0.787,-0.632,-0.035
1574114027230,2019-11-18T16:53:47.230,0.700,0.801,-0.619,-0.024
1574114027240,2019-11-18T16:53:47.240,0.710,0.817,-0.610,-0.017
1574114027250,2019-11-18T16:53:47.250,0.720,0.823,-0.618,-0.012
1574114027260,2019-11-18T16:53:47.260,0.730,0.822,-0.628,-0.012
1574114027270,2019-11-18T16:53:47.270,0.740,0.821,-0.635,-0.015
1574114027280,2019-11-18T16:53:47.280,0.750,0.819,-0.638,-0.019
1574114027290,2019-11-18T16:53:47.290,0.760,0.806,-0.640,-0.022
1574114027300,2019-11-18T16:53:47.300,0.770,0.787,-0.637,-0.030
1574114027310,2019-11-18T16:53:47.310,0.780,0.781,-0.630,-0.036
1574114027320,2019-11-18T16:53:47.320,0.790,0.776,-0.631,-0.041
1574114027330,2019-11-18T16:53:47.330,0.800,0.771,-0.628,-0.053
1574114027340,2019-11-18T16:53:47.340,0.810,0.767,-0.625,-0.053
1574114027350,2019-11-18T16:53:47.350,0.820,0.765,-0.627,-0.054
1574114027360,2019-11-18T16:53:47.360,0.830,0.757,-0.630,-0.059
1574114027370,2019-11-18T16:53:47.370,0.840,0.747,-0.636,-0.063
1574114027380,2019-11-18T16:53:47.380,0.850,0.745,-0.632,-0.068
1574114027390,2019-11-18T16:53:47.390,0.860,0.746,-0.633,-0.069
1574114027400,2019-11-18T16:53:47.400,0.870,0.747,-0.636,-0.070
1574114027410,2019-11-18T16:53:47.410,0.880,0.736,-0.637,-0.074
1574114027420,2019-11-18T16:53:47.420,0.890,0.730,-0.639,-0.079
1574114027430,2019-11-18T16:53:47.430,0.900,0.737,-0.638,-0.078
1574114027440,2019-11-18T16:53:47.440,0.910,0.741,-0.638,-0.076
1574114027450,2019-11-18T16:53:47.450,0.920,0.734,-0.640,-0.071
1574114027460,2019-11-18T16:53:47.460,0.930,0.743,-0.631,-0.067
1574114027470,2019-11-18T16:53:47.470,0.940,0.752,-0.625,-0.062
1574114027480,2019-11-18T16:53:47.480,0.950,0.752,-0.631,-0.057
1574114027490,2019-11-18T16:53:47.490,0.960,0.749,-0.633,-0.056
1574114027500,2019-11-18T16:53:47.500,0.970,0.752,-0.623,-0.053
1574114027510,2019-11-18T16:53:47.510,0.980,0.760,-0.620,-0.048
1574114027520,2019-11-18T16:53:47.520,0.990,0.767,-0.641,-0.051
1574114027530,2019-11-18T16:53:47.530,1.000,0.769,-0.648,-0.054
1574114027540,2019-11-18T16:53:47.540,1.010,0.767,-0.646,-0.056
1574114027550,2019-11-18T16:53:47.550,1.020,0.764,-0.669,-0.061
1574114027560,2019-11-18T16:53:47.560,1.030,0.772,-0.689,-0.064
1574114027570,2019-11-18T16:53:47.570,1.040,0.776,-0.689,-0.068
1574114027580,2019-11-18T16:53:47.580,1.050,0.775,-0.676,-0.068
1574114027590,2019-11-18T16:53:47.590,1.060,0.774,-0.672,-0.071
1574114027600,2019-11-18T16:53:47.600,1.070,0.768,-0.663,-0.071
1574114027610,2019-11-18T16:53:47.610,1.080,0.772,-0.638,-0.072
1574114027620,2019-11-18T16:53:47.620,1.090,0.772,-0.634,-0.076
1574114027630,2019-11-18T16:53:47.630,1.100,0.781,-0.661,-0.072
1574114027640,2019-11-18T16:53:47.640,1.110,0.791,-0.673,-0.076
1574114027650,2019-11-18T16:53:47.650,1.120,0.793,-0.654,-0.073
1574114027660,2019-11-18T16:53:47.660,1.130,0.792,-0.629,-0.073
1574114027670,2019-11-18T16:53:47.670,1.140,0.789,-0.618,-0.070
1574114027680,2019-11-18T16:53:47.680,1.150,0.783,-0.618,-0.068
1574114027690,2019-11-18T16:53:47.690,1.160,0.780,-0.609,-0.069
1574114027700,2019-11-18T16:53:47.700,1.170,0.779,-0.604,-0.066
1574114027710,2019-11-18T16:53:47.710,1.180,0.783,-0.613,-0.063
1574114027720,2019-11-18T16:53:47.720,1.190,0.791,-0.620,-0.065
1574114027730,2019-11-18T16:53:47.730,1.200,0.801,-0.610,-0.065
1574114027740,2019-11-18T16:53:47.740,1.210,0.812,-0.593,-0.061
1574114027750,2019-11-18T16:53:47.750,1.220,0.813,-0.586,-0.058
1574114027760,2019-11-18T16:53:47.760,1.230,0.822,-0.583,-0.052
1574114027770,2019-11-18T16:53:47.770,1.240,0.827,-0.586,-0.047
1574114027780,2019-11-18T16:53:47.780,1.250,0.828,-0.600,-0.049
1574114027790,2019-11-18T16:53:47.790,1.260,0.834,-0.593,-0.049
1574114027800,2019-11-18T16:53:47.800,1.270,0.836,-0.580,-0.048
1574114027810,2019-11-18T16:53:47.810,1.280,0.834,-0.576,-0.047
1574114027820,2019-11-18T16:53:47.820,1.290,0.841,-0.574,-0.048
1574114027830,2019-11-18T16:53:47.830,1.300,0.845,-0.572,-0.049
1574114027840,2019-11-18T16:53:47.840,1.310,0.846,-0.579,-0.051
1574114027850,2019-11-18T16:53:47.850,1.320,0.851,-0.579,-0.055
1574114027860,2019-11-18T16:53:47.860,1.330,0.852,-0.577,-0.054
1574114027870,2019-11-18T16:53:47.870,1.340,0.851,-0.591,-0.057
1574114027880,2019-11-18T16:53:47.880,1.350,0.851,-0.587,-0.055
1574114027890,2019-11-18T16:53:47.890,1.360,0.854,-0.575,-0.049
1574114027900,2019-11-18T16:53:47.900,1.370,0.852,-0.571,-0.044
1574114027910,2019-11-18T16:53:47.910,1.380,0.855,-0.566,-0.042
1574114027920,2019-11-18T16:53:47.920,1.390,0.861,-0.564,-0.037
1574114027930,2019-11-18T16:53:47.930,1.400,0.863,-0.578,-0.037
1574114027940,2019-11-18T16:53:47.940,1.410,0.865,-0.588,-0.034
1574114027950,2019-11-18T16:53:47.950,1.420,0.861,-0.584,-0.033
1574114027960,2019-11-18T16:53:47.960,1.430,0.854,-0.585,-0.031
1574114027970,2019-11-18T16:53:47.970,1.440,0.850,-0.596,-0.030
1574114027980,2019-11-18T16:53:47.980,1.450,0.844,-0.590,-0.029
1574114027990,2019-11-18T16:53:47.990,1.460,0.832,-0.578,-0.029
1574114028000,2019-11-18T16:53:48.000,1.470,0.822,-0.579,-0.026
1574114028010,2019-11-18T16:53:48.010,1.480,0.816,-0.580,-0.028
1574114028020,2019-11-18T16:53:48.020,1.490,0.811,-0.577,-0.028
1574114028030,2019-11-18T16:53:48.030,1.500,0.808,-0.571,-0.028
1574114028040,2019-11-18T16:53:48.040,1.510,0.806,-0.561,-0.027
1574114028050,2019-11-18T16:53:48.050,1.520,0.810,-0.556,-0.024
1574114028060,2019-11-18T16:53:48.060,1.530,0.818,-0.563,-0.023
1574114028070,2019-11-18T16:53:48.070,1.540,0.827,-0.563,-0.021
1574114028080,2019-11-18T16:53:48.080,1.550,0.831,-0.561,-0.016
1574114028090,2019-11-18T16:53:48.090,1.560,0.834,-0.582,-0.011
1574114028100,2019-11-18T16:53:48.100,1.570,0.839,-0.601,-0.013
1574114028110,2019-11-18T16:53:48.110,1.580,0.842,-0.599,-0.010
1574114028120,2019-11-18T16:53:48.120,1.590,0.843,-0.593,-0.007
1574114028130,2019-11-18T16:53:48.130,1.600,0.840,-0.596,-0.008
1574114028140,2019-11-18T16:53:48.140,1.610,0.842,-0.592,-0.010
1574114028150,2019-11-18T16:53:48.150,1.620,0.844,-0.582,-0.011
1574114028160,2019-11-18T16:53:48.160,1.630,0.843,-0.584,-0.010
1574114028170,2019-11-18T16:53:48.170,1.640,0.844,-0.601,-0.014
1574114028180,2019-11-18T16:53:48.180,1.650,0.838,-0.609,-0.017
1574114028190,2019-11-18T16:53:48.190,1.660,0.830,-0.604,-0.020
1574114028200,2019-11-18T16:53:48.200,1.670,0.818,-0.603,-0.023
1574114028210,2019-11-18T16:53:48.210,1.680,0.813,-0.606,-0.026
1574114028220,2019-11-18T16:53:48.220,1.690,0.809,-0.611,-0.029
1574114028230,2019-11-18T16:53:48.230,1.700,0.805,-0.610,-0.036
1574114028240,2019-11-18T16:53:48.240,1.710,0.803,-0.599,-0.036
1574114028250,2019-11-18T16:53:48.250,1.720,0.803,-0.589,-0.034
1574114028260,2019-11-18T16:53:48.260,1.730,0.807,-0.589,-0.036
1574114028270,2019-11-18T16:53:48.270,1.740,0.809,-0.596,-0.037
1574114028280,2019-11-18T16:53:48.280,1.750,0.807,-0.602,-0.041
1574114028290,2019-11-18T16:53:48.290,1.760,0.804,-0.615,-0.042
1574114028300,2019-11-18T16:53:48.300,1.770,0.804,-0.631,-0.042
1574114028310,2019-11-18T16:53:48.310,1.780,0.801,-0.631,-0.044
1574114028320,2019-11-18T16:53:48.320,1.790,0.797,-0.622,-0.043
1574114028330,2019-11-18T16:53:48.330,1.800,0.797,-0.623,-0.045
1574114028340,2019-11-18T16:53:48.340,1.810,0.794,-0.618,-0.045
1574114028350,2019-11-18T16:53:48.350,1.820,0.791,-0.604,-0.042
1574114028360,2019-11-18T16:53:48.360,1.830,0.792,-0.590,-0.042
1574114028370,2019-11-18T16:53:48.370,1.840,0.796,-0.586,-0.047
1574114028380,2019-11-18T16:53:48.380,1.850,0.802,-0.592,-0.047
1574114028390,2019-11-18T16:53:48.390,1.860,0.804,-0.594,-0.047
1574114028400,2019-11-18T16:53:48.400,1.870,0.805,-0.595,-0.047
1574114028410,2019-11-18T16:53:48.410,1.880,0.804,-0.603,-0.047
1574114028420,2019-11-18T16:53:48.420,1.890,0.804,-0.609,-0.047
1574114028430,2019-11-18T16:53:48.430,1.900,0.805,-0.606,-0.047
1574114028440,2019-11-18T16:53:48.440,1.910,0.805,-0.597,-0.047
1574114028450,2019-11-18T16:53:48.450,1.920,0.807,-0.595,-0.048
1574114028460,2019-11-18T16:53:48.460,1.930,0.811,-0.590,-0.049
1574114028470,2019-11-18T16:53:48.470,1.940,0.815,-0.586,-0.050
1574114028480,2019-11-18T16:53:48.480,1.950,0.813,-0.583,-0.052
1574114028490,2019-11-18T16:53:48.490,1.960,0.810,-0.582,-0.056
1574114028500,2019-11-18T16:53:48.500,1.970,0.813,-0.583,-0.052
1574114028510,2019-11-18T16:53:48.510,1.980,0.816,-0.579,-0.054
1574114028520,2019-11-18T16:53:48.520,1.990,0.819,-0.582,-0.054
1574114028530,2019-11-18T16:53:48.530,2.000,0.824,-0.583,-0.054
1574114028540,2019-11-18T16:53:48.540,2.010,0.824,-0.584,-0.055
1574114028550,2019-11-18T16:53:48.550,2.020,0.822,-0.584,-0.055
1574114028560,2019-11-18T16:53:48.560,2.030,0.821,-0.594,-0.060
1574114028570,2019-11-18T16:53:48.570,2.040,0.823,-0.599,-0.057
1574114028580,2019-11-18T16:53:48.580,2.050,0.826,-0.599,-0.058
1574114028590,2019-11-18T16:53:48.590,2.060,0.826,-0.595,-0.062
1574114028600,2019-11-18T16:53:48.600,2.070,0.823,-0.592,-0.061
1574114028610,2019-11-18T16:53:48.610,2.080,0.827,-0.592,-0.063
1574114028620,2019-11-18T16:53:48.620,2.090,0.826,-0.591,-0.062
1574114028630,2019-11-18T16:53:48.630,2.100,0.827,-0.601,-0.060
1574114028640,2019-11-18T16:53:48.640,2.110,0.825,-0.606,-0.063
1574114028650,2019-11-18T16:53:48.650,2.120,0.824,-0.601,-0.065
1574114028660,2019-11-18T16:53:48.660,2.130,0.817,-0.596,-0.068
1574114028670,2019-11-18T16:53:48.670,2.140,0.813,-0.598,-0.068
1574114028680,2019-11-18T16:53:48.680,2.150,0.811,-0.599,-0.067
1574114028690,2019-11-18T16:53:48.690,2.160,0.808,-0.589,-0.064
1574114028700,2019-11-18T16:53:48.700,2.170,0.808,-0.587,-0.067
1574114028710,2019-11-18T16:53:48.710,2.180,0.813,-0.590,-0.071
1574114028720,2019-11-18T16:53:48.720,2.190,0.814,-0.586,-0.068
1574114028730,2019-11-18T16:53:48.730,2.200,0.815,-0.578,-0.063
1574114028740,2019-11-18T16:53:48.740,2.210,0.815,-0.579,-0.062
1574114028750,2019-11-18T16:53:48.750,2.220,0.815,-0.581,-0.062
1574114028760,2019-11-18T16:53:48.760,2.230,0.814,-0.584,-0.060
1574114028770,2019-11-18T16:53:48.770,2.240,0.815,-0.586,-0.059
1574114028780,2019-11-18T16:53:48.780,2.250,0.812,-0.588,-0.058
1574114028790,2019-11-18T16:53:48.790,2.260,0.814,-0.583,-0.060
1574114028800,2019-11-18T16:53:48.800,2.270,0.820,-0.579,-0.060
1574114028810,2019-11-18T16:53:48.810,2.280,0.823,-0.579,-0.059
1574114028820,2019-11-18T16:53:48.820,2.290,0.827,-0.578,-0.063
1574114028830,2019-11-18T16:53:48.830,2.300,0.830,-0.578,-0.062
1574114028840,2019-11-18T16:53:48.840,2.310,0.829,-0.585,-0.064
1574114028850,2019-11-18T16:53:48.850,2.320,0.827,-0.593,-0.064
1574114028860,2019-11-18T16:53:48.860,2.330,0.822,-0.592,-0.069
1574114028870,2019-11-18T16:53:48.870,2.340,0.816,-0.597,-0.069
1574114028880,2019-11-18T16:53:48.880,2.350,0.813,-0.607,-0.070
1574114028890,2019-11-18T16:53:48.890,2.360,0.810,-0.605,-0.075
1574114028900,2019-11-18T16:53:48.900,2.370,0.806,-0.590,-0.076
1574114028910,2019-11-18T16:53:48.910,2.380,0.808,-0.585,-0.077
1574114028920,2019-11-18T16:53:48.920,2.390,0.809,-0.590,-0.080
1574114028930,2019-11-18T16:53:48.930,2.400,0.807,-0.593,-0.079
1574114028940,2019-11-18T16:53:48.940,2.410,0.807,-0.589,-0.080
1574114028950,2019-11-18T16:53:48.950,2.420,0.802,-0.579,-0.083
1574114028960,2019-11-18T16:53:48.960,2.430,0.801,-0.582,-0.083
1574114028970,2019-11-18T16:53:48.970,2.440,0.803,-0.590,-0.081
1574114028980,2019-11-18T16:53:48.980,2.450,0.806,-0.596,-0.083
1574114028990,2019-11-18T16:53:48.990,2.460,0.809,-0.597,-0.081
1574114029000,2019-11-18T16:53:49.000,2.470,0.808,-0.594,-0.081
1574114029010,2019-11-18T16:53:49.010,2.480,0.808,-0.592,-0.081
1574114029020,2019-11-18T16:53:49.020,2.490,0.805,-0.587,-0.079
1574114029030,2019-11-18T16:53:49.030,2.500,0.806,-0.577,-0.081
1574114029040,2019-11-18T16:53:49.040,2.510,0.806,-0.582,-0.084
1574114029050,2019-11-18T16:53:49.050,2.520,0.808,-0.588,-0.087
1574114029060,2019-11-18T16:53:49.060,2.530,0.809,-0.592,-0.091
1574114029070,2019-11-18T16:53:49.070,2.540,0.810,-0.599,-0.090
1574114029080,2019-11-18T16:53:49.080,2.550,0.811,-0.602,-0.092
1574114029090,2019-11-18T16:53:49.090,2.560,0.809,-0.598,-0.094
1574114029100,2019-11-18T16:53:49.100,2.570,0.807,-0.592,-0.094
1574114029110,2019-11-18T16:53:49.110,2.580,0.806,-0.592,-0.097
1574114029120,2019-11-18T16:53:49.120,2.590,0.805,-0.593,-0.100
1574114029130,2019-11-18T16:53:49.130,2.600,0.808,-0.587,-0.103
1574114029140,2019-11-18T16:53:49.140,2.610,0.809,-0.588,-0.106
1574114029150,2019-11-18T16:53:49.150,2.620,0.805,-0.591,-0.111
1574114029160,2019-11-18T16:53:49.160,2.630,0.804,-0.591,-0.116
1574114029170,2019-11-18T16:53:49.170,2.640,0.807,-0.586,-0.115
1574114029180,2019-11-18T16:53:49.180,2.650,0.807,-0.588,-0.116
1574114029190,2019-11-18T16:53:49.190,2.660,0.811,-0.591,-0.115
1574114029200,2019-11-18T16:53:49.200,2.670,0.812,-0.600,-0.116
1574114029210,2019-11-18T16:53:49.210,2.680,0.809,-0.605,-0.116
1574114029220,2019-11-18T16:53:49.220,2.690,0.808,-0.608,-0.117
1574114029230,2019-11-18T16:53:49.230,2.700,0.807,-0.598,-0.112
1574114029240,2019-11-18T16:53:49.240,2.710,0.809,-0.580,-0.117
1574114029250,2019-11-18T16:53:49.250,2.720,0.812,-0.570,-0.118
1574114029260,2019-11-18T16:53:49.260,2.730,0.821,-0.578,-0.118
1574114029270,2019-11-18T16:53:49.270,2.740,0.827,-0.585,-0.121
1574114029280,2019-11-18T16:53:49.280,2.750,0.822,-0.582,-0.121
1574114029290,2019-11-18T16:53:49.290,2.760,0.823,-0.585,-0.120
1574114029300,2019-11-18T16:53:49.300,2.770,0.825,-0.595,-0.123
1574114029310,2019-11-18T16:53:49.310,2.780,0.824,-0.600,-0.120
1574114029320,2019-11-18T16:53:49.320,2.790,0.820,-0.597,-0.119
1574114029330,2019-11-18T16:53:49.330,2.800,0.820,-0.593,-0.121
1574114029340,2019-11-18T16:53:49.340,2.810,0.823,-0.589,-0.118
1574114029350,2019-11-18T16:53:49.350,2.820,0.823,-0.587,-0.120
1574114029360,2019-11-18T16:53:49.360,2.830,0.823,-0.583,-0.118
1574114029370,2019-11-18T16:53:49.370,2.840,0.821,-0.579,-0.117
1574114029380,2019-11-18T16:53:49.380,2.850,0.817,-0.579,-0.118
1574114029390,2019-11-18T16:53:49.390,2.860,0.818,-0.586,-0.119
1574114029400,2019-11-18T16:53:49.400,2.870,0.820,-0.590,-0.118
1574114029410,2019-11-18T16:53:49.410,2.880,0.822,-0.588,-0.119
1574114029420,2019-11-18T16:53:49.420,2.890,0.818,-0.588,-0.121
1574114029430,2019-11-18T16:53:49.430,2.900,0.822,-0.591,-0.118
1574114029440,2019-11-18T16:53:49.440,2.910,0.822,-0.587,-0.124
1574114029450,2019-11-18T16:53:49.450,2.920,0.819,-0.582,-0.121
1574114029460,2019-11-18T16:53:49.460,2.930,0.824,-0.578,-0.120
1574114029470,2019-11-18T16:53:49.470,2.940,0.824,-0.577,-0.117
1574114029480,2019-11-18T16:53:49.480,2.950,0.826,-0.580,-0.114
1574114029490,2019-11-18T16:53:49.490,2.960,0.828,-0.586,-0.114
1574114029500,2019-11-18T16:53:49.500,2.970,0.829,-0.593,-0.114
1574114029510,2019-11-18T16:53:49.510,2.980,0.830,-0.594,-0.114
1574114029520,2019-11-18T16:53:49.520,2.990,0.824,-0.591,-0.114
1574114029530,2019-11-18T16:53:49.530,3.000,0.821,-0.584,-0.112
1574114029540,2019-11-18T16:53:49.540,3.010,0.820,-0.585,-0.112
1574114029550,2019-11-18T16:53:49.550,3.020,0.818,-0.579,-0.111
1574114029560,2019-11-18T16:53:49.560,3.030,0.815,-0.575,-0.110
1574114029570,2019-11-18T16:53:49.570,3.040,0.817,-0.577,-0.110
1574114029580,2019-11-18T16:53:49.580,3.050,0.822,-0.575,-0.108
1574114029590,2019-11-18T16:53:49.590,3.060,0.822,-0.576,-0.107
1574114029600,2019-11-18T16:53:49.600,3.070,0.819,-0.576,-0.109
1574114029610,2019-11-18T16:53:49.610,3.080,0.814,-0.582,-0.110
1574114029620,2019-11-18T16:53:49.620,3.090,0.815,-0.591,-0.112
1574114029630,2019-11-18T16:53:49.630,3.100,0.814,-0.597,-0.113
1574114029640,2019-11-18T16:53:49.640,3.110,0.811,-0.593,-0.115
1574114029650,2019-11-18T16:53:49.650,3.120,0.808,-0.583,-0.114
1574114029660,2019-11-18T16:53:49.660,3.130,0.807,-0.579,-0.116
1574114029670,2019-11-18T16:53:49.670,3.140,0.804,-0.581,-0.118
1574114029680,2019-11-18T16:53:49.680,3.150,0.804,-0.579,-0.117
1574114029690,2019-11-18T16:53:49.690,3.160,0.802,-0.578,-0.113
1574114029700,2019-11-18T16:53:49.700,3.170,0.802,-0.579,-0.113
1574114029710,2019-11-18T16:53:49.710,3.180,0.804,-0.584,-0.111
1574114029720,2019-11-18T16:53:49.720,3.190,0.807,-0.593,-0.110
1574114029730,2019-11-18T16:53:49.730,3.200,0.805,-0.600,-0.110
1574114029740,2019-11-18T16:53:49.740,3.210,0.804,-0.597,-0.109
1574114029750,2019-11-18T16:53:49.750,3.220,0.799,-0.593,-0.109
1574114029760,2019-11-18T16:53:49.760,3.230,0.793,-0.595,-0.110
1574114029770,2019-11-18T16:53:49.770,3.240,0.795,-0.589,-0.114
1574114029780,2019-11-18T16:53:49.780,3.250,0.791,-0.580,-0.114
1574114029790,2019-11-18T16:53:49.790,3.260,0.787,-0.577,-0.119
1574114029800,2019-11-18T16:53:49.800,3.270,0.790,-0.581,-0.122
1574114029810,2019-11-18T16:53:49.810,3.280,0.792,-0.588,-0.124
1574114029820,2019-11-18T16:53:49.820,3.290,0.793,-0.587,-0.123
1574114029830,2019-11-18T16:53:49.830,3.300,0.792,-0.584,-0.125
1574114029840,2019-11-18T16:53:49.840,3.310,0.791,-0.585,-0.126
1574114029850,2019-11-18T16:53:49.850,3.320,0.787,-0.590,-0.126
1574114029860,2019-11-18T16:53:49.860,3.330,0.786,-0.592,-0.131
1574114029870,2019-11-18T16:53:49.870,3.340,0.787,-0.590,-0.130
1574114029880,2019-11-18T16:53:49.880,3.350,0.785,-0.591,-0.128
1574114029890,2019-11-18T16:53:49.890,3.360,0.788,-0.589,-0.127
1574114029900,2019-11-18T16:53:49.900,3.370,0.790,-0.586,-0.125
1574114029910,2019-11-18T16:53:49.910,3.380,0.801,-0.584,-0.122
1574114029920,2019-11-18T16:53:49.920,3.390,0.801,-0.587,-0.120
1574114029930,2019-11-18T16:53:49.930,3.400,0.805,-0.588,-0.118
1574114029940,2019-11-18T16:53:49.940,3.410,0.808,-0.590,-0.119
1574114029950,2019-11-18T16:53:49.950,3.420,0.809,-0.586,-0.116
1574114029960,2019-11-18T16:53:49.960,3.430,0.812,-0.579,-0.112
1574114029970,2019-11-18T16:53:49.970,3.440,0.813,-0.575,-0.110
1574114029980,2019-11-18T16:53:49.980,3.450,0.816,-0.568,-0.109
1574114029990,2019-11-18T16:53:49.990,3.460,0.820,-0.562,-0.108
1574114030000,2019-11-18T16:53:50.000,3.470,0.830,-0.568,-0.104
1574114030010,2019-11-18T16:53:50.010,3.480,0.836,-0.575,-0.104
1574114030020,2019-11-18T16:53:50.020,3.490,0.839,-0.578,-0.104
1574114030030,2019-11-18T16:53:50.030,3.500,0.843,-0.576,-0.104
1574114030040,2019-11-18T16:53:50.040,3.510,0.846,-0.577,-0.098
1574114030050,2019-11-18T16:53:50.050,3.520,0.847,-0.572,-0.096
1574114030060,2019-11-18T16:53:50.060,3.530,0.844,-0.570,-0.097
1574114030070,2019-11-18T16:53:50.070,3.540,0.847,-0.564,-0.094
1574114030080,2019-11-18T16:53:50.080,3.550,0.849,-0.554,-0.092
1574114030090,2019-11-18T16:53:50.090,3.560,0.848,-0.549,-0.094
1574114030100,2019-11-18T16:53:50.100,3.570,0.845,-0.550,-0.094
1574114030110,2019-11-18T16:53:50.110,3.580,0.848,-0.551,-0.094
1574114030120,2019-11-18T16:53:50.120,3.590,0.847,-0.552,-0.098
1574114030130,2019-11-18T16:53:50.130,3.600,0.844,-0.556,-0.100
1574114030140,2019-11-18T16:53:50.140,3.610,0.841,-0.556,-0.103
1574114030150,2019-11-18T16:53:50.150,3.620,0.841,-0.557,-0.098
1574114030160,2019-11-18T16:53:50.160,3.630,0.841,-0.561,-0.103
1574114030170,2019-11-18T16:53:50.170,3.640,0.841,-0.564,-0.106
1574114030180,2019-11-18T16:53:50.180,3.650,0.841,-0.568,-0.106
1574114030190,2019-11-18T16:53:50.190,3.660,0.839,-0.568,-0.105
1574114030200,2019-11-18T16:53:50.200,3.670,0.833,-0.570,-0.107
1574114030210,2019-11-18T16:53:50.210,3.680,0.833,-0.573,-0.110
1574114030220,2019-11-18T16:53:50.220,3.690,0.828,-0.579,-0.111
1574114030230,2019-11-18T16:53:50.230,3.700,0.823,-0.585,-0.118
1574114030240,2019-11-18T16:53:50.240,3.710,0.818,-0.580,-0.115
1574114030250,2019-11-18T16:53:50.250,3.720,0.816,-0.578,-0.116
1574114030260,2019-11-18T16:53:50.260,3.730,0.817,-0.579,-0.115
1574114030270,2019-11-18T16:53:50.270,3.740,0.818,-0.580,-0.115
1574114030280,2019-11-18T16:53:50.280,3.750,0.816,-0.579,-0.113
1574114030290,2019-11-18T16:53:50.290,3.760,0.814,-0.571,-0.112
1574114030300,2019-11-18T16:53:50.300,3.770,0.813,-0.572,-0.110
1574114030310,2019-11-18T16:53:50.310,3.780,0.811,-0.569,-0.113
1574114030320,2019-11-18T16:53:50.320,3.790,0.811,-0.554,-0.111
1574114030330,2019-11-18T16:53:50.330,3.800,0.812,-0.561,-0.107
1574114030340,2019-11-18T16:53:50.340,3.810,0.820,-0.579,-0.112
1574114030350,2019-11-18T16:53:50.350,3.820,0.818,-0.583,-0.113
1574114030360,2019-11-18T16:53:50.360,3.830,0.816,-0.577,-0.110
1574114030370,2019-11-18T16:53:50.370,3.840,0.819,-0.573,-0.109
1574114030380,2019-11-18T16:53:50.380,3.850,0.820,-0.578,-0.111
1574114030390,2019-11-18T16:53:50.390,3.860,0.822,-0.575,-0.108
1574114030400,2019-11-18T16:53:50.400,3.870,0.825,-0.564,-0.108
1574114030410,2019-11-18T16:53:50.410,3.880,0.825,-0.557,-0.110
1574114030420,2019-11-18T16:53:50.420,3.890,0.827,-0.566,-0.110
1574114030430,2019-11-18T16:53:50.430,3.900,0.833,-0.579,-0.113
1574114030440,2019-11-18T16:53:50.440,3.910,0.831,-0.584,-0.113
1574114030450,2019-11-18T16:53:50.450,3.920,0.826,-0.581,-0.111
1574114030460,2019-11-18T16:53:50.460,3.930,0.822,-0.579,-0.115
1574114030470,2019-11-18T16:53:50.470,3.940,0.820,-0.579,-0.114
1574114030480,2019-11-18T16:53:50.480,3.950,0.819,-0.575,-0.112
1574114030490,2019-11-18T16:53:50.490,3.960,0.818,-0.565,-0.112
1574114030500,2019-11-18T16:53:50.500,3.970,0.813,-0.557,-0.115
1574114030510,2019-11-18T16:53:50.510,3.980,0.818,-0.553,-0.115
1574114030520,2019-11-18T16:53:50.520,3.990,0.822,-0.552,-0.115
1574114030530,2019-11-18T16:53:50.530,4.000,0.822,-0.553,-0.112
1574114030540,2019-11-18T16:53:50.540,4.010,0.823,-0.561,-0.108
1574114030550,2019-11-18T16:53:50.550,4.020,0.828,-0.568,-0.107
1574114030560,2019-11-18T16:53:50.560,4.030,0.830,-0.572,-0.108
1574114030570,2019-11-18T16:53:50.570,4.040,0.831,-0.572,-0.107
1574114030580,2019-11-18T16:53:50.580,4.050,0.831,-0.570,-0.107
1574114030590,2019-11-18T16:53:50.590,4.060,0.829,-0.561,-0.111
1574114030600,2019-11-18T16:53:50.600,4.070,0.831,-0.552,-0.111
1574114030610,2019-11-18T16:53:50.610,4.080,0.830,-0.550,-0.111
1574114030620,2019-11-18T16:53:50.620,4.090,0.833,-0.556,-0.109
1574114030630,2019-11-18T16:53:50.630,4.100,0.831,-0.560,-0.110
1574114030640,2019-11-18T16:53:50.640,4.110,0.829,-0.558,-0.111
1574114030650,2019-11-18T16:53:50.650,4.120,0.829,-0.556,-0.108
1574114030660,2019-11-18T16:53:50.660,4.130,0.830,-0.554,-0.111
1574114030670,2019-11-18T16:53:50.670,4.140,0.829,-0.554,-0.112
1574114030680,2019-11-18T16:53:50.680,4.150,0.831,-0.554,-0.111
1574114030690,2019-11-18T16:53:50.690,4.160,0.829,-0.554,-0.112
1574114030700,2019-11-18T16:53:50.700,4.170,0.832,-0.557,-0.114
1574114030710,2019-11-18T16:53:50.710,4.180,0.836,-0.560,-0.112
1574114030720,2019-11-18T16:53:50.720,4.190,0.839,-0.562,-0.110
1574114030730,2019-11-18T16:53:50.730,4.200,0.839,-0.565,-0.113
1574114030740,2019-11-18T16:53:50.740,4.210,0.839,-0.566,-0.110
1574114030750,2019-11-18T16:53:50.750,4.220,0.840,-0.565,-0.112
1574114030760,2019-11-18T16:53:50.760,4.230,0.838,-0.563,-0.114
1574114030770,2019-11-18T16:53:50.770,4.240,0.837,-0.560,-0.114
1574114030780,2019-11-18T16:53:50.780,4.250,0.833,-0.556,-0.116
1574114030790,2019-11-18T16:53:50.790,4.260,0.830,-0.549,-0.116
1574114030800,2019-11-18T16:53:50.800,4.270,0.832,-0.553,-0.117
1574114030810,2019-11-18T16:53:50.810,4.280,0.832,-0.564,-0.116
1574114030820,2019-11-18T16:53:50.820,4.290,0.832,-0.575,-0.117
1574114030830,2019-11-18T16:53:50.830,4.300,0.826,-0.571,-0.119
1574114030840,2019-11-18T16:53:50.840,4.310,0.823,-0.564,-0.118
1574114030850,2019-11-18T16:53:50.850,4.320,0.819,-0.566,-0.120
1574114030860,2019-11-18T16:53:50.860,4.330,0.818,-0.563,-0.117
1574114030870,2019-11-18T16:53:50.870,4.340,0.820,-0.559,-0.117
1574114030880,2019-11-18T16:53:50.880,4.350,0.821,-0.562,-0.121
1574114030890,2019-11-18T16:53:50.890,4.360,0.820,-0.562,-0.118
1574114030900,2019-11-18T16:53:50.900,4.370,0.820,-0.559,-0.112
1574114030910,2019-11-18T16:53:50.910,4.380,0.821,-0.558,-0.112
1574114030920,2019-11-18T16:53:50.920,4.390,0.825,-0.559,-0.111
1574114030930,2019-11-18T16:53:50.930,4.400,0.823,-0.557,-0.110
1574114030940,2019-11-18T16:53:50.940,4.410,0.825,-0.553,-0.110
1574114030950,2019-11-18T16:53:50.950,4.420,0.824,-0.554,-0.113
1574114030960,2019-11-18T16:53:50.960,4.430,0.821,-0.553,-0.114
1574114030970,2019-11-18T16:53:50.970,4.440,0.821,-0.554,-0.116
1574114030980,2019-11-18T16:53:50.980,4.450,0.819,-0.552,-0.115
1574114030990,2019-11-18T16:53:50.990,4.460,0.818,-0.556,-0.111
1574114031000,2019-11-18T16:53:51.000,4.470,0.821,-0.552,-0.111
1574114031010,2019-11-18T16:53:51.010,4.480,0.822,-0.548,-0.112
1574114031020,2019-11-18T16:53:51.020,4.490,0.826,-0.551,-0.112
1574114031030,2019-11-18T16:53:51.030,4.500,0.827,-0.552,-0.109
1574114031040,2019-11-18T16:53:51.040,4.510,0.824,-0.544,-0.107
1574114031050,2019-11-18T16:53:51.050,4.520,0.824,-0.542,-0.103
1574114031060,2019-11-18T16:53:51.060,4.530,0.823,-0.550,-0.104
1574114031070,2019-11-18T16:53:51.070,4.540,0.826,-0.546,-0.101
1574114031080,2019-11-18T16:53:51.080,4.550,0.828,-0.534,-0.098
1574114031090,2019-11-18T16:53:51.090,4.560,0.826,-0.527,-0.098
1574114031100,2019-11-18T16:53:51.100,4.570,0.823,-0.515,-0.095
1574114031110,2019-11-18T16:53:51.110,4.580,0.833,-0.509,-0.093
1574114031120,2019-11-18T16:53:51.120,4.590,0.848,-0.521,-0.094
1574114031130,2019-11-18T16:53:51.130,4.600,0.848,-0.526,-0.093
1574114031140,2019-11-18T16:53:51.140,4.610,0.851,-0.529,-0.096
1574114031150,2019-11-18T16:53:51.150,4.620,0.858,-0.541,-0.094
1574114031160,2019-11-18T16:53:51.160,4.630,0.862,-0.553,-0.096
1574114031170,2019-11-18T16:53:51.170,4.640,0.861,-0.551,-0.103
1574114031180,2019-11-18T16:53:51.180,4.650,0.858,-0.544,-0.106
1574114031190,2019-11-18T16:53:51.190,4.660,0.859,-0.549,-0.105
1574114031200,2019-11-18T16:53:51.200,4.670,0.863,-0.552,-0.108
1574114031210,2019-11-18T16:53:51.210,4.680,0.863,-0.548,-0.113
1574114031220,2019-11-18T16:53:51.220,4.690,0.859,-0.541,-0.113
1574114031230,2019-11-18T16:53:51.230,4.700,0.854,-0.525,-0.111
1574114031240,2019-11-18T16:53:51.240,4.710,0.844,-0.506,-0.111
1574114031250,2019-11-18T16:53:51.250,4.720,0.842,-0.496,-0.111
1574114031260,2019-11-18T16:53:51.260,4.730,0.858,-0.501,-0.120
1574114031270,2019-11-18T16:53:51.270,4.740,0.864,-0.502,-0.127
1574114031280,2019-11-18T16:53:51.280,4.750,0.865,-0.498,-0.127
1574114031290,2019-11-18T16:53:51.290,4.760,0.866,-0.512,-0.134
1574114031300,2019-11-18T16:53:51.300,4.770,0.880,-0.542,-0.137
1574114031310,2019-11-18T16:53:51.310,4.780,0.885,-0.554,-0.137
1574114031320,2019-11-18T16:53:51.320,4.790,0.885,-0.563,-0.136
1574114031330,2019-11-18T16:53:51.330,4.800,0.885,-0.567,-0.135
1574114031340,2019-11-18T16:53:51.340,4.810,0.886,-0.575,-0.131
1574114031350,2019-11-18T16:53:51.350,4.820,0.893,-0.578,-0.130
1574114031360,2019-11-18T16:53:51.360,4.830,0.903,-0.583,-0.132
1574114031370,2019-11-18T16:53:51.370,4.840,0.907,-0.578,-0.134
1574114031380,2019-11-18T16:53:51.380,4.850,0.905,-0.563,-0.137
1574114031390,2019-11-18T16:53:51.390,4.860,0.896,-0.541,-0.132
1574114031400,2019-11-18T16:53:51.400,4.870,0.874,-0.529,-0.127
1574114031410,2019-11-18T16:53:51.410,4.880,0.860,-0.524,-0.128
1574114031420,2019-11-18T16:53:51.420,4.890,0.859,-0.514,-0.129
1574114031430,2019-11-18T16:53:51.430,4.900,0.850,-0.499,-0.126
1574114031440,2019-11-18T16:53:51.440,4.910,0.839,-0.495,-0.125
1574114031450,2019-11-18T16:53:51.450,4.920,0.835,-0.503,-0.130
1574114031460,2019-11-18T16:53:51.460,4.930,0.833,-0.506,-0.125
1574114031470,2019-11-18T16:53:51.470,4.940,0.833,-0.499,-0.124
1574114031480,2019-11-18T16:53:51.480,4.950,0.833,-0.489,-0.125
1574114031490,2019-11-18T16:53:51.490,4.960,0.838,-0.494,-0.119
1574114031500,2019-11-18T16:53:51.500,4.970,0.840,-0.503,-0.122
1574114031510,2019-11-18T16:53:51.510,4.980,0.837,-0.500,-0.125
1574114031520,2019-11-18T16:53:51.520,4.990,0.842,-0.488,-0.123
1574114031530,2019-11-18T16:53:51.530,5.000,0.850,-0.490,-0.124
1574114031540,2019-11-18T16:53:51.540,5.010,0.856,-0.498,-0.124
1574114031550,2019-11-18T16:53:51.550,5.020,0.857,-0.507,-0.122
1574114031560,2019-11-18T16:53:51.560,5.030,0.859,-0.507,-0.126
1574114031570,2019-11-18T16:53:51.570,5.040,0.861,-0.508,-0.124
1574114031580,2019-11-18T16:53:51.580,5.050,0.863,-0.513,-0.124
1574114031590,2019-11-18T16:53:51.590,5.060,0.864,-0.518,-0.125
1574114031600,2019-11-18T16:53:51.600,5.070,0.866,-0.517,-0.126
1574114031610,2019-11-18T16:53:51.610,5.080,0.868,-0.512,-0.124
1574114031620,2019-11-18T16:53:51.620,5.090,0.867,-0.517,-0.126
1574114031630,2019-11-18T16:53:51.630,5.100,0.871,-0.519,-0.127
1574114031640,2019-11-18T16:53:51.640,5.110,0.873,-0.510,-0.124
1574114031650,2019-11-18T16:53:51.650,5.120,0.872,-0.506,-0.124
1574114031660,2019-11-18T16:53:51.660,5.130,0.875,-0.504,-0.124
1574114031670,2019-11-18T16:53:51.670,5.140,0.876,-0.505,-0.120
1574114031680,2019-11-18T16:53:51.680,5.150,0.879,-0.513,-0.121
1574114031690,2019-11-18T16:53:51.690,5.160,0.885,-0.523,-0.123
1574114031700,2019-11-18T16:53:51.700,5.170,0.888,-0.530,-0.123
1574114031710,2019-11-18T16:53:51.710,5.180,0.882,-0.533,-0.120
1574114031720,2019-11-18T16:53:51.720,5.190,0.876,-0.529,-0.120
1574114031730,2019-11-18T16:53:51.730,5.200,0.877,-0.523,-0.120
1574114031740,2019-11-18T16:53:51.740,5.210,0.877,-0.523,-0.117
1574114031750,2019-11-18T16:53:51.750,5.220,0.877,-0.524,-0.116
1574114031760,2019-11-18T16:53:51.760,5.230,0.877,-0.523,-0.116
1574114031770,2019-11-18T16:53:51.770,5.240,0.875,-0.531,-0.117
1574114031780,2019-11-18T16:53:51.780,5.250,0.876,-0.540,-0.114
1574114031790,2019-11-18T16:53:51.790,5.260,0.877,-0.546,-0.113
1574114031800,2019-11-18T16:53:51.800,5.270,0.876,-0.548,-0.113
1574114031810,2019-11-18T16:53:51.810,5.280,0.870,-0.548,-0.111
1574114031820,2019-11-18T16:53:51.820,5.290,0.857,-0.543,-0.109
1574114031830,2019-11-18T16:53:51.830,5.300,0.850,-0.538,-0.111
1574114031840,2019-11-18T16:53:51.840,5.310,0.853,-0.537,-0.111
1574114031850,2019-11-18T16:53:51.850,5.320,0.855,-0.545,-0.109
1574114031860,2019-11-18T16:53:51.860,5.330,0.862,-0.554,-0.114
1574114031870,2019-11-18T16:53:51.870,5.340,0.863,-0.561,-0.114
1574114031880,2019-11-18T16:53:51.880,5.350,0.857,-0.565,-0.113
1574114031890,2019-11-18T16:53:51.890,5.360,0.855,-0.570,-0.115
1574114031900,2019-11-18T16:53:51.900,5.370,0.847,-0.577,-0.116
1574114031910,2019-11-18T16:53:51.910,5.380,0.838,-0.577,-0.116
1574114031920,2019-11-18T16:53:51.920,5.390,0.837,-0.572,-0.111
1574114031930,2019-11-18T16:53:51.930,5.400,0.834,-0.575,-0.112
1574114031940,2019-11-18T16:53:51.940,5.410,0.833,-0.579,-0.111
1574114031950,2019-11-18T16:53:51.950,5.420,0.835,-0.592,-0.105
1574114031960,2019-11-18T16:53:51.960,5.430,0.830,-0.600,-0.104
1574114031970,2019-11-18T16:53:51.970,5.440,0.815,-0.596,-0.102
1574114031980,2019-11-18T16:53:51.980,5.450,0.801,-0.586,-0.101
1574114031990,2019-11-18T16:53:51.990,5.460,0.797,-0.578,-0.097
1574114032000,2019-11-18T16:53:52.000,5.470,0.796,-0.569,-0.096
1574114032010,2019-11-18T16:53:52.010,5.480,0.796,-0.564,-0.093
1574114032020,2019-11-18T16:53:52.020,5.490,0.794,-0.573,-0.092
1574114032030,2019-11-18T16:53:52.030,5.500,0.794,-0.590,-0.097
1574114032040,2019-11-18T16:53:52.040,5.510,0.792,-0.589,-0.097
1574114032050,2019-11-18T16:53:52.050,5.520,0.786,-0.580,-0.095
1574114032060,2019-11-18T16:53:52.060,5.530,0.782,-0.584,-0.095
1574114032070,2019-11-18T16:53:52.070,5.540,0.783,-0.599,-0.094
1574114032080,2019-11-18T16:53:52.080,5.550,0.786,-0.607,-0.094
1574114032090,2019-11-18T16:53:52.090,5.560,0.781,-0.609,-0.093
1574114032100,2019-11-18T16:53:52.100,5.570,0.776,-0.612,-0.095
1574114032110,2019-11-18T16:53:52.110,5.580,0.775,-0.616,-0.092
1574114032120,2019-11-18T16:53:52.120,5.590,0.775,-0.615,-0.094
1574114032130,2019-11-18T16:53:52.130,5.600,0.773,-0.613,-0.093
1574114032140,2019-11-18T16:53:52.140,5.610,0.771,-0.611,-0.094
1574114032150,2019-11-18T16:53:52.150,5.620,0.771,-0.608,-0.091
1574114032160,2019-11-18T16:53:52.160,5.630,0.767,-0.609,-0.091
1574114032170,2019-11-18T16:53:52.170,5.640,0.769,-0.612,-0.089
1574114032180,2019-11-18T16:53:52.180,5.650,0.769,-0.613,-0.092
1574114032190,2019-11-18T16:53:52.190,5.660,0.764,-0.620,-0.096
1574114032200,2019-11-18T16:53:52.200,5.670,0.766,-0.621,-0.099
1574114032210,2019-11-18T16:53:52.210,5.680,0.764,-0.619,-0.097
1574114032220,2019-11-18T16:53:52.220,5.690,0.764,-0.622,-0.101
1574114032230,2019-11-18T16:53:52.230,5.700,0.769,-0.630,-0.103
1574114032240,2019-11-18T16:53:52.240,5.710,0.765,-0.637,-0.106
1574114032250,2019-11-18T16:53:52.250,5.720,0.761,-0.636,-0.109
1574114032260,2019-11-18T16:53:52.260,5.730,0.753,-0.632,-0.114
1574114032270,2019-11-18T16:53:52.270,5.740,0.751,-0.631,-0.116
1574114032280,2019-11-18T16:53:52.280,5.750,0.752,-0.635,-0.120
1574114032290,2019-11-18T16:53:52.290,5.760,0.749,-0.638,-0.121
1574114032300,2019-11-18T16:53:52.300,5.770,0.749,-0.638,-0.123
1574114032310,2019-11-18T16:53:52.310,5.780,0.749,-0.639,-0.122
1574114032320,2019-11-18T16:53:52.320,5.790,0.747,-0.642,-0.124
1574114032330,2019-11-18T16:53:52.330,5.800,0.747,-0.639,-0.125
1574114032340,2019-11-18T16:53:52.340,5.810,0.749,-0.638,-0.129
1574114032350,2019-11-18T16:53:52.350,5.820,0.747,-0.640,-0.128
1574114032360,2019-11-18T16:53:52.360,5.830,0.747,-0.643,-0.132
1574114032370,2019-11-18T16:53:52.370,5.840,0.744,-0.638,-0.131
1574114032380,2019-11-18T16:53:52.380,5.850,0.744,-0.636,-0.129
1574114032390,2019-11-18T16:53:52.390,5.860,0.746,-0.634,-0.133
1574114032400,2019-11-18T16:53:52.400,5.870,0.750,-0.639,-0.129
1574114032410,2019-11-18T16:53:52.410,5.880,0.753,-0.641,-0.129
1574114032420,2019-11-18T16:53:52.420,5.890,0.752,-0.634,-0.131
1574114032430,2019-11-18T16:53:52.430,5.900,0.749,-0.629,-0.131
1574114032440,2019-11-18T16:53:52.440,5.910,0.750,-0.632,-0.129
1574114032450,2019-11-18T16:53:52.450,5.920,0.755,-0.634,-0.133
1574114032460,2019-11-18T16:53:52.460,5.930,0.762,-0.630,-0.134
1574114032470,2019-11-18T16:53:52.470,5.940,0.762,-0.636,-0.132
1574114032480,2019-11-18T16:53:52.480,5.950,0.765,-0.640,-0.135
1574114032490,2019-11-18T16:53:52.490,5.960,0.768,-0.638,-0.133
1574114032500,2019-11-18T16:53:52.500,5.970,0.768,-0.639,-0.135
1574114032510,2019-11-18T16:53:52.510,5.980,0.767,-0.645,-0.133
1574114032520,2019-11-18T16:53:52.520,5.990,0.769,-0.654,-0.128
1574114032530,2019-11-18T16:53:52.530,6.000,0.768,-0.652,-0.135
1574114032540,2019-11-18T16:53:52.540,6.010,0.768,-0.643,-0.137
1574114032550,2019-11-18T16:53:52.550,6.020,0.773,-0.641,-0.141
1574114032560,2019-11-18T16:53:52.560,6.030,0.781,-0.644,-0.146
1574114032570,2019-11-18T16:53:52.570,6.040,0.777,-0.645,-0.147
1574114032580,2019-11-18T16:53:52.580,6.050,0.772,-0.643,-0.149
1574114032590,2019-11-18T16:53:52.590,6.060,0.775,-0.645,-0.151
1574114032600,2019-11-18T16:53:52.600,6.070,0.779,-0.646,-0.147
1574114032610,2019-11-18T16:53:52.610,6.080,0.771,-0.642,-0.149
1574114032620,2019-11-18T16:53:52.620,6.090,0.751,-0.656,-0.170
1574114032630,2019-11-18T16:53:52.630,6.100,0.726,-0.714,-0.214
1574114032640,2019-11-18T16:53:52.640,6.110,0.717,-0.770,-0.254
1574114032650,2019-11-18T16:53:52.650,6.120,0.688,-0.774,-0.279
1574114032660,2019-11-18T16:53:52.660,6.130,0.662,-0.752,-0.303
1574114032670,2019-11-18T16:53:52.670,6.140,0.658,-0.731,-0.331
1574114032680,2019-11-18T16:53:52.680,6.150,0.647,-0.757,-0.354
1574114032690,2019-11-18T16:53:52.690,6.160,0.632,-0.794,-0.388
1574114032700,2019-11-18T16:53:52.700,6.170,0.632,-0.842,-0.445
1574114032710,2019-11-18T16:53:52.710,6.180,0.606,-0.917,-0.489
1574114032720,2019-11-18T16:53:52.720,6.190,0.602,-0.957,-0.515
1574114032730,2019-11-18T16:53:52.730,6.200,0.631,-0.907,-0.517
1574114032740,2019-11-18T16:53:52.740,6.210,0.640,-0.836,-0.485
1574114032750,2019-11-18T16:53:52.750,6.220,0.666,-0.790,-0.466
1574114032760,2019-11-18T16:53:52.760,6.230,0.702,-0.756,-0.446
1574114032770,2019-11-18T16:53:52.770,6.240,0.724,-0.727,-0.420
1574114032780,2019-11-18T16:53:52.780,6.250,0.728,-0.740,-0.391
1574114032790,2019-11-18T16:53:52.790,6.260,0.730,-0.767,-0.388
1574114032800,2019-11-18T16:53:52.800,6.270,0.749,-0.795,-0.378
1574114032810,2019-11-18T16:53:52.810,6.280,0.750,-0.716,-0.336
1574114032820,2019-11-18T16:53:52.820,6.290,0.737,-0.654,-0.313
1574114032830,2019-11-18T16:53:52.830,6.300,0.720,-0.670,-0.276
1574114032840,2019-11-18T16:53:52.840,6.310,0.702,-0.666,-0.266
1574114032850,2019-11-18T16:53:52.850,6.320,0.702,-0.711,-0.271
1574114032860,2019-11-18T16:53:52.860,6.330,0.686,-0.732,-0.250
1574114032870,2019-11-18T16:53:52.870,6.340,0.671,-0.708,-0.244
1574114032880,2019-11-18T16:53:52.880,6.350,0.664,-0.695,-0.219
1574114032890,2019-11-18T16:53:52.890,6.360,0.661,-0.681,-0.195
1574114032900,2019-11-18T16:53:52.900,6.370,0.630,-0.670,-0.184
1574114032910,2019-11-18T16:53:52.910,6.380,0.615,-0.699,-0.164
1574114032920,2019-11-18T16:53:52.920,6.390,0.605,-0.755,-0.176
1574114032930,2019-11-18T16:53:52.930,6.400,0.589,-0.753,-0.167
1574114032940,2019-11-18T16:53:52.940,6.410,0.559,-0.781,-0.170
1574114032950,2019-11-18T16:53:52.950,6.420,0.543,-0.797,-0.174
1574114032960,2019-11-18T16:53:52.960,6.430,0.544,-0.776,-0.156
1574114032970,2019-11-18T16:53:52.970,6.440,0.514,-0.772,-0.148
1574114032980,2019-11-18T16:53:52.980,6.450,0.499,-0.782,-0.145
1574114032990,2019-11-18T16:53:52.990,6.460,0.491,-0.789,-0.143
1574114033000,2019-11-18T16:53:53.000,6.470,0.465,-0.816,-0.161
1574114033010,2019-11-18T16:53:53.010,6.480,0.442,-0.849,-0.182
1574114033020,2019-11-18T16:53:53.020,6.490,0.441,-0.874,-0.189
1574114033030,2019-11-18T16:53:53.030,6.500,0.437,-0.864,-0.188
1574114033040,2019-11-18T16:53:53.040,6.510,0.428,-0.836,-0.177
1574114033050,2019-11-18T16:53:53.050,6.520,0.424,-0.840,-0.164
1574114033060,2019-11-18T16:53:53.060,6.530,0.413,-0.832,-0.154
1574114033070,2019-11-18T16:53:53.070,6.540,0.399,-0.846,-0.154
1574114033080,2019-11-18T16:53:53.080,6.550,0.401,-0.889,-0.162
1574114033090,2019-11-18T16:53:53.090,6.560,0.394,-0.887,-0.154
1574114033100,2019-11-18T16:53:53.100,6.570,0.395,-0.882,-0.152
1574114033110,2019-11-18T16:53:53.110,6.580,0.392,-0.876,-0.141
1574114033120,2019-11-18T16:53:53.120,6.590,0.368,-0.851,-0.132
1574114033130,2019-11-18T16:53:53.130,6.600,0.370,-0.858,-0.133
1574114033140,2019-11-18T16:53:53.140,6.610,0.373,-0.890,-0.140
1574114033150,2019-11-18T16:53:53.150,6.620,0.360,-0.883,-0.146
1574114033160,2019-11-18T16:53:53.160,6.630,0.352,-0.870,-0.145
1574114033170,2019-11-18T16:53:53.170,6.640,0.362,-0.894,-0.149
1574114033180,2019-11-18T16:53:53.180,6.650,0.354,-0.912,-0.145
1574114033190,2019-11-18T16:53:53.190,6.660,0.339,-0.888,-0.139
1574114033200,2019-11-18T16:53:53.200,6.670,0.344,-0.881,-0.132
1574114033210,2019-11-18T16:53:53.210,6.680,0.360,-0.890,-0.123
1574114033220,2019-11-18T16:53:53.220,6.690,0.366,-0.885,-0.109
1574114033230,2019-11-18T16:53:53.230,6.700,0.362,-0.869,-0.101
1574114033240,2019-11-18T16:53:53.240,6.710,0.348,-0.877,-0.104
1574114033250,2019-11-18T16:53:53.250,6.720,0.350,-0.903,-0.109
1574114033260,2019-11-18T16:53:53.260,6.730,0.358,-0.916,-0.114
1574114033270,2019-11-18T16:53:53.270,6.740,0.352,-0.917,-0.111
1574114033280,2019-11-18T16:53:53.280,6.750,0.357,-0.901,-0.100
1574114033290,2019-11-18T16:53:53.290,6.760,0.357,-0.900,-0.096
1574114033300,2019-11-18T16:53:53.300,6.770,0.358,-0.903,-0.090
1574114033310,2019-11-18T16:53:53.310,6.780,0.350,-0.906,-0.097
1574114033320,2019-11-18T16:53:53.320,6.790,0.340,-0.932,-0.110
1574114033330,2019-11-18T16:53:53.330,6.800,0.348,-0.953,-0.112
1574114033340,2019-11-18T16:53:53.340,6.810,0.358,-0.952,-0.106
1574114033350,2019-11-18T16:53:53.350,6.820,0.359,-0.934,-0.094
1574114033360,2019-11-18T16:53:53.360,6.830,0.357,-0.918,-0.082
1574114033370,2019-11-18T16:53:53.370,6.840,0.354,-0.901,-0.066
1574114033380,2019-11-18T16:53:53.380,6.850,0.359,-0.896,-0.055
1574114033390,2019-11-18T16:53:53.390,6.860,0.367,-0.906,-0.050
1574114033400,2019-11-18T16:53:53.400,6.870,0.371,-0.918,-0.046
1574114033410,2019-11-18T16:53:53.410,6.880,0.373,-0.930,-0.039
1574114033420,2019-11-18T16:53:53.420,6.890,0.376,-0.942,-0.037
1574114033430,2019-11-18T16:53:53.430,6.900,0.383,-0.935,-0.030
1574114033440,2019-11-18T16:53:53.440,6.910,0.383,-0.918,-0.025
1574114033450,2019-11-18T16:53:53.450,6.920,0.378,-0.917,-0.015
1574114033460,2019-11-18T16:53:53.460,6.930,0.375,-0.922,-0.014
1574114033470,2019-11-18T16:53:53.470,6.940,0.373,-0.921,-0.013
1574114033480,2019-11-18T16:53:53.480,6.950,0.374,-0.929,-0.016
1574114033490,2019-11-18T16:53:53.490,6.960,0.386,-0.947,-0.021
1574114033500,2019-11-18T16:53:53.500,6.970,0.384,-0.953,-0.013
1574114033510,2019-11-18T16:53:53.510,6.980,0.375,-0.925,-0.013
1574114033520,2019-11-18T16:53:53.520,6.990,0.369,-0.905,-0.007
1574114033530,2019-11-18T16:53:53.530,7.000,0.374,-0.911,-0.006
1574114033540,2019-11-18T16:53:53.540,7.010,0.372,-0.914,-0.006
1574114033550,2019-11-18T16:53:53.550,7.020,0.365,-0.907,-0.009
1574114033560,2019-11-18T16:53:53.560,7.030,0.357,-0.915,-0.010
1574114033570,2019-11-18T16:53:53.570,7.040,0.359,-0.922,-0.012
1574114033580,2019-11-18T16:53:53.580,7.050,0.362,-0.925,-0.008
1574114033590,2019-11-18T16:53:53.590,7.060,0.363,-0.921,-0.004
1574114033600,2019-11-18T16:53:53.600,7.070,0.366,-0.914,0.003
1574114033610,2019-11-18T16:53:53.610,7.080,0.371,-0.902,0.014
1574114033620,2019-11-18T16:53:53.620,7.090,0.375,-0.896,0.016
1574114033630,2019-11-18T16:53:53.630,7.100,0.370,-0.914,0.019
1574114033640,2019-11-18T16:53:53.640,7.110,0.371,-0.937,0.013
1574114033650,2019-11-18T16:53:53.650,7.120,0.372,-0.945,0.010
1574114033660,2019-11-18T16:53:53.660,7.130,0.378,-0.949,0.017
1574114033670,2019-11-18T16:53:53.670,7.140,0.379,-0.944,0.020
1574114033680,2019-11-18T16:53:53.680,7.150,0.380,-0.932,0.021
1574114033690,2019-11-18T16:53:53.690,7.160,0.380,-0.917,0.022
1574114033700,2019-11-18T16:53:53.700,7.170,0.377,-0.905,0.028
1574114033710,2019-11-18T16:53:53.710,7.180,0.379,-0.904,0.028
1574114033720,2019-11-18T16:53:53.720,7.190,0.381,-0.912,0.026
1574114033730,2019-11-18T16:53:53.730,7.200,0.374,-0.926,0.019
1574114033740,2019-11-18T16:53:53.740,7.210,0.371,-0.937,0.011
1574114033750,2019-11-18T16:53:53.750,7.220,0.373,-0.944,0.006
1574114033760,2019-11-18T16:53:53.760,7.230,0.375,-0.943,0.006
1574114033770,2019-11-18T16:53:53.770,7.240,0.373,-0.941,0.004
1574114033780,2019-11-18T16:53:53.780,7.250,0.370,-0.934,0.004
1574114033790,2019-11-18T16:53:53.790,7.260,0.369,-0.930,0.006
1574114033800,2019-11-18T16:53:53.800,7.270,0.369,-0.929,0.007
1574114033810,2019-11-18T16:53:53.810,7.280,0.369,-0.931,0.007
1574114033820,2019-11-18T16:53:53.820,7.290,0.371,-0.942,0.006
1574114033830,2019-11-18T16:53:53.830,7.300,0.370,-0.950,-0.001
1574114033840,2019-11-18T16:53:53.840,7.310,0.368,-0.949,-0.005
1574114033850,2019-11-18T16:53:53.850,7.320,0.364,-0.944,-0.005
1574114033860,2019-11-18T16:53:53.860,7.330,0.368,-0.946,-0.005
1574114033870,2019-11-18T16:53:53.870,7.340,0.373,-0.945,0.000
1574114033880,2019-11-18T16:53:53.880,7.350,0.373,-0.939,0.006
1574114033890,2019-11-18T16:53:53.890,7.360,0.375,-0.945,0.009
1574114033900,2019-11-18T16:53:53.900,7.370,0.378,-0.954,0.005
1574114033910,2019-11-18T16:53:53.910,7.380,0.375,-0.954,0.004
1574114033920,2019-11-18T16:53:53.920,7.390,0.375,-0.951,0.002
1574114033930,2019-11-18T16:53:53.930,7.400,0.380,-0.946,0.002
1574114033940,2019-11-18T16:53:53.940,7.410,0.384,-0.941,0.010
1574114033950,2019-11-18T16:53:53.950,7.420,0.386,-0.933,0.010
1574114033960,2019-11-18T16:53:53.960,7.430,0.385,-0.924,0.017
1574114033970,2019-11-18T16:53:53.970,7.440,0.385,-0.929,0.021
1574114033980,2019-11-18T16:53:53.980,7.450,0.387,-0.935,0.018
1574114033990,2019-11-18T16:53:53.990,7.460,0.384,-0.937,0.017
1574114034000,2019-11-18T16:53:54.000,7.470,0.384,-0.943,0.018
1574114034010,2019-11-18T16:53:54.010,7.480,0.384,-0.937,0.020
1574114034020,2019-11-18T16:53:54.020,7.490,0.384,-0.934,0.024
1574114034030,2019-11-18T16:53:54.030,7.500,0.384,-0.934,0.023
1574114034040,2019-11-18T16:53:54.040,7.510,0.381,-0.932,0.029
1574114034050,2019-11-18T16:53:54.050,7.520,0.378,-0.927,0.030
1574114034060,2019-11-18T16:53:54.060,7.530,0.375,-0.926,0.027
1574114034070,2019-11-18T16:53:54.070,7.540,0.372,-0.934,0.021
1574114034080,2019-11-18T16:53:54.080,7.550,0.371,-0.942,0.010
1574114034090,2019-11-18T16:53:54.090,7.560,0.368,-0.954,0.002
1574114034100,2019-11-18T16:53:54.100,7.570,0.367,-0.959,0.001
1574114034110,2019-11-18T16:53:54.110,7.580,0.366,-0.948,0.005
1574114034120,2019-11-18T16:53:54.120,7.590,0.368,-0.943,0.008
1574114034130,2019-11-18T16:53:54.130,7.600,0.371,-0.938,0.012
1574114034140,2019-11-18T16:53:54.140,7.610,0.376,-0.930,0.018
1574114034150,2019-11-18T16:53:54.150,7.620,0.385,-0.923,0.022
1574114034160,2019-11-18T16:53:54.160,7.630,0.397,-0.919,0.031
1574114034170,2019-11-18T16:53:54.170,7.640,0.411,-0.915,0.042
1574114034180,2019-11-18T16:53:54.180,7.650,0.426,-0.910,0.052
1574114034190,2019-11-18T16:53:54.190,7.660,0.437,-0.896,0.067
1574114034200,2019-11-18T16:53:54.200,7.670,0.458,-0.889,0.082
1574114034210,2019-11-18T16:53:54.210,7.680,0.483,-0.900,0.086
1574114034220,2019-11-18T16:53:54.220,7.690,0.501,-0.910,0.098
1574114034230,2019-11-18T16:53:54.230,7.700,0.518,-0.913,0.108
1574114034240,2019-11-18T16:53:54.240,7.710,0.528,-0.916,0.118
1574114034250,2019-11-18T16:53:54.250,7.720,0.531,-0.911,0.119
1574114034260,2019-11-18T16:53:54.260,7.730,0.522,-0.913,0.112
1574114034270,2019-11-18T16:53:54.270,7.740,0.505,-0.911,0.106
1574114034280,2019-11-18T16:53:54.280,7.750,0.495,-0.893,0.102
1574114034290,2019-11-18T16:53:54.290,7.760,0.489,-0.887,0.094
1574114034300,2019-11-18T16:53:54.300,7.770,0.475,-0.879,0.083
1574114034310,2019-11-18T16:53:54.310,7.780,0.466,-0.875,0.073
1574114034320,2019-11-18T16:53:54.320,7.790,0.460,-0.888,0.060
1574114034330,2019-11-18T16:53:54.330,7.800,0.448,-0.902,0.042
1574114034340,2019-11-18T16:53:54.340,7.810,0.429,-0.906,0.028
1574114034350,2019-11-18T16:53:54.350,7.820,0.411,-0.910,0.015
1574114034360,2019-11-18T16:53:54.360,7.830,0.395,-0.917,-0.002
1574114034370,2019-11-18T16:53:54.370,7.840,0.369,-0.914,-0.019
1574114034380,2019-11-18T16:53:54.380,7.850,0.350,-0.918,-0.030
1574114034390,2019-11-18T16:53:54.390,7.860,0.344,-0.916,-0.036
1574114034400,2019-11-18T16:53:54.400,7.870,0.342,-0.913,-0.042
1574114034410,2019-11-18T16:53:54.410,7.880,0.341,-0.921,-0.045
1574114034420,2019-11-18T16:53:54.420,7.890,0.336,-0.921,-0.048
1574114034430,2019-11-18T16:53:54.430,7.900,0.337,-0.931,-0.050
1574114034440,2019-11-18T16:53:54.440,7.910,0.332,-0.938,-0.053
1574114034450,2019-11-18T16:53:54.450,7.920,0.314,-0.935,-0.055
1574114034460,2019-11-18T16:53:54.460,7.930,0.303,-0.933,-0.066
1574114034470,2019-11-18T16:53:54.470,7.940,0.303,-0.930,-0.059
1574114034480,2019-11-18T16:53:54.480,7.950,0.307,-0.932,-0.054
1574114034490,2019-11-18T16:53:54.490,7.960,0.318,-0.931,-0.052
1574114034500,2019-11-18T16:53:54.500,7.970,0.319,-0.933,-0.054
1574114034510,2019-11-18T16:53:54.510,7.980,0.314,-0.938,-0.060
1574114034520,2019-11-18T16:53:54.520,7.990,0.313,-0.947,-0.062
1574114034530,2019-11-18T16:53:54.530,8.000,0.317,-0.952,-0.063
1574114034540,2019-11-18T16:53:54.540,8.010,0.316,-0.951,-0.060
1574114034550,2019-11-18T16:53:54.550,8.020,0.317,-0.947,-0.062
1574114034560,2019-11-18T16:53:54.560,8.030,0.322,-0.942,-0.056
1574114034570,2019-11-18T16:53:54.570,8.040,0.327,-0.936,-0.056
1574114034580,2019-11-18T16:53:54.580,8.050,0.335,-0.945,-0.057
1574114034590,2019-11-18T16:53:54.590,8.060,0.347,-0.962,-0.061
1574114034600,2019-11-18T16:53:54.600,8.070,0.347,-0.969,-0.059
1574114034610,2019-11-18T16:53:54.610,8.080,0.342,-0.951,-0.054
1574114034620,2019-11-18T16:53:54.620,8.090,0.342,-0.947,-0.054
1574114034630,2019-11-18T16:53:54.630,8.100,0.346,-0.955,-0.055
1574114034640,2019-11-18T16:53:54.640,8.110,0.351,-0.954,-0.051
1574114034650,2019-11-18T16:53:54.650,8.120,0.348,-0.952,-0.046
1574114034660,2019-11-18T16:53:54.660,8.130,0.349,-0.950,-0.045
1574114034670,2019-11-18T16:53:54.670,8.140,0.353,-0.949,-0.044
1574114034680,2019-11-18T16:53:54.680,8.150,0.359,-0.946,-0.040
1574114034690,2019-11-18T16:53:54.690,8.160,0.356,-0.945,-0.042
1574114034700,2019-11-18T16:53:54.700,8.170,0.354,-0.950,-0.042
1574114034710,2019-11-18T16:53:54.710,8.180,0.353,-0.945,-0.040
1574114034720,2019-11-18T16:53:54.720,8.190,0.349,-0.933,-0.040
1574114034730,2019-11-18T16:53:54.730,8.200,0.348,-0.927,-0.038
1574114034740,2019-11-18T16:53:54.740,8.210,0.355,-0.939,-0.041
1574114034750,2019-11-18T16:53:54.750,8.220,0.353,-0.939,-0.042
1574114034760,2019-11-18T16:53:54.760,8.230,0.350,-0.926,-0.041
1574114034770,2019-11-18T16:53:54.770,8.240,0.356,-0.927,-0.042
1574114034780,2019-11-18T16:53:54.780,8.250,0.354,-0.942,-0.044
1574114034790,2019-11-18T16:53:54.790,8.260,0.353,-0.940,-0.043
1574114034800,2019-11-18T16:53:54.800,8.270,0.357,-0.931,-0.042
1574114034810,2019-11-18T16:53:54.810,8.280,0.363,-0.925,-0.042
1574114034820,2019-11-18T16:53:54.820,8.290,0.358,-0.930,-0.039
1574114034830,2019-11-18T16:53:54.830,8.300,0.368,-0.934,-0.040
1574114034840,2019-11-18T16:53:54.840,8.310,0.376,-0.938,-0.039
1574114034850,2019-11-18T16:53:54.850,8.320,0.384,-0.947,-0.035
1574114034860,2019-11-18T16:53:54.860,8.330,0.388,-0.951,-0.034
1574114034870,2019-11-18T16:53:54.870,8.340,0.376,-0.936,-0.033
1574114034880,2019-11-18T16:53:54.880,8.350,0.376,-0.926,-0.030
1574114034890,2019-11-18T16:53:54.890,8.360,0.384,-0.931,-0.029
1574114034900,2019-11-18T16:53:54.900,8.370,0.393,-0.940,-0.029
1574114034910,2019-11-18T16:53:54.910,8.380,0.398,-0.936,-0.028
1574114034920,2019-11-18T16:53:54.920,8.390,0.396,-0.918,-0.030
1574114034930,2019-11-18T16:53:54.930,8.400,0.399,-0.913,-0.027
1574114034940,2019-11-18T16:53:54.940,8.410,0.407,-0.923,-0.029
1574114034950,2019-11-18T16:53:54.950,8.420,0.404,-0.919,-0.029
1574114034960,2019-11-18T16:53:54.960,8.430,0.401,-0.916,-0.030
1574114034970,2019-11-18T16:53:54.970,8.440,0.400,-0.924,-0.031
1574114034980,2019-11-18T16:53:54.980,8.450,0.402,-0.940,-0.032
1574114034990,2019-11-18T16:53:54.990,8.460,0.399,-0.938,-0.030
1574114035000,2019-11-18T16:53:55.000,8.470,0.393,-0.929,-0.029
1574114035010,2019-11-18T16:53:55.010,8.480,0.391,-0.926,-0.031
1574114035020,2019-11-18T16:53:55.020,8.490,0.392,-0.924,-0.036
1574114035030,2019-11-18T16:53:55.030,8.500,0.392,-0.913,-0.037
1574114035040,2019-11-18T16:53:55.040,8.510,0.391,-0.913,-0.038
1574114035050,2019-11-18T16:53:55.050,8.520,0.392,-0.926,-0.040
1574114035060,2019-11-18T16:53:55.060,8.530,0.395,-0.926,-0.042
1574114035070,2019-11-18T16:53:55.070,8.540,0.386,-0.920,-0.039
1574114035080,2019-11-18T16:53:55.080,8.550,0.381,-0.917,-0.040
1574114035090,2019-11-18T16:53:55.090,8.560,0.381,-0.916,-0.041
1574114035100,2019-11-18T16:53:55.100,8.570,0.380,-0.920,-0.040
1574114035110,2019-11-18T16:53:55.110,8.580,0.388,-0.926,-0.041
1574114035120,2019-11-18T16:53:55.120,8.590,0.390,-0.921,-0.040
1574114035130,2019-11-18T16:53:55.130,8.600,0.386,-0.922,-0.037
1574114035140,2019-11-18T16:53:55.140,8.610,0.385,-0.933,-0.041
1574114035150,2019-11-18T16:53:55.150,8.620,0.386,-0.932,-0.041
1574114035160,2019-11-18T16:53:55.160,8.630,0.392,-0.931,-0.044
1574114035170,2019-11-18T16:53:55.170,8.640,0.393,-0.935,-0.044
1574114035180,2019-11-18T16:53:55.180,8.650,0.390,-0.925,-0.039
1574114035190,2019-11-18T16:53:55.190,8.660,0.392,-0.921,-0.035
1574114035200,2019-11-18T16:53:55.200,8.670,0.392,-0.918,-0.035
1574114035210,2019-11-18T16:53:55.210,8.680,0.393,-0.917,-0.034
1574114035220,2019-11-18T16:53:55.220,8.690,0.399,-0.921,-0.032
1574114035230,2019-11-18T16:53:55.230,8.700,0.406,-0.921,-0.032
1574114035240,2019-11-18T16:53:55.240,8.710,0.410,-0.922,-0.029
1574114035250,2019-11-18T16:53:55.250,8.720,0.406,-0.920,-0.028
1574114035260,2019-11-18T16:53:55.260,8.730,0.402,-0.919,-0.027
1574114035270,2019-11-18T16:53:55.270,8.740,0.400,-0.922,-0.026
1574114035280,2019-11-18T16:53:55.280,8.750,0.398,-0.922,-0.027
1574114035290,2019-11-18T16:53:55.290,8.760,0.398,-0.920,-0.030
1574114035300,2019-11-18T16:53:55.300,8.770,0.400,-0.918,-0.030
1574114035310,2019-11-18T16:53:55.310,8.780,0.401,-0.923,-0.031
1574114035320,2019-11-18T16:53:55.320,8.790,0.396,-0.922,-0.034
1574114035330,2019-11-18T16:53:55.330,8.800,0.390,-0.918,-0.035
1574114035340,2019-11-18T16:53:55.340,8.810,0.393,-0.919,-0.034
1574114035350,2019-11-18T16:53:55.350,8.820,0.391,-0.927,-0.036
1574114035360,2019-11-18T16:53:55.360,8.830,0.392,-0.923,-0.036
1574114035370,2019-11-18T16:53:55.370,8.840,0.390,-0.918,-0.036
1574114035380,2019-11-18T16:53:55.380,8.850,0.391,-0.923,-0.036
1574114035390,2019-11-18T16:53:55.390,8.860,0.389,-0.930,-0.035
1574114035400,2019-11-18T16:53:55.400,8.870,0.391,-0.933,-0.033
1574114035410,2019-11-18T16:53:55.410,8.880,0.389,-0.930,-0.034
1574114035420,2019-11-18T16:53:55.420,8.890,0.392,-0.930,-0.034
1574114035430,2019-11-18T16:53:55.430,8.900,0.391,-0.938,-0.030
1574114035440,2019-11-18T16:53:55.440,8.910,0.395,-0.938,-0.028
1574114035450,2019-11-18T16:53:55.450,8.920,0.397,-0.933,-0.028
1574114035460,2019-11-18T16:53:55.460,8.930,0.394,-0.936,-0.028
1574114035470,2019-11-18T16:53:55.470,8.940,0.398,-0.939,-0.030
1574114035480,2019-11-18T16:53:55.480,8.950,0.397,-0.930,-0.032
1574114035490,2019-11-18T16:53:55.490,8.960,0.391,-0.917,-0.036
1574114035500,2019-11-18T16:53:55.500,8.970,0.394,-0.920,-0.026
1574114035510,2019-11-18T16:53:55.510,8.980,0.409,-0.927,-0.027
1574114035520,2019-11-18T16:53:55.520,8.990,0.408,-0.921,-0.028
1574114035530,2019-11-18T16:53:55.530,9.000,0.418,-0.926,-0.024
1574114035540,2019-11-18T16:53:55.540,9.010,0.428,-0.928,-0.022
1574114035550,2019-11-18T16:53:55.550,9.020,0.429,-0.932,-0.019
1574114035560,2019-11-18T16:53:55.560,9.030,0.434,-0.938,-0.016
1574114035570,2019-11-18T16:53:55.570,9.040,0.436,-0.941,-0.013
1574114035580,2019-11-18T16:53:55.580,9.050,0.437,-0.940,-0.009
1574114035590,2019-11-18T16:53:55.590,9.060,0.432,-0.933,-0.010
1574114035600,2019-11-18T16:53:55.600,9.070,0.435,-0.925,-0.008
1574114035610,2019-11-18T16:53:55.610,9.080,0.438,-0.931,-0.003
1574114035620,2019-11-18T16:53:55.620,9.090,0.443,-0.932,0.003
1574114035630,2019-11-18T16:53:55.630,9.100,0.449,-0.925,0.012
1574114035640,2019-11-18T16:53:55.640,9.110,0.465,-0.921,0.025
1574114035650,2019-11-18T16:53:55.650,9.120,0.484,-0.915,0.039
1574114035660,2019-11-18T16:53:55.660,9.130,0.485,-0.916,0.048
1574114035670,2019-11-18T16:53:55.670,9.140,0.486,-0.922,0.049
1574114035680,2019-11-18T16:53:55.680,9.150,0.488,-0.934,0.048
1574114035690,2019-11-18T16:53:55.690,9.160,0.489,-0.940,0.055
1574114035700,2019-11-18T16:53:55.700,9.170,0.507,-0.932,0.066
1574114035710,2019-11-18T16:53:55.710,9.180,0.505,-0.924,0.070
1574114035720,2019-11-18T16:53:55.720,9.190,0.490,-0.923,0.068
1574114035730,2019-11-18T16:53:55.730,9.200,0.474,-0.919,0.061
1574114035740,2019-11-18T16:53:55.740,9.210,0.461,-0.926,0.054
1574114035750,2019-11-18T16:53:55.750,9.220,0.443,-0.927,0.046
1574114035760,2019-11-18T16:53:55.760,9.230,0.422,-0.911,0.030
1574114035770,2019-11-18T16:53:55.770,9.240,0.394,-0.901,0.017
1574114035780,2019-11-18T16:53:55.780,9.250,0.376,-0.907,0.010
1574114035790,2019-11-18T16:53:55.790,9.260,0.376,-0.911,-0.006
1574114035800,2019-11-18T16:53:55.800,9.270,0.373,-0.908,-0.012
1574114035810,2019-11-18T16:53:55.810,9.280,0.368,-0.903,-0.015
1574114035820,2019-11-18T16:53:55.820,9.290,0.355,-0.906,-0.015
1574114035830,2019-11-18T16:53:55.830,9.300,0.348,-0.922,-0.019
1574114035840,2019-11-18T16:53:55.840,9.310,0.335,-0.936,-0.023
1574114035850,2019-11-18T16:53:55.850,9.320,0.307,-0.941,-0.036
1574114035860,2019-11-18T16:53:55.860,9.330,0.278,-0.935,-0.046
1574114035870,2019-11-18T16:53:55.870,9.340,0.251,-0.922,-0.051
1574114035880,2019-11-18T16:53:55.880,9.350,0.239,-0.929,-0.049
1574114035890,2019-11-18T16:53:55.890,9.360,0.237,-0.951,-0.054
1574114035900,2019-11-18T16:53:55.900,9.370,0.235,-0.958,-0.049
1574114035910,2019-11-18T16:53:55.910,9.380,0.229,-0.956,-0.043
1574114035920,2019-11-18T16:53:55.920,9.390,0.230,-0.971,-0.042
1574114035930,2019-11-18T16:53:55.930,9.400,0.236,-0.970,-0.042
1574114035940,2019-11-18T16:53:55.940,9.410,0.226,-0.945,-0.045
1574114035950,2019-11-18T16:53:55.950,9.420,0.220,-0.928,-0.044
1574114035960,2019-11-18T16:53:55.960,9.430,0.217,-0.937,-0.039
1574114035970,2019-11-18T16:53:55.970,9.440,0.221,-0.961,-0.041
1574114035980,2019-11-18T16:53:55.980,9.450,0.225,-0.976,-0.038
1574114035990,2019-11-18T16:53:55.990,9.460,0.230,-0.963,-0.032
1574114036000,2019-11-18T16:53:56.000,9.470,0.230,-0.949,-0.029
1574114036010,2019-11-18T16:53:56.010,9.480,0.230,-0.959,-0.034
1574114036020,2019-11-18T16:53:56.020,9.490,0.231,-0.967,-0.038
1574114036030,2019-11-18T16:53:56.030,9.500,0.230,-0.960,-0.038
1574114036040,2019-11-18T16:53:56.040,9.510,0.223,-0.958,-0.038
1574114036050,2019-11-18T16:53:56.050,9.520,0.228,-0.959,-0.036
1574114036060,2019-11-18T16:53:56.060,9.530,0.232,-0.964,-0.034
1574114036070,2019-11-18T16:53:56.070,9.540,0.236,-0.966,-0.033
1574114036080,2019-11-18T16:53:56.080,9.550,0.237,-0.960,-0.030
1574114036090,2019-11-18T16:53:56.090,9.560,0.241,-0.956,-0.030
1574114036100,2019-11-18T16:53:56.100,9.570,0.236,-0.955,-0.032
1574114036110,2019-11-18T16:53:56.110,9.580,0.242,-0.965,-0.028
1574114036120,2019-11-18T16:53:56.120,9.590,0.250,-0.964,-0.028
1574114036130,2019-11-18T16:53:56.130,9.600,0.252,-0.953,-0.030
1574114036140,2019-11-18T16:53:56.140,9.610,0.257,-0.946,-0.023
1574114036150,2019-11-18T16:53:56.150,9.620,0.272,-0.968,-0.015
1574114036160,2019-11-18T16:53:56.160,9.630,0.284,-0.992,-0.013
1574114036170,2019-11-18T16:53:56.170,9.640,0.274,-0.990,-0.023
1574114036180,2019-11-18T16:53:56.180,9.650,0.260,-0.975,-0.033
1574114036190,2019-11-18T16:53:56.190,9.660,0.247,-0.958,-0.044
1574114036200,2019-11-18T16:53:56.200,9.670,0.235,-0.957,-0.054
1574114036210,2019-11-18T16:53:56.210,9.680,0.234,-0.962,-0.063
1574114036220,2019-11-18T16:53:56.220,9.690,0.231,-0.955,-0.063
1574114036230,2019-11-18T16:53:56.230,9.700,0.241,-0.938,-0.063
1574114036240,2019-11-18T16:53:56.240,9.710,0.229,-0.930,-0.067
1574114036250,2019-11-18T16:53:56.250,9.720,0.216,-0.937,-0.075
1574114036260,2019-11-18T16:53:56.260,9.730,0.211,-0.939,-0.081
1574114036270,2019-11-18T16:53:56.270,9.740,0.194,-0.922,-0.090
1574114036280,2019-11-18T16:53:56.280,9.750,0.181,-0.912,-0.088
1574114036290,2019-11-18T16:53:56.290,9.760,0.185,-0.908,-0.086
1574114036300,2019-11-18T16:53:56.300,9.770,0.173,-0.874,-0.084
1574114036310,2019-11-18T16:53:56.310,9.780,0.153,-0.824,-0.078
1574114036320,2019-11-18T16:53:56.320,9.790,0.147,-0.801,-0.079
1574114036330,2019-11-18T16:53:56.330,9.800,0.155,-0.803,-0.080
1574114036340,2019-11-18T16:53:56.340,9.810,0.151,-0.802,-0.080
1574114036350,2019-11-18T16:53:56.350,9.820,0.154,-0.803,-0.078
1574114036360,2019-11-18T16:53:56.360,9.830,0.177,-0.830,-0.077
1574114036370,2019-11-18T16:53:56.370,9.840,0.212,-0.871,-0.070
1574114036380,2019-11-18T16:53:56.380,9.850,0.248,-0.879,-0.063
1574114036390,2019-11-18T16:53:56.390,9.860,0.289,-0.892,-0.061
1574114036400,2019-11-18T16:53:56.400,9.870,0.330,-0.896,-0.063
1574114036410,2019-11-18T16:53:56.410,9.880,0.363,-0.889,-0.066
1574114036420,2019-11-18T16:53:56.420,9.890,0.393,-0.887,-0.070
1574114036430,2019-11-18T16:53:56.430,9.900,0.427,-0.887,-0.070
1574114036440,2019-11-18T16:53:56.440,9.910,0.460,-0.903,-0.069
1574114036450,2019-11-18T16:53:56.450,9.920,0.492,-0.916,-0.082
1574114036460,2019-11-18T16:53:56.460,9.930,0.513,-0.903,-0.081
1574114036470,2019-11-18T16:53:56.470,9.940,0.536,-0.898,-0.077
1574114036480,2019-11-18T16:53:56.480,9.950,0.557,-0.912,-0.083
1574114036490,2019-11-18T16:53:56.490,9.960,0.571,-0.930,-0.088
1574114036500,2019-11-18T16:53:56.500,9.970,0.595,-0.925,-0.088
1574114036510,2019-11-18T16:53:56.510,9.980,0.605,-0.921,-0.085
1574114036520,2019-11-18T16:53:56.520,9.990,0.620,-0.905,-0.089
1574114036530,2019-11-18T16:53:56.530,10.000,0.627,-0.872,-0.089
1574114036540,2019-11-18T16:53:56.540,10.010,0.625,-0.841,-0.095
1574114036550,2019-11-18T16:53:56.550,10.020,0.624,-0.826,-0.098
1574114036560,2019-11-18T16:53:56.560,10.030,0.632,-0.822,-0.103
1574114036570,2019-11-18T16:53:56.570,10.040,0.631,-0.827,-0.106
1574114036580,2019-11-18T16:53:56.580,10.050,0.644,-0.833,-0.110
1574114036590,2019-11-18T16:53:56.590,10.060,0.647,-0.839,-0.121
1574114036600,2019-11-18T16:53:56.600,10.070,0.634,-0.835,-0.125
1574114036610,2019-11-18T16:53:56.610,10.080,0.631,-0.830,-0.129
1574114036620,2019-11-18T16:53:56.620,10.090,0.633,-0.828,-0.128
1574114036630,2019-11-18T16:53:56.630,10.100,0.635,-0.819,-0.130
1574114036640,2019-11-18T16:53:56.640,10.110,0.641,-0.808,-0.132
1574114036650,2019-11-18T16:53:56.650,10.120,0.641,-0.804,-0.137
1574114036660,2019-11-18T16:53:56.660,10.130,0.646,-0.814,-0.141
1574114036670,2019-11-18T16:53:56.670,10.140,0.650,-0.822,-0.141
1574114036680,2019-11-18T16:53:56.680,10.150,0.649,-0.814,-0.142
1574114036690,2019-11-18T16:53:56.690,10.160,0.644,-0.805,-0.150
1574114036700,2019-11-18T16:53:56.700,10.170,0.640,-0.804,-0.155
1574114036710,2019-11-18T16:53:56.710,10.180,0.645,-0.805,-0.152
1574114036720,2019-11-18T16:53:56.720,10.190,0.648,-0.800,-0.150
1574114036730,2019-11-18T16:53:56.730,10.200,0.651,-0.791,-0.144
1574114036740,2019-11-18T16:53:56.740,10.210,0.650,-0.774,-0.141
1574114036750,2019-11-18T16:53:56.750,10.220,0.651,-0.765,-0.138
1574114036760,2019-11-18T16:53:56.760,10.230,0.659,-0.769,-0.138
1574114036770,2019-11-18T16:53:56.770,10.240,0.666,-0.773,-0.132
1574114036780,2019-11-18T16:53:56.780,10.250,0.667,-0.776,-0.129
1574114036790,2019-11-18T16:53:56.790,10.260,0.662,-0.777,-0.135
1574114036800,2019-11-18T16:53:56.800,10.270,0.662,-0.773,-0.134
1574114036810,2019-11-18T16:53:56.810,10.280,0.665,-0.764,-0.129
1574114036820,2019-11-18T16:53:56.820,10.290,0.672,-0.764,-0.125
1574114036830,2019-11-18T16:53:56.830,10.300,0.682,-0.764,-0.122
1574114036840,2019-11-18T16:53:56.840,10.310,0.687,-0.760,-0.117
1574114036850,2019-11-18T16:53:56.850,10.320,0.689,-0.764,-0.115
1574114036860,2019-11-18T16:53:56.860,10.330,0.689,-0.767,-0.117
1574114036870,2019-11-18T16:53:56.870,10.340,0.686,-0.760,-0.114
1574114036880,2019-11-18T16:53:56.880,10.350,0.683,-0.758,-0.120
1574114036890,2019-11-18T16:53:56.890,10.360,0.675,-0.755,-0.124
1574114036900,2019-11-18T16:53:56.900,10.370,0.672,-0.754,-0.124
1574114036910,2019-11-18T16:53:56.910,10.380,0.667,-0.754,-0.126
1574114036920,2019-11-18T16:53:56.920,10.390,0.663,-0.748,-0.125
1574114036930,2019-11-18T16:53:56.930,10.400,0.663,-0.750,-0.126
1574114036940,2019-11-18T16:53:56.940,10.410,0.663,-0.747,-0.123
1574114036950,2019-11-18T16:53:56.950,10.420,0.664,-0.739,-0.119
1574114036960,2019-11-18T16:53:56.960,10.430,0.667,-0.739,-0.118
1574114036970,2019-11-18T16:53:56.970,10.440,0.667,-0.743,-0.115
1574114036980,2019-11-18T16:53:56.980,10.450,0.669,-0.742,-0.118
1574114036990,2019-11-18T16:53:56.990,10.460,0.670,-0.739,-0.120
1574114037000,2019-11-18T16:53:57.000,10.470,0.665,-0.739,-0.117
1574114037010,2019-11-18T16:53:57.010,10.480,0.667,-0.742,-0.116
1574114037020,2019-11-18T16:53:57.020,10.490,0.665,-0.744,-0.115
1574114037030,2019-11-18T16:53:57.030,10.500,0.663,-0.741,-0.117
1574114037040,2019-11-18T16:53:57.040,10.510,0.662,-0.739,-0.119
1574114037050,2019-11-18T16:53:57.050,10.520,0.661,-0.741,-0.125
1574114037060,2019-11-18T16:53:57.060,10.530,0.654,-0.741,-0.124
1574114037070,2019-11-18T16:53:57.070,10.540,0.650,-0.736,-0.122
1574114037080,2019-11-18T16:53:57.080,10.550,0.648,-0.732,-0.125
1574114037090,2019-11-18T16:53:57.090,10.560,0.653,-0.733,-0.125
1574114037100,2019-11-18T16:53:57.100,10.570,0.654,-0.735,-0.124
1574114037110,2019-11-18T16:53:57.110,10.580,0.652,-0.737,-0.121
1574114037120,2019-11-18T16:53:57.120,10.590,0.658,-0.739,-0.117
1574114037130,2019-11-18T16:53:57.130,10.600,0.659,-0.743,-0.114
1574114037140,2019-11-18T16:53:57.140,10.610,0.661,-0.746,-0.114
1574114037150,2019-11-18T16:53:57.150,10.620,0.666,-0.734,-0.109
1574114037160,2019-11-18T16:53:57.160,10.630,0.666,-0.722,-0.111
1574114037170,2019-11-18T16:53:57.170,10.640,0.663,-0.722,-0.114
1574114037180,2019-11-18T16:53:57.180,10.650,0.667,-0.735,-0.114
1574114037190,2019-11-18T16:53:57.190,10.660,0.661,-0.733,-0.117
1574114037200,2019-11-18T16:53:57.200,10.670,0.647,-0.717,-0.121
1574114037210,2019-11-18T16:53:57.210,10.680,0.644,-0.712,-0.118
1574114037220,2019-11-18T16:53:57.220,10.690,0.645,-0.729,-0.120
1574114037230,2019-11-18T16:53:57.230,10.700,0.643,-0.737,-0.123
1574114037240,2019-11-18T16:53:57.240,10.710,0.634,-0.725,-0.124
1574114037250,2019-11-18T16:53:57.250,10.720,0.631,-0.712,-0.123
1574114037260,2019-11-18T16:53:57.260,10.730,0.629,-0.706,-0.117
1574114037270,2019-11-18T16:53:57.270,10.740,0.630,-0.699,-0.123
1574114037280,2019-11-18T16:53:57.280,10.750,0.636,-0.691,-0.122
1574114037290,2019-11-18T16:53:57.290,10.760,0.643,-0.689,-0.120
1574114037300,2019-11-18T16:53:57.300,10.770,0.646,-0.690,-0.122
1574114037310,2019-11-18T16:53:57.310,10.780,0.655,-0.698,-0.121
1574114037320,2019-11-18T16:53:57.320,10.790,0.665,-0.692,-0.120
1574114037330,2019-11-18T16:53:57.330,10.800,0.665,-0.680,-0.121
1574114037340,2019-11-18T16:53:57.340,10.810,0.672,-0.686,-0.122
1574114037350,2019-11-18T16:53:57.350,10.820,0.683,-0.702,-0.123
1574114037360,2019-11-18T16:53:57.360,10.830,0.693,-0.723,-0.124
1574114037370,2019-11-18T16:53:57.370,10.840,0.708,-0.746,-0.127
1574114037380,2019-11-18T16:53:57.380,10.850,0.725,-0.756,-0.129
1574114037390,2019-11-18T16:53:57.390,10.860,0.730,-0.760,-0.131
1574114037400,2019-11-18T16:53:57.400,10.870,0.731,-0.748,-0.131
1574114037410,2019-11-18T16:53:57.410,10.880,0.734,-0.735,-0.134
1574114037420,2019-11-18T16:53:57.420,10.890,0.737,-0.724,-0.139
1574114037430,2019-11-18T16:53:57.430,10.900,0.736,-0.719,-0.144
1574114037440,2019-11-18T16:53:57.440,10.910,0.734,-0.722,-0.140
1574114037450,2019-11-18T16:53:57.450,10.920,0.734,-0.712,-0.146
1574114037460,2019-11-18T16:53:57.460,10.930,0.726,-0.702,-0.149
1574114037470,2019-11-18T16:53:57.470,10.940,0.720,-0.706,-0.152
1574114037480,2019-11-18T16:53:57.480,10.950,0.725,-0.711,-0.149
1574114037490,2019-11-18T16:53:57.490,10.960,0.726,-0.715,-0.145
1574114037500,2019-11-18T16:53:57.500,10.970,0.724,-0.714,-0.145
1574114037510,2019-11-18T16:53:57.510,10.980,0.724,-0.710,-0.143
1574114037520,2019-11-18T16:53:57.520,10.990,0.722,-0.706,-0.141
1574114037530,2019-11-18T16:53:57.530,11.000,0.729,-0.703,-0.144
1574114037540,2019-11-18T16:53:57.540,11.010,0.731,-0.704,-0.143
1574114037550,2019-11-18T16:53:57.550,11.020,0.730,-0.705,-0.139
1574114037560,2019-11-18T16:53:57.560,11.030,0.733,-0.702,-0.139
1574114037570,2019-11-18T16:53:57.570,11.040,0.735,-0.694,-0.139
1574114037580,2019-11-18T16:53:57.580,11.050,0.734,-0.694,-0.135
1574114037590,2019-11-18T16:53:57.590,11.060,0.729,-0.694,-0.139
1574114037600,2019-11-18T16:53:57.600,11.070,0.729,-0.690,-0.139
1574114037610,2019-11-18T16:53:57.610,11.080,0.730,-0.685,-0.136
1574114037620,2019-11-18T16:53:57.620,11.090,0.723,-0.688,-0.137
1574114037630,2019-11-18T16:53:57.630,11.100,0.718,-0.691,-0.136
1574114037640,2019-11-18T16:53:57.640,11.110,0.720,-0.688,-0.139
1574114037650,2019-11-18T16:53:57.650,11.120,0.720,-0.688,-0.139
1574114037660,2019-11-18T16:53:57.660,11.130,0.724,-0.685,-0.137
1574114037670,2019-11-18T16:53:57.670,11.140,0.728,-0.683,-0.134
1574114037680,2019-11-18T16:53:57.680,11.150,0.733,-0.685,-0.134
1574114037690,2019-11-18T16:53:57.690,11.160,0.731,-0.686,-0.134
1574114037700,2019-11-18T16:53:57.700,11.170,0.735,-0.682,-0.132
1574114037710,2019-11-18T16:53:57.710,11.180,0.738,-0.681,-0.133
1574114037720,2019-11-18T16:53:57.720,11.190,0.740,-0.683,-0.132
1574114037730,2019-11-18T16:53:57.730,11.200,0.739,-0.682,-0.130
1574114037740,2019-11-18T16:53:57.740,11.210,0.735,-0.685,-0.131
1574114037750,2019-11-18T16:53:57.750,11.220,0.744,-0.693,-0.127
1574114037760,2019-11-18T16:53:57.760,11.230,0.743,-0.688,-0.125
1574114037770,2019-11-18T16:53:57.770,11.240,0.741,-0.681,-0.126
1574114037780,2019-11-18T16:53:57.780,11.250,0.737,-0.681,-0.127
1574114037790,2019-11-18T16:53:57.790,11.260,0.732,-0.685,-0.127
1574114037800,2019-11-18T16:53:57.800,11.270,0.729,-0.686,-0.125
1574114037810,2019-11-18T16:53:57.810,11.280,0.728,-0.684,-0.133
1574114037820,2019-11-18T16:53:57.820,11.290,0.723,-0.676,-0.132
1574114037830,2019-11-18T16:53:57.830,11.300,0.719,-0.670,-0.136
1574114037840,2019-11-18T16:53:57.840,11.310,0.727,-0.674,-0.138
1574114037850,2019-11-18T16:53:57.850,11.320,0.734,-0.679,-0.135
1574114037860,2019-11-18T16:53:57.860,11.330,0.731,-0.680,-0.138
1574114037870,2019-11-18T16:53:57.870,11.340,0.726,-0.680,-0.139
1574114037880,2019-11-18T16:53:57.880,11.350,0.723,-0.672,-0.140
1574114037890,2019-11-18T16:53:57.890,11.360,0.719,-0.666,-0.134
1574114037900,2019-11-18T16:53:57.900,11.370,0.721,-0.664,-0.136
1574114037910,2019-11-18T16:53:57.910,11.380,0.730,-0.668,-0.136
1574114037920,2019-11-18T16:53:57.920,11.390,0.728,-0.670,-0.130
1574114037930,2019-11-18T16:53:57.930,11.400,0.720,-0.663,-0.133
1574114037940,2019-11-18T16:53:57.940,11.410,0.721,-0.661,-0.129
1574114037950,2019-11-18T16:53:57.950,11.420,0.730,-0.669,-0.126
1574114037960,2019-11-18T16:53:57.960,11.430,0.734,-0.676,-0.128
1574114037970,2019-11-18T16:53:57.970,11.440,0.737,-0.680,-0.128
1574114037980,2019-11-18T16:53:57.980,11.450,0.743,-0.677,-0.126
1574114037990,2019-11-18T16:53:57.990,11.460,0.736,-0.670,-0.128
1574114038000,2019-11-18T16:53:58.000,11.470,0.731,-0.669,-0.125
1574114038010,2019-11-18T16:53:58.010,11.480,0.737,-0.675,-0.125
1574114038020,2019-11-18T16:53:58.020,11.490,0.741,-0.678,-0.126
1574114038030,2019-11-18T16:53:58.030,11.500,0.739,-0.671,-0.125
1574114038040,2019-11-18T16:53:58.040,11.510,0.737,-0.660,-0.125
1574114038050,2019-11-18T16:53:58.050,11.520,0.735,-0.660,-0.127
1574114038060,2019-11-18T16:53:58.060,11.530,0.742,-0.677,-0.128
1574114038070,2019-11-18T16:53:58.070,11.540,0.742,-0.679,-0.128
1574114038080,2019-11-18T16:53:58.080,11.550,0.735,-0.666,-0.130
1574114038090,2019-11-18T16:53:58.090,11.560,0.730,-0.660,-0.131
1574114038100,2019-11-18T16:53:58.100,11.570,0.729,-0.669,-0.132
1574114038110,2019-11-18T16:53:58.110,11.580,0.729,-0.673,-0.132
1574114038120,2019-11-18T16:53:58.120,11.590,0.727,-0.668,-0.131
1574114038130,2019-11-18T16:53:58.130,11.600,0.727,-0.669,-0.130
1574114038140,2019-11-18T16:53:58.140,11.610,0.732,-0.665,-0.131
1574114038150,2019-11-18T16:53:58.150,11.620,0.737,-0.657,-0.127
1574114038160,2019-11-18T16:53:58.160,11.630,0.732,-0.654,-0.127
1574114038170,2019-11-18T16:53:58.170,11.640,0.737,-0.657,-0.125
1574114038180,2019-11-18T16:53:58.180,11.650,0.740,-0.655,-0.121
1574114038190,2019-11-18T16:53:58.190,11.660,0.742,-0.658,-0.119
1574114038200,2019-11-18T16:53:58.200,11.670,0.747,-0.660,-0.120
1574114038210,2019-11-18T16:53:58.210,11.680,0.750,-0.659,-0.122
1574114038220,2019-11-18T16:53:58.220,11.690,0.751,-0.656,-0.120
1574114038230,2019-11-18T16:53:58.230,11.700,0.759,-0.660,-0.117
1574114038240,2019-11-18T16:53:58.240,11.710,0.760,-0.663,-0.117
1574114038250,2019-11-18T16:53:58.250,11.720,0.760,-0.661,-0.114
1574114038260,2019-11-18T16:53:58.260,11.730,0.759,-0.658,-0.117
1574114038270,2019-11-18T16:53:58.270,11.740,0.763,-0.660,-0.116
1574114038280,2019-11-18T16:53:58.280,11.750,0.766,-0.668,-0.117
1574114038290,2019-11-18T16:53:58.290,11.760,0.765,-0.672,-0.121
1574114038300,2019-11-18T16:53:58.300,11.770,0.760,-0.666,-0.120
1574114038310,2019-11-18T16:53:58.310,11.780,0.758,-0.661,-0.114
1574114038320,2019-11-18T16:53:58.320,11.790,0.758,-0.663,-0.116
1574114038330,2019-11-18T16:53:58.330,11.800,0.757,-0.659,-0.116
1574114038340,2019-11-18T16:53:58.340,11.810,0.758,-0.656,-0.112
1574114038350,2019-11-18T16:53:58.350,11.820,0.754,-0.663,-0.113
1574114038360,2019-11-18T16:53:58.360,11.830,0.750,-0.657,-0.112
1574114038370,2019-11-18T16:53:58.370,11.840,0.750,-0.649,-0.109
1574114038380,2019-11-18T16:53:58.380,11.850,0.747,-0.657,-0.109
1574114038390,2019-11-18T16:53:58.390,11.860,0.750,-0.664,-0.118
1574114038400,2019-11-18T16:53:58.400,11.870,0.744,-0.656,-0.119
1574114038410,2019-11-18T16:53:58.410,11.880,0.737,-0.644,-0.120
1574114038420,2019-11-18T16:53:58.420,11.890,0.740,-0.644,-0.121
1574114038430,2019-11-18T16:53:58.430,11.900,0.743,-0.654,-0.120
1574114038440,2019-11-18T16:53:58.440,11.910,0.744,-0.662,-0.120
1574114038450,2019-11-18T16:53:58.450,11.920,0.745,-0.666,-0.117
1574114038460,2019-11-18T16:53:58.460,11.930,0.750,-0.673,-0.113
1574114038470,2019-11-18T16:53:58.470,11.940,0.749,-0.678,-0.113
1574114038480,2019-11-18T16:53:58.480,11.950,0.750,-0.670,-0.111
1574114038490,2019-11-18T16:53:58.490,11.960,0.751,-0.665,-0.109
1574114038500,2019-11-18T16:53:58.500,11.970,0.750,-0.661,-0.113
1574114038510,2019-11-18T16:53:58.510,11.980,0.746,-0.656,-0.113
1574114038520,2019-11-18T16:53:58.520,11.990,0.739,-0.644,-0.109
1574114038530,2019-11-18T16:53:58.530,12.000,0.737,-0.638,-0.112
1574114038540,2019-11-18T16:53:58.540,12.010,0.737,-0.643,-0.109
1574114038550,2019-11-18T16:53:58.550,12.020,0.735,-0.647,-0.108
1574114038560,2019-11-18T16:53:58.560,12.030,0.742,-0.651,-0.111
1574114038570,2019-11-18T16:53:58.570,12.040,0.750,-0.669,-0.112
1574114038580,2019-11-18T16:53:58.580,12.050,0.752,-0.674,-0.109
1574114038590,2019-11-18T16:53:58.590,12.060,0.755,-0.673,-0.107
1574114038600,2019-11-18T16:53:58.600,12.070,0.762,-0.677,-0.109
1574114038610,2019-11-18T16:53:58.610,12.080,0.762,-0.681,-0.111
1574114038620,2019-11-18T16:53:58.620,12.090,0.753,-0.670,-0.106
1574114038630,2019-11-18T16:53:58.630,12.100,0.750,-0.660,-0.108
1574114038640,2019-11-18T16:53:58.640,12.110,0.751,-0.659,-0.106
1574114038650,2019-11-18T16:53:58.650,12.120,0.756,-0.660,-0.108
1574114038660,2019-11-18T16:53:58.660,12.130,0.752,-0.654,-0.108
1574114038670,2019-11-18T16:53:58.670,12.140,0.752,-0.653,-0.107
1574114038680,2019-11-18T16:53:58.680,12.150,0.755,-0.658,-0.106
1574114038690,2019-11-18T16:53:58.690,12.160,0.758,-0.661,-0.103
1574114038700,2019-11-18T16:53:58.700,12.170,0.755,-0.658,-0.103
1574114038710,2019-11-18T16:53:58.710,12.180,0.755,-0.662,-0.103
1574114038720,2019-11-18T16:53:58.720,12.190,0.756,-0.665,-0.103
1574114038730,2019-11-18T16:53:58.730,12.200,0.758,-0.667,-0.104
1574114038740,2019-11-18T16:53:58.740,12.210,0.759,-0.668,-0.102
1574114038750,2019-11-18T16:53:58.750,12.220,0.757,-0.668,-0.100
1574114038760,2019-11-18T16:53:58.760,12.230,0.756,-0.666,-0.097
1574114038770,2019-11-18T16:53:58.770,12.240,0.756,-0.664,-0.096
1574114038780,2019-11-18T16:53:58.780,12.250,0.757,-0.659,-0.097
1574114038790,2019-11-18T16:53:58.790,12.260,0.755,-0.653,-0.096
1574114038800,2019-11-18T16:53:58.800,12.270,0.756,-0.658,-0.096
1574114038810,2019-11-18T16:53:58.810,12.280,0.754,-0.663,-0.096
1574114038820,2019-11-18T16:53:58.820,12.290,0.752,-0.660,-0.093
1574114038830,2019-11-18T16:53:58.830,12.300,0.753,-0.662,-0.092
1574114038840,2019-11-18T16:53:58.840,12.310,0.751,-0.667,-0.095
1574114038850,2019-11-18T16:53:58.850,12.320,0.752,-0.668,-0.095
1574114038860,2019-11-18T16:53:58.860,12.330,0.747,-0.664,-0.098
1574114038870,2019-11-18T16:53:58.870,12.340,0.746,-0.665,-0.097
1574114038880,2019-11-18T16:53:58.880,12.350,0.746,-0.664,-0.093
1574114038890,2019-11-18T16:53:58.890,12.360,0.740,-0.659,-0.097
1574114038900,2019-11-18T16:53:58.900,12.370,0.736,-0.650,-0.096
1574114038910,2019-11-18T16:53:58.910,12.380,0.743,-0.654,-0.097
1574114038920,2019-11-18T16:53:58.920,12.390,0.747,-0.668,-0.095
1574114038930,2019-11-18T16:53:58.930,12.400,0.745,-0.674,-0.095
1574114038940,2019-11-18T16:53:58.940,12.410,0.749,-0.665,-0.094
1574114038950,2019-11-18T16:53:58.950,12.420,0.746,-0.657,-0.091
1574114038960,2019-11-18T16:53:58.960,12.430,0.746,-0.661,-0.092
1574114038970,2019-11-18T16:53:58.970,12.440,0.747,-0.665,-0.092
1574114038980,2019-11-18T16:53:58.980,12.450,0.747,-0.663,-0.093
1574114038990,2019-11-18T16:53:58.990,12.460,0.749,-0.658,-0.091
1574114039000,2019-11-18T16:53:59.000,12.470,0.746,-0.657,-0.095
1574114039010,2019-11-18T16:53:59.010,12.480,0.747,-0.659,-0.093
1574114039020,2019-11-18T16:53:59.020,12.490,0.748,-0.666,-0.093
1574114039030,2019-11-18T16:53:59.030,12.500,0.750,-0.666,-0.094
1574114039040,2019-11-18T16:53:59.040,12.510,0.747,-0.665,-0.096
1574114039050,2019-11-18T16:53:59.050,12.520,0.745,-0.666,-0.093
1574114039060,2019-11-18T16:53:59.060,12.530,0.746,-0.666,-0.093
1574114039070,2019-11-18T16:53:59.070,12.540,0.746,-0.670,-0.099
1574114039080,2019-11-18T16:53:59.080,12.550,0.747,-0.668,-0.097
1574114039090,2019-11-18T16:53:59.090,12.560,0.745,-0.666,-0.096
1574114039100,2019-11-18T16:53:59.100,12.570,0.747,-0.667,-0.093
1574114039110,2019-11-18T16:53:59.110,12.580,0.750,-0.662,-0.097
1574114039120,2019-11-18T16:53:59.120,12.590,0.754,-0.662,-0.096
1574114039130,2019-11-18T16:53:59.130,12.600,0.756,-0.667,-0.095
1574114039140,2019-11-18T16:53:59.140,12.610,0.755,-0.665,-0.093
1574114039150,2019-11-18T16:53:59.150,12.620,0.752,-0.664,-0.092
1574114039160,2019-11-18T16:53:59.160,12.630,0.756,-0.668,-0.091
1574114039170,2019-11-18T16:53:59.170,12.640,0.753,-0.668,-0.090
1574114039180,2019-11-18T16:53:59.180,12.650,0.749,-0.659,-0.089
1574114039190,2019-11-18T16:53:59.190,12.660,0.750,-0.661,-0.093
1574114039200,2019-11-18T16:53:59.200,12.670,0.757,-0.668,-0.095
1574114039210,2019-11-18T16:53:59.210,12.680,0.755,-0.667,-0.092
1574114039220,2019-11-18T16:53:59.220,12.690,0.752,-0.660,-0.094
1574114039230,2019-11-18T16:53:59.230,12.700,0.750,-0.660,-0.097
1574114039240,2019-11-18T16:53:59.240,12.710,0.752,-0.662,-0.097
1574114039250,2019-11-18T16:53:59.250,12.720,0.751,-0.661,-0.098
1574114039260,2019-11-18T16:53:59.260,12.730,0.747,-0.660,-0.100
1574114039270,2019-11-18T16:53:59.270,12.740,0.746,-0.660,-0.098
1574114039280,2019-11-18T16:53:59.280,12.750,0.746,-0.659,-0.098
1574114039290,2019-11-18T16:53:59.290,12.760,0.745,-0.658,-0.098
1574114039300,2019-11-18T16:53:59.300,12.770,0.743,-0.661,-0.102
1574114039310,2019-11-18T16:53:59.310,12.780,0.744,-0.668,-0.101
1574114039320,2019-11-18T16:53:59.320,12.790,0.746,-0.671,-0.102
1574114039330,2019-11-18T16:53:59.330,12.800,0.743,-0.673,-0.099
1574114039340,2019-11-18T16:53:59.340,12.810,0.744,-0.678,-0.101
1574114039350,2019-11-18T16:53:59.350,12.820,0.743,-0.675,-0.102
1574114039360,2019-11-18T16:53:59.360,12.830,0.748,-0.680,-0.099
1574114039370,2019-11-18T16:53:59.370,12.840,0.747,-0.686,-0.102
1574114039380,2019-11-18T16:53:59.380,12.850,0.742,-0.684,-0.101
1574114039390,2019-11-18T16:53:59.390,12.860,0.743,-0.675,-0.104
1574114039400,2019-11-18T16:53:59.400,12.870,0.743,-0.676,-0.103
1574114039410,2019-11-18T16:53:59.410,12.880,0.742,-0.681,-0.105
1574114039420,2019-11-18T16:53:59.420,12.890,0.738,-0.677,-0.106
1574114039430,2019-11-18T16:53:59.430,12.900,0.733,-0.666,-0.102
1574114039440,2019-11-18T16:53:59.440,12.910,0.732,-0.671,-0.104
1574114039450,2019-11-18T16:53:59.450,12.920,0.740,-0.683,-0.103
1574114039460,2019-11-18T16:53:59.460,12.930,0.744,-0.677,-0.103
1574114039470,2019-11-18T16:53:59.470,12.940,0.741,-0.677,-0.105
1574114039480,2019-11-18T16:53:59.480,12.950,0.738,-0.682,-0.103
1574114039490,2019-11-18T16:53:59.490,12.960,0.739,-0.681,-0.098
1574114039500,2019-11-18T16:53:59.500,12.970,0.742,-0.677,-0.092
1574114039510,2019-11-18T16:53:59.510,12.980,0.745,-0.672,-0.094
1574114039520,2019-11-18T16:53:59.520,12.990,0.738,-0.671,-0.100
1574114039530,2019-11-18T16:53:59.530,13.000,0.737,-0.678,-0.099
1574114039540,2019-11-18T16:53:59.540,13.010,0.739,-0.681,-0.099
1574114039550,2019-11-18T16:53:59.550,13.020,0.738,-0.680,-0.100
1574114039560,2019-11-18T16:53:59.560,13.030,0.739,-0.675,-0.098
1574114039570,2019-11-18T16:53:59.570,13.040,0.729,-0.672,-0.098
1574114039580,2019-11-18T16:53:59.580,13.050,0.729,-0.679,-0.100
1574114039590,2019-11-18T16:53:59.590,13.060,0.731,-0.682,-0.099
1574114039600,2019-11-18T16:53:59.600,13.070,0.729,-0.671,-0.095
1574114039610,2019-11-18T16:53:59.610,13.080,0.730,-0.670,-0.091
1574114039620,2019-11-18T16:53:59.620,13.090,0.735,-0.681,-0.095
1574114039630,2019-11-18T16:53:59.630,13.100,0.732,-0.677,-0.093
1574114039640,2019-11-18T16:53:59.640,13.110,0.729,-0.678,-0.093
1574114039650,2019-11-18T16:53:59.650,13.120,0.730,-0.685,-0.098
1574114039660,2019-11-18T16:53:59.660,13.130,0.720,-0.690,-0.104
1574114039670,2019-11-18T16:53:59.670,13.140,0.721,-0.705,-0.098
1574114039680,2019-11-18T16:53:59.680,13.150,0.725,-0.716,-0.099
1574114039690,2019-11-18T16:53:59.690,13.160,0.722,-0.705,-0.101
1574114039700,2019-11-18T16:53:59.700,13.170,0.722,-0.686,-0.099
1574114039710,2019-11-18T16:53:59.710,13.180,0.719,-0.671,-0.098
1574114039720,2019-11-18T16:53:59.720,13.190,0.712,-0.675,-0.103
1574114039730,2019-11-18T16:53:59.730,13.200,0.713,-0.686,-0.105
1574114039740,2019-11-18T16:53:59.740,13.210,0.719,-0.680,-0.105
1574114039750,2019-11-18T16:53:59.750,13.220,0.717,-0.664,-0.103
1574114039760,2019-11-18T16:53:59.760,13.230,0.716,-0.670,-0.102
1574114039770,2019-11-18T16:53:59.770,13.240,0.720,-0.683,-0.103
1574114039780,2019-11-18T16:53:59.780,13.250,0.720,-0.697,-0.108
1574114039790,2019-11-18T16:53:59.790,13.260,0.716,-0.716,-0.115
1574114039800,2019-11-18T16:53:59.800,13.270,0.718,-0.727,-0.114
1574114039810,2019-11-18T16:53:59.810,13.280,0.714,-0.701,-0.112
1574114039820,2019-11-18T16:53:59.820,13.290,0.706,-0.674,-0.114
1574114039830,2019-11-18T16:53:59.830,13.300,0.715,-0.688,-0.113
1574114039840,2019-11-18T16:53:59.840,13.310,0.728,-0.706,-0.118
1574114039850,2019-11-18T16:53:59.850,13.320,0.722,-0.693,-0.119
1574114039860,2019-11-18T16:53:59.860,13.330,0.712,-0.682,-0.117
1574114039870,2019-11-18T16:53:59.870,13.340,0.716,-0.688,-0.114
1574114039880,2019-11-18T16:53:59.880,13.350,0.721,-0.695,-0.116
1574114039890,2019-11-18T16:53:59.890,13.360,0.719,-0.696,-0.120
1574114039900,2019-11-18T16:53:59.900,13.370,0.719,-0.688,-0.122
1574114039910,2019-11-18T16:53:59.910,13.380,0.723,-0.686,-0.117
1574114039920,2019-11-18T16:53:59.920,13.390,0.711,-0.712,-0.114
1574114039930,2019-11-18T16:53:59.930,13.400,0.721,-0.727,-0.116
1574114039940,2019-11-18T16:53:59.940,13.410,0.719,-0.711,-0.116
1574114039950,2019-11-18T16:53:59.950,13.420,0.705,-0.693,-0.109
1574114039960,2019-11-18T16:53:59.960,13.430,0.710,-0.695,-0.112
1574114039970,2019-11-18T16:53:59.970,13.440,0.716,-0.694,-0.109
1574114039980,2019-11-18T16:53:59.980,13.450,0.710,-0.680,-0.108
1574114039990,2019-11-18T16:53:59.990,13.460,0.711,-0.683,-0.111
1574114040000,2019-11-18T16:54:00.000,13.470,0.720,-0.683,-0.112
1574114040010,2019-11-18T16:54:00.010,13.480,0.721,-0.677,-0.109
1574114040020,2019-11-18T16:54:00.020,13.490,0.715,-0.677,-0.112
1574114040030,2019-11-18T16:54:00.030,13.500,0.715,-0.686,-0.113
1574114040040,2019-11-18T16:54:00.040,13.510,0.722,-0.694,-0.110
1574114040050,2019-11-18T16:54:00.050,13.520,0.723,-0.697,-0.111
1574114040060,2019-11-18T16:54:00.060,13.530,0.721,-0.693,-0.110
1574114040070,2019-11-18T16:54:00.070,13.540,0.721,-0.679,-0.109
1574114040080,2019-11-18T16:54:00.080,13.550,0.717,-0.678,-0.111
1574114040090,2019-11-18T16:54:00.090,13.560,0.715,-0.687,-0.113
1574114040100,2019-11-18T16:54:00.100,13.570,0.719,-0.692,-0.114
1574114040110,2019-11-18T16:54:00.110,13.580,0.721,-0.694,-0.114
1574114040120,2019-11-18T16:54:00.120,13.590,0.715,-0.694,-0.117
1574114040130,2019-11-18T16:54:00.130,13.600,0.713,-0.688,-0.120
1574114040140,2019-11-18T16:54:00.140,13.610,0.713,-0.691,-0.119
1574114040150,2019-11-18T16:54:00.150,13.620,0.722,-0.696,-0.119
1574114040160,2019-11-18T16:54:00.160,13.630,0.719,-0.697,-0.122
1574114040170,2019-11-18T16:54:00.170,13.640,0.722,-0.687,-0.117
1574114040180,2019-11-18T16:54:00.180,13.650,0.727,-0.690,-0.118
1574114040190,2019-11-18T16:54:00.190,13.660,0.729,-0.699,-0.121
1574114040200,2019-11-18T16:54:00.200,13.670,0.728,-0.696,-0.123
1574114040210,2019-11-18T16:54:00.210,13.680,0.723,-0.690,-0.127
1574114040220,2019-11-18T16:54:00.220,13.690,0.727,-0.695,-0.126
1574114040230,2019-11-18T16:54:00.230,13.700,0.725,-0.699,-0.128
1574114040240,2019-11-18T16:54:00.240,13.710,0.722,-0.700,-0.125
1574114040250,2019-11-18T16:54:00.250,13.720,0.722,-0.695,-0.127
1574114040260,2019-11-18T16:54:00.260,13.730,0.720,-0.692,-0.130
1574114040270,2019-11-18T16:54:00.270,13.740,0.723,-0.692,-0.128
1574114040280,2019-11-18T16:54:00.280,13.750,0.719,-0.693,-0.127
1574114040290,2019-11-18T16:54:00.290,13.760,0.717,-0.693,-0.129
1574114040300,2019-11-18T16:54:00.300,13.770,0.715,-0.691,-0.129
1574114040310,2019-11-18T16:54:00.310,13.780,0.714,-0.687,-0.128
1574114040320,2019-11-18T16:54:00.320,13.790,0.714,-0.692,-0.126
1574114040330,2019-11-18T16:54:00.330,13.800,0.717,-0.698,-0.126
1574114040340,2019-11-18T16:54:00.340,13.810,0.713,-0.697,-0.129
1574114040350,2019-11-18T16:54:00.350,13.820,0.710,-0.694,-0.130
1574114040360,2019-11-18T16:54:00.360,13.830,0.708,-0.687,-0.128
1574114040370,2019-11-18T16:54:00.370,13.840,0.711,-0.686,-0.127
1574114040380,2019-11-18T16:54:00.380,13.850,0.711,-0.688,-0.124
1574114040390,2019-11-18T16:54:00.390,13.860,0.717,-0.688,-0.125
1574114040400,2019-11-18T16:54:00.400,13.870,0.719,-0.691,-0.125
1574114040410,2019-11-18T16:54:00.410,13.880,0.715,-0.693,-0.125
1574114040420,2019-11-18T16:54:00.420,13.890,0.717,-0.691,-0.125
1574114040430,2019-11-18T16:54:00.430,13.900,0.719,-0.695,-0.126
1574114040440,2019-11-18T16:54:00.440,13.910,0.719,-0.692,-0.123
1574114040450,2019-11-18T16:54:00.450,13.920,0.720,-0.688,-0.123
1574114040460,2019-11-18T16:54:00.460,13.930,0.722,-0.687,-0.120
1574114040470,2019-11-18T16:54:00.470,13.940,0.722,-0.693,-0.117
1574114040480,2019-11-18T16:54:00.480,13.950,0.722,-0.699,-0.117
1574114040490,2019-11-18T16:54:00.490,13.960,0.722,-0.699,-0.117
1574114040500,2019-11-18T16:54:00.500,13.970,0.716,-0.688,-0.116
1574114040510,2019-11-18T16:54:00.510,13.980,0.711,-0.680,-0.113
1574114040520,2019-11-18T16:54:00.520,13.990,0.717,-0.684,-0.114
1574114040530,2019-11-18T16:54:00.530,14.000,0.722,-0.686,-0.113
1574114040540,2019-11-18T16:54:00.540,14.010,0.723,-0.681,-0.107
1574114040550,2019-11-18T16:54:00.550,14.020,0.726,-0.682,-0.113
1574114040560,2019-11-18T16:54:00.560,14.030,0.724,-0.683,-0.115
1574114040570,2019-11-18T16:54:00.570,14.040,0.729,-0.681,-0.113
1574114040580,2019-11-18T16:54:00.580,14.050,0.729,-0.685,-0.111
1574114040590,2019-11-18T16:54:00.590,14.060,0.727,-0.689,-0.112
1574114040600,2019-11-18T16:54:00.600,14.070,0.729,-0.687,-0.107
1574114040610,2019-11-18T16:54:00.610,14.080,0.731,-0.691,-0.108
1574114040620,2019-11-18T16:54:00.620,14.090,0.732,-0.692,-0.112
1574114040630,2019-11-18T16:54:00.630,14.100,0.729,-0.688,-0.111
1574114040640,2019-11-18T16:54:00.640,14.110,0.729,-0.682,-0.113
1574114040650,2019-11-18T16:54:00.650,14.120,0.731,-0.689,-0.114
1574114040660,2019-11-18T16:54:00.660,14.130,0.730,-0.691,-0.111
1574114040670,2019-11-18T16:54:00.670,14.140,0.731,-0.687,-0.112
1574114040680,2019-11-18T16:54:00.680,14.150,0.729,-0.688,-0.111
1574114040690,2019-11-18T16:54:00.690,14.160,0.732,-0.695,-0.109
1574114040700,2019-11-18T16:54:00.700,14.170,0.731,-0.690,-0.110
1574114040710,2019-11-18T16:54:00.710,14.180,0.730,-0.684,-0.107
1574114040720,2019-11-18T16:54:00.720,14.190,0.730,-0.683,-0.105
1574114040730,2019-11-18T16:54:00.730,14.200,0.732,-0.681,-0.103
1574114040740,2019-11-18T16:54:00.740,14.210,0.733,-0.676,-0.103
1574114040750,2019-11-18T16:54:00.750,14.220,0.734,-0.685,-0.102
1574114040760,2019-11-18T16:54:00.760,14.230,0.737,-0.693,-0.103
1574114040770,2019-11-18T16:54:00.770,14.240,0.738,-0.692,-0.100
1574114040780,2019-11-18T16:54:00.780,14.250,0.733,-0.685,-0.098
1574114040790,2019-11-18T16:54:00.790,14.260,0.736,-0.682,-0.097
1574114040800,2019-11-18T16:54:00.800,14.270,0.741,-0.684,-0.096
1574114040810,2019-11-18T16:54:00.810,14.280,0.738,-0.684,-0.095
1574114040820,2019-11-18T16:54:00.820,14.290,0.736,-0.688,-0.099
1574114040830,2019-11-18T16:54:00.830,14.300,0.737,-0.695,-0.100
1574114040840,2019-11-18T16:54:00.840,14.310,0.732,-0.701,-0.100
1574114040850,2019-11-18T16:54:00.850,14.320,0.727,-0.703,-0.108
1574114040860,2019-11-18T16:54:00.860,14.330,0.727,-0.709,-0.113
1574114040870,2019-11-18T16:54:00.870,14.340,0.728,-0.714,-0.117
1574114040880,2019-11-18T16:54:00.880,14.350,0.723,-0.716,-0.125
1574114040890,2019-11-18T16:54:00.890,14.360,0.717,-0.726,-0.130
1574114040900,2019-11-18T16:54:00.900,14.370,0.711,-0.733,-0.139
1574114040910,2019-11-18T16:54:00.910,14.380,0.696,-0.740,-0.151
1574114040920,2019-11-18T16:54:00.920,14.390,0.684,-0.782,-0.183
1574114040930,2019-11-18T16:54:00.930,14.400,0.670,-0.843,-0.220
1574114040940,2019-11-18T16:54:00.940,14.410,0.660,-0.864,-0.245
1574114040950,2019-11-18T16:54:00.950,14.420,0.650,-0.836,-0.258
1574114040960,2019-11-18T16:54:00.960,14.430,0.642,-0.801,-0.259
1574114040970,2019-11-18T16:54:00.970,14.440,0.646,-0.785,-0.265
1574114040980,2019-11-18T16:54:00.980,14.450,0.659,-0.795,-0.276
1574114040990,2019-11-18T16:54:00.990,14.460,0.654,-0.825,-0.274
1574114041000,2019-11-18T16:54:01.000,14.470,0.648,-0.834,-0.264
1574114041010,2019-11-18T16:54:01.010,14.480,0.646,-0.810,-0.255
1574114041020,2019-11-18T16:54:01.020,14.490,0.643,-0.783,-0.243
1574114041030,2019-11-18T16:54:01.030,14.500,0.646,-0.773,-0.227
1574114041040,2019-11-18T16:54:01.040,14.510,0.666,-0.778,-0.219
1574114041050,2019-11-18T16:54:01.050,14.520,0.673,-0.788,-0.191
1574114041060,2019-11-18T16:54:01.060,14.530,0.677,-0.786,-0.175
1574114041070,2019-11-18T16:54:01.070,14.540,0.666,-0.742,-0.162
1574114041080,2019-11-18T16:54:01.080,14.550,0.642,-0.708,-0.147
1574114041090,2019-11-18T16:54:01.090,14.560,0.645,-0.740,-0.147
1574114041100,2019-11-18T16:54:01.100,14.570,0.647,-0.769,-0.140
1574114041110,2019-11-18T16:54:01.110,14.580,0.633,-0.742,-0.127
1574114041120,2019-11-18T16:54:01.120,14.590,0.625,-0.726,-0.117
1574114041130,2019-11-18T16:54:01.130,14.600,0.624,-0.719,-0.115
1574114041140,2019-11-18T16:54:01.140,14.610,0.616,-0.713,-0.106
1574114041150,2019-11-18T16:54:01.150,14.620,0.611,-0.721,-0.101
1574114041160,2019-11-18T16:54:01.160,14.630,0.619,-0.731,-0.105
1574114041170,2019-11-18T16:54:01.170,14.640,0.595,-0.773,-0.116
1574114041180,2019-11-18T16:54:01.180,14.650,0.570,-0.803,-0.127
1574114041190,2019-11-18T16:54:01.190,14.660,0.563,-0.790,-0.135
1574114041200,2019-11-18T16:54:01.200,14.670,0.554,-0.797,-0.139
1574114041210,2019-11-18T16:54:01.210,14.680,0.542,-0.815,-0.146
1574114041220,2019-11-18T16:54:01.220,14.690,0.541,-0.818,-0.150
1574114041230,2019-11-18T16:54:01.230,14.700,0.543,-0.826,-0.149
1574114041240,2019-11-18T16:54:01.240,14.710,0.541,-0.831,-0.146
1574114041250,2019-11-18T16:54:01.250,14.720,0.530,-0.825,-0.150
1574114041260,2019-11-18T16:54:01.260,14.730,0.525,-0.842,-0.146
1574114041270,2019-11-18T16:54:01.270,14.740,0.531,-0.850,-0.150
1574114041280,2019-11-18T16:54:01.280,14.750,0.510,-0.829,-0.149
1574114041290,2019-11-18T16:54:01.290,14.760,0.499,-0.826,-0.140
1574114041300,2019-11-18T16:54:01.300,14.770,0.511,-0.858,-0.146
1574114041310,2019-11-18T16:54:01.310,14.780,0.503,-0.847,-0.146
1574114041320,2019-11-18T16:54:01.320,14.790,0.502,-0.834,-0.132
1574114041330,2019-11-18T16:54:01.330,14.800,0.509,-0.846,-0.129
1574114041340,2019-11-18T16:54:01.340,14.810,0.490,-0.838,-0.125
1574114041350,2019-11-18T16:54:01.350,14.820,0.489,-0.852,-0.122
1574114041360,2019-11-18T16:54:01.360,14.830,0.491,-0.852,-0.128
1574114041370,2019-11-18T16:54:01.370,14.840,0.487,-0.840,-0.121
1574114041380,2019-11-18T16:54:01.380,14.850,0.474,-0.840,-0.118
1574114041390,2019-11-18T16:54:01.390,14.860,0.479,-0.850,-0.116
1574114041400,2019-11-18T16:54:01.400,14.870,0.481,-0.854,-0.112
1574114041410,2019-11-18T16:54:01.410,14.880,0.473,-0.860,-0.108
1574114041420,2019-11-18T16:54:01.420,14.890,0.468,-0.855,-0.104
1574114041430,2019-11-18T16:54:01.430,14.900,0.473,-0.860,-0.098
1574114041440,2019-11-18T16:54:01.440,14.910,0.468,-0.875,-0.095
1574114041450,2019-11-18T16:54:01.450,14.920,0.471,-0.876,-0.092
1574114041460,2019-11-18T16:54:01.460,14.930,0.476,-0.864,-0.088
1574114041470,2019-11-18T16:54:01.470,14.940,0.471,-0.867,-0.080
1574114041480,2019-11-18T16:54:01.480,14.950,0.473,-0.872,-0.078
1574114041490,2019-11-18T16:54:01.490,14.960,0.474,-0.876,-0.071
1574114041500,2019-11-18T16:54:01.500,14.970,0.482,-0.873,-0.061
1574114041510,2019-11-18T16:54:01.510,14.980,0.497,-0.865,-0.053
1574114041520,2019-11-18T16:54:01.520,14.990,0.498,-0.863,-0.045
1574114041530,2019-11-18T16:54:01.530,15.000,0.505,-0.877,-0.044
1574114041540,2019-11-18T16:54:01.540,15.010,0.505,-0.881,-0.040
1574114041550,2019-11-18T16:54:01.550,15.020,0.507,-0.880,-0.040
1574114041560,2019-11-18T16:54:01.560,15.030,0.504,-0.893,-0.042
1574114041570,2019-11-18T16:54:01.570,15.040,0.490,-0.883,-0.043
1574114041580,2019-11-18T16:54:01.580,15.050,0.484,-0.867,-0.040
1574114041590,2019-11-18T16:54:01.590,15.060,0.479,-0.875,-0.043
1574114041600,2019-11-18T16:54:01.600,15.070,0.466,-0.885,-0.054
1574114041610,2019-11-18T16:54:01.610,15.080,0.458,-0.889,-0.058
1574114041620,2019-11-18T16:54:01.620,15.090,0.454,-0.900,-0.056
1574114041630,2019-11-18T16:54:01.630,15.100,0.456,-0.912,-0.063
1574114041640,2019-11-18T16:54:01.640,15.110,0.444,-0.908,-0.063
1574114041650,2019-11-18T16:54:01.650,15.120,0.425,-0.887,-0.063
1574114041660,2019-11-18T16:54:01.660,15.130,0.426,-0.879,-0.069
1574114041670,2019-11-18T16:54:01.670,15.140,0.418,-0.878,-0.074
1574114041680,2019-11-18T16:54:01.680,15.150,0.412,-0.881,-0.076
1574114041690,2019-11-18T16:54:01.690,15.160,0.412,-0.885,-0.076
1574114041700,2019-11-18T16:54:01.700,15.170,0.408,-0.886,-0.081
1574114041710,2019-11-18T16:54:01.710,15.180,0.404,-0.894,-0.082
1574114041720,2019-11-18T16:54:01.720,15.190,0.399,-0.896,-0.080
1574114041730,2019-11-18T16:54:01.730,15.200,0.400,-0.900,-0.083
1574114041740,2019-11-18T16:54:01.740,15.210,0.389,-0.907,-0.081
1574114041750,2019-11-18T16:54:01.750,15.220,0.384,-0.899,-0.075
1574114041760,2019-11-18T16:54:01.760,15.230,0.389,-0.897,-0.067
1574114041770,2019-11-18T16:54:01.770,15.240,0.387,-0.911,-0.067
1574114041780,2019-11-18T16:54:01.780,15.250,0.389,-0.927,-0.067
1574114041790,2019-11-18T16:54:01.790,15.260,0.398,-0.930,-0.068
1574114041800,2019-11-18T16:54:01.800,15.270,0.397,-0.928,-0.063
1574114041810,2019-11-18T16:54:01.810,15.280,0.388,-0.931,-0.064
1574114041820,2019-11-18T16:54:01.820,15.290,0.383,-0.927,-0.063
1574114041830,2019-11-18T16:54:01.830,15.300,0.376,-0.920,-0.061
1574114041840,2019-11-18T16:54:01.840,15.310,0.375,-0.917,-0.058
1574114041850,2019-11-18T16:54:01.850,15.320,0.382,-0.924,-0.056
1574114041860,2019-11-18T16:54:01.860,15.330,0.387,-0.922,-0.053
1574114041870,2019-11-18T16:54:01.870,15.340,0.385,-0.919,-0.053
1574114041880,2019-11-18T16:54:01.880,15.350,0.377,-0.920,-0.054
1574114041890,2019-11-18T16:54:01.890,15.360,0.375,-0.916,-0.054
1574114041900,2019-11-18T16:54:01.900,15.370,0.378,-0.917,-0.052
1574114041910,2019-11-18T16:54:01.910,15.380,0.379,-0.921,-0.053
1574114041920,2019-11-18T16:54:01.920,15.390,0.377,-0.914,-0.049
1574114041930,2019-11-18T16:54:01.930,15.400,0.382,-0.916,-0.049
1574114041940,2019-11-18T16:54:01.940,15.410,0.381,-0.919,-0.047
1574114041950,2019-11-18T16:54:01.950,15.420,0.382,-0.914,-0.044
1574114041960,2019-11-18T16:54:01.960,15.430,0.384,-0.910,-0.045
1574114041970,2019-11-18T16:54:01.970,15.440,0.390,-0.912,-0.042
1574114041980,2019-11-18T16:54:01.980,15.450,0.390,-0.915,-0.041
1574114041990,2019-11-18T16:54:01.990,15.460,0.386,-0.921,-0.041
1574114042000,2019-11-18T16:54:02.000,15.470,0.387,-0.920,-0.038
1574114042010,2019-11-18T16:54:02.010,15.480,0.389,-0.921,-0.035
1574114042020,2019-11-18T16:54:02.020,15.490,0.390,-0.925,-0.035
1574114042030,2019-11-18T16:54:02.030,15.500,0.389,-0.922,-0.036
1574114042040,2019-11-18T16:54:02.040,15.510,0.390,-0.918,-0.036
1574114042050,2019-11-18T16:54:02.050,15.520,0.393,-0.920,-0.037
1574114042060,2019-11-18T16:54:02.060,15.530,0.392,-0.923,-0.040
1574114042070,2019-11-18T16:54:02.070,15.540,0.390,-0.921,-0.037
1574114042080,2019-11-18T16:54:02.080,15.550,0.384,-0.918,-0.040
1574114042090,2019-11-18T16:54:02.090,15.560,0.380,-0.924,-0.038
1574114042100,2019-11-18T16:54:02.100,15.570,0.383,-0.924,-0.038
1574114042110,2019-11-18T16:54:02.110,15.580,0.384,-0.929,-0.039
1574114042120,2019-11-18T16:54:02.120,15.590,0.379,-0.923,-0.041
1574114042130,2019-11-18T16:54:02.130,15.600,0.379,-0.909,-0.045
1574114042140,2019-11-18T16:54:02.140,15.610,0.383,-0.912,-0.045
1574114042150,2019-11-18T16:54:02.150,15.620,0.386,-0.924,-0.045
1574114042160,2019-11-18T16:54:02.160,15.630,0.386,-0.928,-0.045
1574114042170,2019-11-18T16:54:02.170,15.640,0.387,-0.926,-0.048
1574114042180,2019-11-18T16:54:02.180,15.650,0.388,-0.928,-0.044
1574114042190,2019-11-18T16:54:02.190,15.660,0.387,-0.926,-0.042
1574114042200,2019-11-18T16:54:02.200,15.670,0.389,-0.921,-0.039
1574114042210,2019-11-18T16:54:02.210,15.680,0.384,-0.916,-0.037
1574114042220,2019-11-18T16:54:02.220,15.690,0.388,-0.910,-0.035
1574114042230,2019-11-18T16:54:02.230,15.700,0.396,-0.914,-0.037
1574114042240,2019-11-18T16:54:02.240,15.710,0.405,-0.918,-0.041
1574114042250,2019-11-18T16:54:02.250,15.720,0.409,-0.919,-0.041
1574114042260,2019-11-18T16:54:02.260,15.730,0.404,-0.918,-0.039
1574114042270,2019-11-18T16:54:02.270,15.740,0.403,-0.917,-0.040
1574114042280,2019-11-18T16:54:02.280,15.750,0.401,-0.922,-0.040
1574114042290,2019-11-18T16:54:02.290,15.760,0.403,-0.924,-0.037
1574114042300,2019-11-18T16:54:02.300,15.770,0.403,-0.924,-0.038
1574114042310,2019-11-18T16:54:02.310,15.780,0.398,-0.915,-0.038
1574114042320,2019-11-18T16:54:02.320,15.790,0.395,-0.918,-0.038
1574114042330,2019-11-18T16:54:02.330,15.800,0.399,-0.918,-0.047
1574114042340,2019-11-18T16:54:02.340,15.810,0.398,-0.921,-0.045
1574114042350,2019-11-18T16:54:02.350,15.820,0.396,-0.925,-0.046
1574114042360,2019-11-18T16:54:02.360,15.830,0.395,-0.922,-0.045
1574114042370,2019-11-18T16:54:02.370,15.840,0.394,-0.924,-0.045
1574114042380,2019-11-18T16:54:02.380,15.850,0.387,-0.921,-0.043
1574114042390,2019-11-18T16:54:02.390,15.860,0.387,-0.923,-0.044
1574114042400,2019-11-18T16:54:02.400,15.870,0.388,-0.923,-0.044
1574114042410,2019-11-18T16:54:02.410,15.880,0.392,-0.918,-0.042
1574114042420,2019-11-18T16:54:02.420,15.890,0.389,-0.916,-0.046
1574114042430,2019-11-18T16:54:02.430,15.900,0.387,-0.911,-0.047
1574114042440,2019-11-18T16:54:02.440,15.910,0.392,-0.907,-0.049
1574114042450,2019-11-18T16:54:02.450,15.920,0.388,-0.912,-0.049
1574114042460,2019-11-18T16:54:02.460,15.930,0.391,-0.919,-0.048
1574114042470,2019-11-18T16:54:02.470,15.940,0.396,-0.919,-0.048
1574114042480,2019-11-18T16:54:02.480,15.950,0.398,-0.918,-0.045
1574114042490,2019-11-18T16:54:02.490,15.960,0.400,-0.916,-0.045
1574114042500,2019-11-18T16:54:02.500,15.970,0.402,-0.919,-0.047
1574114042510,2019-11-18T16:54:02.510,15.980,0.403,-0.915,-0.042
1574114042520,2019-11-18T16:54:02.520,15.990,0.407,-0.904,-0.042
1574114042530,2019-11-18T16:54:02.530,16.000,0.409,-0.905,-0.038
1574114042540,2019-11-18T16:54:02.540,16.010,0.410,-0.911,-0.037
1574114042550,2019-11-18T16:54:02.550,16.020,0.422,-0.915,-0.036
1574114042560,2019-11-18T16:54:02.560,16.030,0.429,-0.917,-0.031
1574114042570,2019-11-18T16:54:02.570,16.040,0.433,-0.917,-0.032
1574114042580,2019-11-18T16:54:02.580,16.050,0.430,-0.911,-0.029
1574114042590,2019-11-18T16:54:02.590,16.060,0.431,-0.910,-0.026
1574114042600,2019-11-18T16:54:02.600,16.070,0.432,-0.910,-0.027
1574114042610,2019-11-18T16:54:02.610,16.080,0.434,-0.912,-0.027
1574114042620,2019-11-18T16:54:02.620,16.090,0.429,-0.917,-0.031
1574114042630,2019-11-18T16:54:02.630,16.100,0.427,-0.917,-0.033
1574114042640,2019-11-18T16:54:02.640,16.110,0.427,-0.916,-0.038
1574114042650,2019-11-18T16:54:02.650,16.120,0.424,-0.918,-0.040
1574114042660,2019-11-18T16:54:02.660,16.130,0.419,-0.919,-0.041
1574114042670,2019-11-18T16:54:02.670,16.140,0.414,-0.917,-0.042
1574114042680,2019-11-18T16:54:02.680,16.150,0.409,-0.923,-0.044
1574114042690,2019-11-18T16:54:02.690,16.160,0.404,-0.920,-0.045
1574114042700,2019-11-18T16:54:02.700,16.170,0.401,-0.918,-0.046
1574114042710,2019-11-18T16:54:02.710,16.180,0.397,-0.919,-0.046
1574114042720,2019-11-18T16:54:02.720,16.190,0.397,-0.914,-0.050
1574114042730,2019-11-18T16:54:02.730,16.200,0.398,-0.910,-0.057
1574114042740,2019-11-18T16:54:02.740,16.210,0.394,-0.916,-0.055
1574114042750,2019-11-18T16:54:02.750,16.220,0.397,-0.916,-0.053
1574114042760,2019-11-18T16:54:02.760,16.230,0.400,-0.917,-0.050
1574114042770,2019-11-18T16:54:02.770,16.240,0.408,-0.919,-0.049
1574114042780,2019-11-18T16:54:02.780,16.250,0.413,-0.915,-0.047
1574114042790,2019-11-18T16:54:02.790,16.260,0.410,-0.912,-0.043
1574114042800,2019-11-18T16:54:02.800,16.270,0.410,-0.919,-0.041
1574114042810,2019-11-18T16:54:02.810,16.280,0.428,-0.915,-0.037
1574114042820,2019-11-18T16:54:02.820,16.290,0.433,-0.909,-0.028
1574114042830,2019-11-18T16:54:02.830,16.300,0.432,-0.912,-0.026
1574114042840,2019-11-18T16:54:02.840,16.310,0.432,-0.915,-0.025
1574114042850,2019-11-18T16:54:02.850,16.320,0.427,-0.916,-0.027
1574114042860,2019-11-18T16:54:02.860,16.330,0.422,-0.922,-0.031
1574114042870,2019-11-18T16:54:02.870,16.340,0.417,-0.923,-0.035
1574114042880,2019-11-18T16:54:02.880,16.350,0.404,-0.918,-0.042
1574114042890,2019-11-18T16:54:02.890,16.360,0.394,-0.919,-0.046
1574114042900,2019-11-18T16:54:02.900,16.370,0.388,-0.926,-0.056
1574114042910,2019-11-18T16:54:02.910,16.380,0.383,-0.931,-0.064
1574114042920,2019-11-18T16:54:02.920,16.390,0.383,-0.927,-0.067
1574114042930,2019-11-18T16:54:02.930,16.400,0.379,-0.923,-0.069
1574114042940,2019-11-18T16:54:02.940,16.410,0.378,-0.932,-0.072
1574114042950,2019-11-18T16:54:02.950,16.420,0.376,-0.930,-0.075
1574114042960,2019-11-18T16:54:02.960,16.430,0.367,-0.928,-0.083
1574114042970,2019-11-18T16:54:02.970,16.440,0.364,-0.934,-0.082
1574114042980,2019-11-18T16:54:02.980,16.450,0.367,-0.940,-0.082
1574114042990,2019-11-18T16:54:02.990,16.460,0.378,-0.942,-0.074
1574114043000,2019-11-18T16:54:03.000,16.470,0.384,-0.940,-0.071
1574114043010,2019-11-18T16:54:03.010,16.480,0.379,-0.945,-0.071
1574114043020,2019-11-18T16:54:03.020,16.490,0.380,-0.939,-0.070
1574114043030,2019-11-18T16:54:03.030,16.500,0.379,-0.935,-0.074
1574114043040,2019-11-18T16:54:03.040,16.510,0.374,-0.935,-0.073
1574114043050,2019-11-18T16:54:03.050,16.520,0.370,-0.937,-0.070
1574114043060,2019-11-18T16:54:03.060,16.530,0.372,-0.930,-0.067
1574114043070,2019-11-18T16:54:03.070,16.540,0.383,-0.935,-0.058
1574114043080,2019-11-18T16:54:03.080,16.550,0.403,-0.945,-0.051
1574114043090,2019-11-18T16:54:03.090,16.560,0.412,-0.939,-0.040
1574114043100,2019-11-18T16:54:03.100,16.570,0.417,-0.918,-0.036
1574114043110,2019-11-18T16:54:03.110,16.580,0.426,-0.911,-0.033
1574114043120,2019-11-18T16:54:03.120,16.590,0.441,-0.924,-0.024
1574114043130,2019-11-18T16:54:03.130,16.600,0.455,-0.935,-0.019
1574114043140,2019-11-18T16:54:03.140,16.610,0.455,-0.918,-0.015
1574114043150,2019-11-18T16:54:03.150,16.620,0.459,-0.912,-0.007
1574114043160,2019-11-18T16:54:03.160,16.630,0.462,-0.924,-0.017
1574114043170,2019-11-18T16:54:03.170,16.640,0.456,-0.943,-0.029
1574114043180,2019-11-18T16:54:03.180,16.650,0.446,-0.975,-0.035
1574114043190,2019-11-18T16:54:03.190,16.660,0.434,-0.984,-0.042
1574114043200,2019-11-18T16:54:03.200,16.670,0.401,-0.960,-0.051
1574114043210,2019-11-18T16:54:03.210,16.680,0.371,-0.950,-0.063
1574114043220,2019-11-18T16:54:03.220,16.690,0.351,-0.945,-0.079
1574114043230,2019-11-18T16:54:03.230,16.700,0.329,-0.945,-0.094
1574114043240,2019-11-18T16:54:03.240,16.710,0.300,-0.938,-0.103
1574114043250,2019-11-18T16:54:03.250,16.720,0.281,-0.940,-0.107
1574114043260,2019-11-18T16:54:03.260,16.730,0.274,-0.948,-0.116
1574114043270,2019-11-18T16:54:03.270,16.740,0.265,-0.954,-0.117
1574114043280,2019-11-18T16:54:03.280,16.750,0.251,-0.952,-0.124
1574114043290,2019-11-18T16:54:03.290,16.760,0.230,-0.925,-0.129
1574114043300,2019-11-18T16:54:03.300,16.770,0.221,-0.930,-0.126
1574114043310,2019-11-18T16:54:03.310,16.780,0.223,-0.949,-0.123
1574114043320,2019-11-18T16:54:03.320,16.790,0.211,-0.964,-0.115
1574114043330,2019-11-18T16:54:03.330,16.800,0.209,-0.968,-0.110
1574114043340,2019-11-18T16:54:03.340,16.810,0.216,-0.965,-0.110
1574114043350,2019-11-18T16:54:03.350,16.820,0.216,-0.983,-0.101
1574114043360,2019-11-18T16:54:03.360,16.830,0.216,-1.003,-0.101
1574114043370,2019-11-18T16:54:03.370,16.840,0.212,-1.025,-0.092
1574114043380,2019-11-18T16:54:03.380,16.850,0.222,-1.032,-0.083
1574114043390,2019-11-18T16:54:03.390,16.860,0.224,-0.999,-0.074
1574114043400,2019-11-18T16:54:03.400,16.870,0.226,-0.962,-0.067
1574114043410,2019-11-18T16:54:03.410,16.880,0.219,-0.942,-0.062
1574114043420,2019-11-18T16:54:03.420,16.890,0.220,-0.929,-0.057
1574114043430,2019-11-18T16:54:03.430,16.900,0.223,-0.921,-0.045
1574114043440,2019-11-18T16:54:03.440,16.910,0.219,-0.915,-0.040
1574114043450,2019-11-18T16:54:03.450,16.920,0.220,-0.938,-0.034
1574114043460,2019-11-18T16:54:03.460,16.930,0.224,-0.966,-0.034
1574114043470,2019-11-18T16:54:03.470,16.940,0.228,-0.969,-0.025
1574114043480,2019-11-18T16:54:03.480,16.950,0.227,-0.965,-0.019
1574114043490,2019-11-18T16:54:03.490,16.960,0.226,-0.960,-0.017
1574114043500,2019-11-18T16:54:03.500,16.970,0.230,-0.961,-0.011
1574114043510,2019-11-18T16:54:03.510,16.980,0.247,-0.960,0.002
1574114043520,2019-11-18T16:54:03.520,16.990,0.255,-0.951,0.014
1574114043530,2019-11-18T16:54:03.530,17.000,0.260,-0.954,0.025
1574114043540,2019-11-18T16:54:03.540,17.010,0.265,-0.970,0.027
1574114043550,2019-11-18T16:54:03.550,17.020,0.265,-0.978,0.031
1574114043560,2019-11-18T16:54:03.560,17.030,0.259,-0.967,0.028
1574114043570,2019-11-18T16:54:03.570,17.040,0.246,-0.960,0.024
1574114043580,2019-11-18T16:54:03.580,17.050,0.246,-0.957,0.025
1574114043590,2019-11-18T16:54:03.590,17.060,0.240,-0.964,0.022
1574114043600,2019-11-18T16:54:03.600,17.070,0.233,-0.968,0.020
1574114043610,2019-11-18T16:54:03.610,17.080,0.228,-0.970,0.022
1574114043620,2019-11-18T16:54:03.620,17.090,0.229,-0.984,0.022
1574114043630,2019-11-18T16:54:03.630,17.100,0.231,-0.984,0.022
1574114043640,2019-11-18T16:54:03.640,17.110,0.223,-0.984,0.017
1574114043650,2019-11-18T16:54:03.650,17.120,0.220,-0.971,0.015
1574114043660,2019-11-18T16:54:03.660,17.130,0.216,-0.961,0.018
1574114043670,2019-11-18T16:54:03.670,17.140,0.230,-0.967,0.021
1574114043680,2019-11-18T16:54:03.680,17.150,0.225,-0.962,0.024
1574114043690,2019-11-18T16:54:03.690,17.160,0.218,-0.952,0.024
1574114043700,2019-11-18T16:54:03.700,17.170,0.219,-0.962,0.022
1574114043710,2019-11-18T16:54:03.710,17.180,0.220,-0.974,0.024
1574114043720,2019-11-18T16:54:03.720,17.190,0.222,-0.973,0.023
1574114043730,2019-11-18T16:54:03.730,17.200,0.215,-0.972,0.021
1574114043740,2019-11-18T16:54:03.740,17.210,0.219,-0.977,0.026
1574114043750,2019-11-18T16:54:03.750,17.220,0.222,-0.975,0.027
1574114043760,2019-11-18T16:54:03.760,17.230,0.220,-0.976,0.024
1574114043770,2019-11-18T16:54:03.770,17.240,0.213,-0.982,0.024
1574114043780,2019-11-18T16:54:03.780,17.250,0.211,-0.992,0.018
1574114043790,2019-11-18T16:54:03.790,17.260,0.207,-0.993,0.005
1574114043800,2019-11-18T16:54:03.800,17.270,0.199,-0.986,-0.004
1574114043810,2019-11-18T16:54:03.810,17.280,0.192,-0.976,-0.014
1574114043820,2019-11-18T16:54:03.820,17.290,0.168,-0.970,-0.030
1574114043830,2019-11-18T16:54:03.830,17.300,0.147,-0.968,-0.045
1574114043840,2019-11-18T16:54:03.840,17.310,0.126,-0.983,-0.056
1574114043850,2019-11-18T16:54:03.850,17.320,0.137,-0.998,-0.066
1574114043860,2019-11-18T16:54:03.860,17.330,0.152,-0.990,-0.058
1574114043870,2019-11-18T16:54:03.870,17.340,0.180,-0.986,-0.039
1574114043880,2019-11-18T16:54:03.880,17.350,0.209,-1.007,-0.023
1574114043890,2019-11-18T16:54:03.890,17.360,0.239,-1.018,-0.016
1574114043900,2019-11-18T16:54:03.900,17.370,0.251,-1.010,-0.009
1574114043910,2019-11-18T16:54:03.910,17.380,0.255,-0.999,0.004
1574114043920,2019-11-18T16:54:03.920,17.390,0.287,-1.003,0.023
1574114043930,2019-11-18T16:54:03.930,17.400,0.357,-0.984,0.079
1574114043940,2019-11-18T16:54:03.940,17.410,0.409,-0.934,0.116
1574114043950,2019-11-18T16:54:03.950,17.420,0.419,-0.927,0.130
1574114043960,2019-11-18T16:54:03.960,17.430,0.422,-0.938,0.153
1574114043970,2019-11-18T16:54:03.970,17.440,0.429,-0.958,0.161
1574114043980,2019-11-18T16:54:03.980,17.450,0.422,-0.975,0.157
1574114043990,2019-11-18T16:54:03.990,17.460,0.402,-0.972,0.158
1574114044000,2019-11-18T16:54:04.000,17.470,0.384,-0.963,0.156
1574114044010,2019-11-18T16:54:04.010,17.480,0.373,-0.970,0.150
1574114044020,2019-11-18T16:54:04.020,17.490,0.355,-0.972,0.139
1574114044030,2019-11-18T16:54:04.030,17.500,0.328,-0.956,0.126
1574114044040,2019-11-18T16:54:04.040,17.510,0.299,-0.945,0.111
1574114044050,2019-11-18T16:54:04.050,17.520,0.271,-0.939,0.098
1574114044060,2019-11-18T16:54:04.060,17.530,0.250,-0.941,0.083
1574114044070,2019-11-18T16:54:04.070,17.540,0.235,-0.950,0.074
1574114044080,2019-11-18T16:54:04.080,17.550,0.228,-0.964,0.070
1574114044090,2019-11-18T16:54:04.090,17.560,0.221,-0.973,0.059
1574114044100,2019-11-18T16:54:04.100,17.570,0.212,-0.973,0.045
1574114044110,2019-11-18T16:54:04.110,17.580,0.203,-0.970,0.037
1574114044120,2019-11-18T16:54:04.120,17.590,0.198,-0.969,0.040
1574114044130,2019-11-18T16:54:04.130,17.600,0.200,-0.965,0.038
1574114044140,2019-11-18T16:54:04.140,17.610,0.206,-0.959,0.042
1574114044150,2019-11-18T16:54:04.150,17.620,0.202,-0.955,0.046
1574114044160,2019-11-18T16:54:04.160,17.630,0.212,-0.958,0.051
1574114044170,2019-11-18T16:54:04.170,17.640,0.228,-0.962,0.064
1574114044180,2019-11-18T16:54:04.180,17.650,0.235,-0.963,0.066
1574114044190,2019-11-18T16:54:04.190,17.660,0.238,-0.967,0.069
1574114044200,2019-11-18T16:54:04.200,17.670,0.237,-0.972,0.067
1574114044210,2019-11-18T16:54:04.210,17.680,0.233,-0.977,0.064
1574114044220,2019-11-18T16:54:04.220,17.690,0.229,-0.981,0.059
1574114044230,2019-11-18T16:54:04.230,17.700,0.227,-0.985,0.048
1574114044240,2019-11-18T16:54:04.240,17.710,0.219,-0.980,0.044
1574114044250,2019-11-18T16:54:04.250,17.720,0.208,-0.979,0.035
1574114044260,2019-11-18T16:54:04.260,17.730,0.201,-0.978,0.021
1574114044270,2019-11-18T16:54:04.270,17.740,0.193,-0.973,0.016
1574114044280,2019-11-18T16:54:04.280,17.750,0.170,-0.974,-0.007
1574114044290,2019-11-18T16:54:04.290,17.760,0.141,-0.987,-0.034
1574114044300,2019-11-18T16:54:04.300,17.770,0.134,-1.014,-0.048
1574114044310,2019-11-18T16:54:04.310,17.780,0.158,-1.026,-0.040
1574114044320,2019-11-18T16:54:04.320,17.790,0.172,-1.014,-0.032
1574114044330,2019-11-18T16:54:04.330,17.800,0.181,-1.000,-0.022
1574114044340,2019-11-18T16:54:04.340,17.810,0.200,-0.995,-0.009
1574114044350,2019-11-18T16:54:04.350,17.820,0.226,-0.990,0.006
1574114044360,2019-11-18T16:54:04.360,17.830,0.245,-0.988,0.024
1574114044370,2019-11-18T16:54:04.370,17.840,0.259,-0.972,0.042
1574114044380,2019-11-18T16:54:04.380,17.850,0.270,-0.966,0.052
1574114044390,2019-11-18T16:54:04.390,17.860,0.273,-0.963,0.056
1574114044400,2019-11-18T16:54:04.400,17.870,0.287,-0.958,0.063
1574114044410,2019-11-18T16:54:04.410,17.880,0.294,-0.958,0.067
1574114044420,2019-11-18T16:54:04.420,17.890,0.295,-0.966,0.078
1574114044430,2019-11-18T16:54:04.430,17.900,0.298,-0.964,0.085
1574114044440,2019-11-18T16:54:04.440,17.910,0.304,-0.953,0.087
1574114044450,2019-11-18T16:54:04.450,17.920,0.300,-0.942,0.084
1574114044460,2019-11-18T16:54:04.460,17.930,0.294,-0.941,0.086
1574114044470,2019-11-18T16:54:04.470,17.940,0.288,-0.944,0.084
1574114044480,2019-11-18T16:54:04.480,17.950,0.290,-0.946,0.082
1574114044490,2019-11-18T16:54:04.490,17.960,0.293,-0.944,0.082
1574114044500,2019-11-18T16:54:04.500,17.970,0.285,-0.945,0.083
1574114044510,2019-11-18T16:54:04.510,17.980,0.282,-0.946,0.083
1574114044520,2019-11-18T16:54:04.520,17.990,0.286,-0.947,0.082
1574114044530,2019-11-18T16:54:04.530,18.000,0.290,-0.952,0.083
1574114044540,2019-11-18T16:54:04.540,18.010,0.292,-0.959,0.081
1574114044550,2019-11-18T16:54:04.550,18.020,0.294,-0.974,0.077
1574114044560,2019-11-18T16:54:04.560,18.030,0.307,-0.982,0.073
1574114044570,2019-11-18T16:54:04.570,18.040,0.318,-0.974,0.078
1574114044580,2019-11-18T16:54:04.580,18.050,0.313,-0.962,0.082
1574114044590,2019-11-18T16:54:04.590,18.060,0.305,-0.949,0.085
1574114044600,2019-11-18T16:54:04.600,18.070,0.307,-0.944,0.089
1574114044610,2019-11-18T16:54:04.610,18.080,0.313,-0.943,0.088
1574114044620,2019-11-18T16:54:04.620,18.090,0.308,-0.952,0.091
1574114044630,2019-11-18T16:54:04.630,18.100,0.310,-0.965,0.091
1574114044640,2019-11-18T16:54:04.640,18.110,0.314,-0.965,0.093
1574114044650,2019-11-18T16:54:04.650,18.120,0.322,-0.957,0.098
1574114044660,2019-11-18T16:54:04.660,18.130,0.320,-0.948,0.102
1574114044670,2019-11-18T16:54:04.670,18.140,0.316,-0.948,0.103
1574114044680,2019-11-18T16:54:04.680,18.150,0.325,-0.949,0.106
1574114044690,2019-11-18T16:54:04.690,18.160,0.329,-0.955,0.104
1574114044700,2019-11-18T16:54:04.700,18.170,0.326,-0.957,0.106
1574114044710,2019-11-18T16:54:04.710,18.180,0.332,-0.949,0.111
1574114044720,2019-11-18T16:54:04.720,18.190,0.333,-0.950,0.115
1574114044730,2019-11-18T16:54:04.730,18.200,0.333,-0.953,0.121
1574114044740,2019-11-18T16:54:04.740,18.210,0.329,-0.953,0.124
1574114044750,2019-11-18T16:54:04.750,18.220,0.320,-0.955,0.123
1574114044760,2019-11-18T16:54:04.760,18.230,0.316,-0.957,0.123
1574114044770,2019-11-18T16:54:04.770,18.240,0.316,-0.958,0.125
1574114044780,2019-11-18T16:54:04.780,18.250,0.318,-0.957,0.128
1574114044790,2019-11-18T16:54:04.790,18.260,0.313,-0.956,0.126
1574114044800,2019-11-18T16:54:04.800,18.270,0.308,-0.955,0.126
1574114044810,2019-11-18T16:54:04.810,18.280,0.308,-0.952,0.127
1574114044820,2019-11-18T16:54:04.820,18.290,0.305,-0.950,0.130
1574114044830,2019-11-18T16:54:04.830,18.300,0.305,-0.942,0.128
1574114044840,2019-11-18T16:54:04.840,18.310,0.301,-0.944,0.125
1574114044850,2019-11-18T16:54:04.850,18.320,0.303,-0.959,0.122
1574114044860,2019-11-18T16:54:04.860,18.330,0.301,-0.965,0.118
1574114044870,2019-11-18T16:54:04.870,18.340,0.296,-0.966,0.117
1574114044880,2019-11-18T16:54:04.880,18.350,0.294,-0.966,0.114
1574114044890,2019-11-18T16:54:04.890,18.360,0.290,-0.963,0.111
1574114044900,2019-11-18T16:54:04.900,18.370,0.289,-0.958,0.112
1574114044910,2019-11-18T16:54:04.910,18.380,0.282,-0.950,0.112
1574114044920,2019-11-18T16:54:04.920,18.390,0.280,-0.943,0.115
1574114044930,2019-11-18T16:54:04.930,18.400,0.283,-0.942,0.120
1574114044940,2019-11-18T16:54:04.940,18.410,0.283,-0.949,0.119
1574114044950,2019-11-18T16:54:04.950,18.420,0.290,-0.955,0.120
1574114044960,2019-11-18T16:54:04.960,18.430,0.292,-0.948,0.120
1574114044970,2019-11-18T16:54:04.970,18.440,0.287,-0.944,0.124
1574114044980,2019-11-18T16:54:04.980,18.450,0.283,-0.943,0.125
1574114044990,2019-11-18T16:54:04.990,18.460,0.292,-0.935,0.125
1574114045000,2019-11-18T16:54:05.000,18.470,0.300,-0.933,0.120
1574114045010,2019-11-18T16:54:05.010,18.480,0.300,-0.937,0.119
1574114045020,2019-11-18T16:54:05.020,18.490,0.311,-0.943,0.113
1574114045030,2019-11-18T16:54:05.030,18.500,0.316,-0.952,0.113
1574114045040,2019-11-18T16:54:05.040,18.510,0.321,-0.952,0.110
1574114045050,2019-11-18T16:54:05.050,18.520,0.319,-0.946,0.111
1574114045060,2019-11-18T16:54:05.060,18.530,0.325,-0.947,0.112
1574114045070,2019-11-18T16:54:05.070,18.540,0.334,-0.954,0.110
1574114045080,2019-11-18T16:54:05.080,18.550,0.335,-0.969,0.118
1574114045090,2019-11-18T16:54:05.090,18.560,0.337,-0.992,0.120
1574114045100,2019-11-18T16:54:05.100,18.570,0.335,-1.005,0.120
1574114045110,2019-11-18T16:54:05.110,18.580,0.330,-1.012,0.124
1574114045120,2019-11-18T16:54:05.120,18.590,0.331,-1.028,0.126
1574114045130,2019-11-18T16:54:05.130,18.600,0.338,-1.027,0.129
1574114045140,2019-11-18T16:54:05.140,18.610,0.331,-1.014,0.132
1574114045150,2019-11-18T16:54:05.150,18.620,0.327,-0.995,0.135
1574114045160,2019-11-18T16:54:05.160,18.630,0.320,-0.974,0.135
1574114045170,2019-11-18T16:54:05.170,18.640,0.314,-0.959,0.138
1574114045180,2019-11-18T16:54:05.180,18.650,0.314,-0.951,0.135
1574114045190,2019-11-18T16:54:05.190,18.660,0.310,-0.949,0.137
1574114045200,2019-11-18T16:54:05.200,18.670,0.304,-0.947,0.137
1574114045210,2019-11-18T16:54:05.210,18.680,0.298,-0.956,0.138
1574114045220,2019-11-18T16:54:05.220,18.690,0.291,-0.959,0.137
1574114045230,2019-11-18T16:54:05.230,18.700,0.283,-0.954,0.135
1574114045240,2019-11-18T16:54:05.240,18.710,0.280,-0.947,0.136
1574114045250,2019-11-18T16:54:05.250,18.720,0.271,-0.958,0.132
1574114045260,2019-11-18T16:54:05.260,18.730,0.266,-0.969,0.131
1574114045270,2019-11-18T16:54:05.270,18.740,0.265,-0.968,0.128
1574114045280,2019-11-18T16:54:05.280,18.750,0.260,-0.965,0.130
1574114045290,2019-11-18T16:54:05.290,18.760,0.256,-0.970,0.132
1574114045300,2019-11-18T16:54:05.300,18.770,0.257,-0.969,0.135
1574114045310,2019-11-18T16:54:05.310,18.780,0.254,-0.961,0.134
1574114045320,2019-11-18T16:54:05.320,18.790,0.250,-0.965,0.135
1574114045330,2019-11-18T16:54:05.330,18.800,0.253,-0.970,0.138
1574114045340,2019-11-18T16:54:05.340,18.810,0.255,-0.966,0.136
1574114045350,2019-11-18T16:54:05.350,18.820,0.254,-0.961,0.136
1574114045360,2019-11-18T16:54:05.360,18.830,0.253,-0.951,0.127
1574114045370,2019-11-18T16:54:05.370,18.840,0.254,-0.958,0.129
1574114045380,2019-11-18T16:54:05.380,18.850,0.250,-0.971,0.131
1574114045390,2019-11-18T16:54:05.390,18.860,0.247,-0.961,0.133
1574114045400,2019-11-18T16:54:05.400,18.870,0.243,-0.956,0.139
1574114045410,2019-11-18T16:54:05.410,18.880,0.242,-0.968,0.140
1574114045420,2019-11-18T16:54:05.420,18.890,0.241,-0.975,0.145
1574114045430,2019-11-18T16:54:05.430,18.900,0.235,-0.975,0.145
1574114045440,2019-11-18T16:54:05.440,18.910,0.231,-0.973,0.146
1574114045450,2019-11-18T16:54:05.450,18.920,0.226,-0.970,0.148
1574114045460,2019-11-18T16:54:05.460,18.930,0.225,-0.965,0.145
1574114045470,2019-11-18T16:54:05.470,18.940,0.230,-0.967,0.146
1574114045480,2019-11-18T16:54:05.480,18.950,0.225,-0.969,0.147
1574114045490,2019-11-18T16:54:05.490,18.960,0.220,-0.960,0.145
1574114045500,2019-11-18T16:54:05.500,18.970,0.215,-0.945,0.148
1574114045510,2019-11-18T16:54:05.510,18.980,0.214,-0.953,0.151
1574114045520,2019-11-18T16:54:05.520,18.990,0.216,-0.969,0.150
1574114045530,2019-11-18T16:54:05.530,19.000,0.219,-0.972,0.152
1574114045540,2019-11-18T16:54:05.540,19.010,0.217,-0.972,0.147
1574114045550,2019-11-18T16:54:05.550,19.020,0.219,-0.962,0.147
1574114045560,2019-11-18T16:54:05.560,19.030,0.213,-0.960,0.147
1574114045570,2019-11-18T16:54:05.570,19.040,0.211,-0.973,0.146
1574114045580,2019-11-18T16:54:05.580,19.050,0.220,-0.977,0.146
1574114045590,2019-11-18T16:54:05.590,19.060,0.222,-0.974,0.143
1574114045600,2019-11-18T16:54:05.600,19.070,0.213,-0.963,0.140
1574114045610,2019-11-18T16:54:05.610,19.080,0.208,-0.951,0.138
1574114045620,2019-11-18T16:54:05.620,19.090,0.208,-0.953,0.134
1574114045630,2019-11-18T16:54:05.630,19.100,0.208,-0.969,0.127
1574114045640,2019-11-18T16:54:05.640,19.110,0.209,-0.979,0.125
1574114045650,2019-11-18T16:54:05.650,19.120,0.208,-0.976,0.127
1574114045660,2019-11-18T16:54:05.660,19.130,0.207,-0.975,0.126
1574114045670,2019-11-18T16:54:05.670,19.140,0.206,-0.970,0.123
1574114045680,2019-11-18T16:54:05.680,19.150,0.209,-0.965,0.123
1574114045690,2019-11-18T16:54:05.690,19.160,0.207,-0.968,0.121
1574114045700,2019-11-18T16:54:05.700,19.170,0.209,-0.964,0.118
1574114045710,2019-11-18T16:54:05.710,19.180,0.205,-0.961,0.116
1574114045720,2019-11-18T16:54:05.720,19.190,0.201,-0.969,0.113
1574114045730,2019-11-18T16:54:05.730,19.200,0.203,-0.977,0.114
1574114045740,2019-11-18T16:54:05.740,19.210,0.207,-0.981,0.112
1574114045750,2019-11-18T16:54:05.750,19.220,0.207,-0.987,0.111
1574114045760,2019-11-18T16:54:05.760,19.230,0.207,-0.984,0.114
1574114045770,2019-11-18T16:54:05.770,19.240,0.206,-0.982,0.119
1574114045780,2019-11-18T16:54:05.780,19.250,0.203,-0.980,0.122
1574114045790,2019-11-18T16:54:05.790,19.260,0.205,-0.978,0.122
1574114045800,2019-11-18T16:54:05.800,19.270,0.204,-0.979,0.120
1574114045810,2019-11-18T16:54:05.810,19.280,0.202,-0.980,0.116
1574114045820,2019-11-18T16:54:05.820,19.290,0.202,-0.971,0.114
1574114045830,2019-11-18T16:54:05.830,19.300,0.203,-0.972,0.116
1574114045840,2019-11-18T16:54:05.840,19.310,0.203,-0.981,0.113
1574114045850,2019-11-18T16:54:05.850,19.320,0.206,-0.977,0.111
1574114045860,2019-11-18T16:54:05.860,19.330,0.208,-0.972,0.112
1574114045870,2019-11-18T16:54:05.870,19.340,0.206,-0.973,0.107
1574114045880,2019-11-18T16:54:05.880,19.350,0.210,-0.975,0.104
1574114045890,2019-11-18T16:54:05.890,19.360,0.216,-0.968,0.102
1574114045900,2019-11-18T16:54:05.900,19.370,0.216,-0.967,0.102
1574114045910,2019-11-18T16:54:05.910,19.380,0.212,-0.968,0.099
1574114045920,2019-11-18T16:54:05.920,19.390,0.211,-0.971,0.096
1574114045930,2019-11-18T16:54:05.930,19.400,0.209,-0.978,0.093
1574114045940,2019-11-18T16:54:05.940,19.410,0.211,-0.984,0.089
1574114045950,2019-11-18T16:54:05.950,19.420,0.210,-0.986,0.087
1574114045960,2019-11-18T16:54:05.960,19.430,0.211,-0.987,0.086
1574114045970,2019-11-18T16:54:05.970,19.440,0.213,-0.984,0.085
1574114045980,2019-11-18T16:54:05.980,19.450,0.214,-0.986,0.092
1574114045990,2019-11-18T16:54:05.990,19.460,0.225,-0.993,0.096
1574114046000,2019-11-18T16:54:06.000,19.470,0.230,-0.989,0.101
1574114046010,2019-11-18T16:54:06.010,19.480,0.231,-0.972,0.107
1574114046020,2019-11-18T16:54:06.020,19.490,0.236,-0.957,0.111
1574114046030,2019-11-18T16:54:06.030,19.500,0.247,-0.945,0.116
1574114046040,2019-11-18T16:54:06.040,19.510,0.253,-0.939,0.120
1574114046050,2019-11-18T16:54:06.050,19.520,0.251,-0.938,0.120
1574114046060,2019-11-18T16:54:06.060,19.530,0.254,-0.940,0.118
1574114046070,2019-11-18T16:54:06.070,19.540,0.262,-0.948,0.114
1574114046080,2019-11-18T16:54:06.080,19.550,0.266,-0.962,0.104
1574114046090,2019-11-18T16:54:06.090,19.560,0.262,-0.968,0.099
1574114046100,2019-11-18T16:54:06.100,19.570,0.253,-0.974,0.098
1574114046110,2019-11-18T16:54:06.110,19.580,0.257,-0.985,0.088
1574114046120,2019-11-18T16:54:06.120,19.590,0.263,-0.996,0.083
1574114046130,2019-11-18T16:54:06.130,19.600,0.266,-0.995,0.079
1574114046140,2019-11-18T16:54:06.140,19.610,0.271,-0.991,0.080
1574114046150,2019-11-18T16:54:06.150,19.620,0.277,-0.994,0.081
1574114046160,2019-11-18T16:54:06.160,19.630,0.281,-1.007,0.080
1574114046170,2019-11-18T16:54:06.170,19.640,0.272,-1.014,0.072
1574114046180,2019-11-18T16:54:06.180,19.650,0.266,-0.999,0.069
1574114046190,2019-11-18T16:54:06.190,19.660,0.268,-0.990,0.069
1574114046200,2019-11-18T16:54:06.200,19.670,0.266,-0.983,0.066
1574114046210,2019-11-18T16:54:06.210,19.680,0.262,-0.971,0.064
1574114046220,2019-11-18T16:54:06.220,19.690,0.261,-0.969,0.067
1574114046230,2019-11-18T16:54:06.230,19.700,0.261,-0.988,0.066
1574114046240,2019-11-18T16:54:06.240,19.710,0.262,-1.003,0.062
1574114046250,2019-11-18T16:54:06.250,19.720,0.259,-1.004,0.060
1574114046260,2019-11-18T16:54:06.260,19.730,0.255,-1.000,0.058
1574114046270,2019-11-18T16:54:06.270,19.740,0.250,-1.004,0.054
1574114046280,2019-11-18T16:54:06.280,19.750,0.248,-1.006,0.050
1574114046290,2019-11-18T16:54:06.290,19.760,0.237,-0.993,0.042
1574114046300,2019-11-18T16:54:06.300,19.770,0.223,-0.992,0.035
1574114046310,2019-11-18T16:54:06.310,19.780,0.219,-1.003,0.028
1574114046320,2019-11-18T16:54:06.320,19.790,0.219,-1.009,0.022
1574114046330,2019-11-18T16:54:06.330,19.800,0.211,-0.996,0.022
1574114046340,2019-11-18T16:54:06.340,19.810,0.203,-0.986,0.021
1574114046350,2019-11-18T16:54:06.350,19.820,0.203,-0.995,0.015
1574114046360,2019-11-18T16:54:06.360,19.830,0.195,-1.004,-0.001
1574114046370,2019-11-18T16:54:06.370,19.840,0.185,-1.015,-0.012
1574114046380,2019-11-18T16:54:06.380,19.850,0.167,-1.011,-0.026
1574114046390,2019-11-18T16:54:06.390,19.860,0.141,-1.011,-0.044
1574114046400,2019-11-18T16:54:06.400,19.870,0.136,-1.015,-0.058
1574114046410,2019-11-18T16:54:06.410,19.880,0.142,-0.991,-0.066
1574114046420,2019-11-18T16:54:06.420,19.890,0.145,-0.977,-0.059
1574114046430,2019-11-18T16:54:06.430,19.900,0.154,-0.992,-0.069
1574114046440,2019-11-18T16:54:06.440,19.910,0.157,-1.014,-0.080
1574114046450,2019-11-18T16:54:06.450,19.920,0.169,-1.009,-0.078
1574114046460,2019-11-18T16:54:06.460,19.930,0.184,-0.983,-0.063
1574114046470,2019-11-18T16:54:06.470,19.940,0.202,-0.965,-0.051
1574114046480,2019-11-18T16:54:06.480,19.950,0.231,-0.952,-0.038
1574114046490,2019-11-18T16:54:06.490,19.960,0.263,-0.946,-0.020
1574114046500,2019-11-18T16:54:06.500,19.970,0.288,-0.937,-0.010
1574114046510,2019-11-18T16:54:06.510,19.980,0.305,-0.917,0.009
1574114046520,2019-11-18T16:54:06.520,19.990,0.329,-0.889,0.035
1574114046530,2019-11-18T16:54:06.530,20.000,0.347,-0.875,0.060
1574114046540,2019-11-18T16:54:06.540,20.010,0.360,-0.880,0.069
1574114046550,2019-11-18T16:54:06.550,20.020,0.386,-0.884,0.082
1574114046560,2019-11-18T16:54:06.560,20.030,0.415,-0.869,0.100
1574114046570,2019-11-18T16:54:06.570,20.040,0.416,-0.858,0.130
1574114046580,2019-11-18T16:54:06.580,20.050,0.420,-0.863,0.141
1574114046590,2019-11-18T16:54:06.590,20.060,0.446,-0.887,0.157
1574114046600,2019-11-18T16:54:06.600,20.070,0.466,-0.905,0.172
1574114046610,2019-11-18T16:54:06.610,20.080,0.462,-0.909,0.181
1574114046620,2019-11-18T16:54:06.620,20.090,0.465,-0.906,0.189
1574114046630,2019-11-18T16:54:06.630,20.100,0.481,-0.902,0.191
1574114046640,2019-11-18T16:54:06.640,20.110,0.480,-0.912,0.201
1574114046650,2019-11-18T16:54:06.650,20.120,0.483,-0.910,0.198
1574114046660,2019-11-18T16:54:06.660,20.130,0.474,-0.901,0.207
1574114046670,2019-11-18T16:54:06.670,20.140,0.467,-0.904,0.213
1574114046680,2019-11-18T16:54:06.680,20.150,0.475,-0.911,0.212
1574114046690,2019-11-18T16:54:06.690,20.160,0.477,-0.914,0.208
1574114046700,2019-11-18T16:54:06.700,20.170,0.474,-0.902,0.204
1574114046710,2019-11-18T16:54:06.710,20.180,0.465,-0.889,0.204
1574114046720,2019-11-18T16:54:06.720,20.190,0.458,-0.886,0.201
1574114046730,2019-11-18T16:54:06.730,20.200,0.456,-0.899,0.197
1574114046740,2019-11-18T16:54:06.740,20.210,0.453,-0.907,0.196
1574114046750,2019-11-18T16:54:06.750,20.220,0.453,-0.902,0.198
1574114046760,2019-11-18T16:54:06.760,20.230,0.456,-0.901,0.199
1574114046770,2019-11-18T16:54:06.770,20.240,0.461,-0.900,0.204
1574114046780,2019-11-18T16:54:06.780,20.250,0.462,-0.908,0.205
1574114046790,2019-11-18T16:54:06.790,20.260,0.469,-0.906,0.207
1574114046800,2019-11-18T16:54:06.800,20.270,0.456,-0.900,0.206
1574114046810,2019-11-18T16:54:06.810,20.280,0.450,-0.899,0.200
1574114046820,2019-11-18T16:54:06.820,20.290,0.449,-0.900,0.201
1574114046830,2019-11-18T16:54:06.830,20.300,0.442,-0.913,0.193
1574114046840,2019-11-18T16:54:06.840,20.310,0.438,-0.922,0.186
1574114046850,2019-11-18T16:54:06.850,20.320,0.432,-0.925,0.180
1574114046860,2019-11-18T16:54:06.860,20.330,0.427,-0.921,0.177
1574114046870,2019-11-18T16:54:06.870,20.340,0.428,-0.903,0.173
1574114046880,2019-11-18T16:54:06.880,20.350,0.434,-0.895,0.172
1574114046890,2019-11-18T16:54:06.890,20.360,0.438,-0.889,0.177
1574114046900,2019-11-18T16:54:06.900,20.370,0.442,-0.884,0.179
1574114046910,2019-11-18T16:54:06.910,20.380,0.442,-0.906,0.178
1574114046920,2019-11-18T16:54:06.920,20.390,0.440,-0.914,0.175
1574114046930,2019-11-18T16:54:06.930,20.400,0.446,-0.891,0.186
1574114046940,2019-11-18T16:54:06.940,20.410,0.449,-0.875,0.188
1574114046950,2019-11-18T16:54:06.950,20.420,0.450,-0.896,0.191
1574114046960,2019-11-18T16:54:06.960,20.430,0.464,-0.932,0.183
1574114046970,2019-11-18T16:54:06.970,20.440,0.467,-0.947,0.192
1574114046980,2019-11-18T16:54:06.980,20.450,0.468,-0.949,0.192
1574114046990,2019-11-18T16:54:06.990,20.460,0.465,-0.972,0.191
1574114047000,2019-11-18T16:54:07.000,20.470,0.456,-0.973,0.199
1574114047010,2019-11-18T16:54:07.010,20.480,0.442,-0.913,0.191
1574114047020,2019-11-18T16:54:07.020,20.490,0.430,-0.850,0.188
1574114047030,2019-11-18T16:54:07.030,20.500,0.428,-0.833,0.179
1574114047040,2019-11-18T16:54:07.040,20.510,0.436,-0.834,0.169
1574114047050,2019-11-18T16:54:07.050,20.520,0.436,-0.839,0.165
1574114047060,2019-11-18T16:54:07.060,20.530,0.435,-0.856,0.153
1574114047070,2019-11-18T16:54:07.070,20.540,0.438,-0.884,0.141
1574114047080,2019-11-18T16:54:07.080,20.550,0.430,-0.898,0.131
1574114047090,2019-11-18T16:54:07.090,20.560,0.418,-0.914,0.125
1574114047100,2019-11-18T16:54:07.100,20.570,0.424,-0.931,0.120
1574114047110,2019-11-18T16:54:07.110,20.580,0.428,-0.935,0.117
1574114047120,2019-11-18T16:54:07.120,20.590,0.438,-0.926,0.120
1574114047130,2019-11-18T16:54:07.130,20.600,0.450,-0.913,0.129
1574114047140,2019-11-18T16:54:07.140,20.610,0.463,-0.899,0.137
1574114047150,2019-11-18T16:54:07.150,20.620,0.472,-0.905,0.144
1574114047160,2019-11-18T16:54:07.160,20.630,0.479,-0.917,0.148
1574114047170,2019-11-18T16:54:07.170,20.640,0.480,-0.917,0.152
1574114047180,2019-11-18T16:54:07.180,20.650,0.492,-0.914,0.165
1574114047190,2019-11-18T16:54:07.190,20.660,0.511,-0.904,0.178
1574114047200,2019-11-18T16:54:07.200,20.670,0.531,-0.888,0.200
1574114047210,2019-11-18T16:54:07.210,20.680,0.555,-0.875,0.214
1574114047220,2019-11-18T16:54:07.220,20.690,0.573,-0.862,0.223
1574114047230,2019-11-18T16:54:07.230,20.700,0.592,-0.856,0.237
1574114047240,2019-11-18T16:54:07.240,20.710,0.596,-0.854,0.250
1574114047250,2019-11-18T16:54:07.250,20.720,0.610,-0.853,0.257
1574114047260,2019-11-18T16:54:07.260,20.730,0.639,-0.838,0.271
1574114047270,2019-11-18T16:54:07.270,20.740,0.652,-0.831,0.278
1574114047280,2019-11-18T16:54:07.280,20.750,0.648,-0.850,0.267
1574114047290,2019-11-18T16:54:07.290,20.760,0.641,-0.863,0.249
1574114047300,2019-11-18T16:54:07.300,20.770,0.636,-0.862,0.231
1574114047310,2019-11-18T16:54:07.310,20.780,0.625,-0.863,0.208
1574114047320,2019-11-18T16:54:07.320,20.790,0.608,-0.860,0.188
1574114047330,2019-11-18T16:54:07.330,20.800,0.600,-0.861,0.168
1574114047340,2019-11-18T16:54:07.340,20.810,0.583,-0.875,0.147
1574114047350,2019-11-18T16:54:07.350,20.820,0.563,-0.880,0.115
1574114047360,2019-11-18T16:54:07.360,20.830,0.532,-0.888,0.085
1574114047370,2019-11-18T16:54:07.370,20.840,0.500,-0.899,0.057
1574114047380,2019-11-18T16:54:07.380,20.850,0.469,-0.901,0.033
1574114047390,2019-11-18T16:54:07.390,20.860,0.439,-0.898,0.012
1574114047400,2019-11-18T16:54:07.400,20.870,0.419,-0.888,-0.006
1574114047410,2019-11-18T16:54:07.410,20.880,0.406,-0.886,-0.016
1574114047420,2019-11-18T16:54:07.420,20.890,0.383,-0.897,-0.035
1574114047430,2019-11-18T16:54:07.430,20.900,0.355,-0.903,-0.063
1574114047440,2019-11-18T16:54:07.440,20.910,0.323,-0.899,-0.081
1574114047450,2019-11-18T16:54:07.450,20.920,0.288,-0.898,-0.091
1574114047460,2019-11-18T16:54:07.460,20.930,0.270,-0.912,-0.107
1574114047470,2019-11-18T16:54:07.470,20.940,0.260,-0.922,-0.109
1574114047480,2019-11-18T16:54:07.480,20.950,0.255,-0.928,-0.107
1574114047490,2019-11-18T16:54:07.490,20.960,0.256,-0.945,-0.104
1574114047500,2019-11-18T16:54:07.500,20.970,0.259,-0.962,-0.103
1574114047510,2019-11-18T16:54:07.510,20.980,0.252,-0.966,-0.103
1574114047520,2019-11-18T16:54:07.520,20.990,0.241,-0.960,-0.103
1574114047530,2019-11-18T16:54:07.530,21.000,0.236,-0.955,-0.102
1574114047540,2019-11-18T16:54:07.540,21.010,0.244,-0.964,-0.100
1574114047550,2019-11-18T16:54:07.550,21.020,0.251,-0.958,-0.094
1574114047560,2019-11-18T16:54:07.560,21.030,0.254,-0.946,-0.089
1574114047570,2019-11-18T16:54:07.570,21.040,0.262,-0.957,-0.086
1574114047580,2019-11-18T16:54:07.580,21.050,0.261,-0.968,-0.083
1574114047590,2019-11-18T16:54:07.590,21.060,0.259,-0.961,-0.080
1574114047600,2019-11-18T16:54:07.600,21.070,0.264,-0.957,-0.076
1574114047610,2019-11-18T16:54:07.610,21.080,0.269,-0.963,-0.075
1574114047620,2019-11-18T16:54:07.620,21.090,0.280,-0.973,-0.071
1574114047630,2019-11-18T16:54:07.630,21.100,0.290,-0.968,-0.066
1574114047640,2019-11-18T16:54:07.640,21.110,0.291,-0.963,-0.064
1574114047650,2019-11-18T16:54:07.650,21.120,0.290,-0.973,-0.063
1574114047660,2019-11-18T16:54:07.660,21.130,0.287,-0.972,-0.066
1574114047670,2019-11-18T16:54:07.670,21.140,0.287,-0.975,-0.069
1574114047680,2019-11-18T16:54:07.680,21.150,0.294,-0.977,-0.064
1574114047690,2019-11-18T16:54:07.690,21.160,0.301,-0.973,-0.054
1574114047700,2019-11-18T16:54:07.700,21.170,0.300,-0.976,-0.045
1574114047710,2019-11-18T16:54:07.710,21.180,0.308,-0.986,-0.039
1574114047720,2019-11-18T16:54:07.720,21.190,0.316,-0.993,-0.033
1574114047730,2019-11-18T16:54:07.730,21.200,0.314,-0.982,-0.028
1574114047740,2019-11-18T16:54:07.740,21.210,0.314,-0.959,-0.031
1574114047750,2019-11-18T16:54:07.750,21.220,0.319,-0.948,-0.030
1574114047760,2019-11-18T16:54:07.760,21.230,0.326,-0.955,-0.026
1574114047770,2019-11-18T16:54:07.770,21.240,0.336,-0.947,-0.025
1574114047780,2019-11-18T16:54:07.780,21.250,0.340,-0.932,-0.022
1574114047790,2019-11-18T16:54:07.790,21.260,0.332,-0.932,-0.022
1574114047800,2019-11-18T16:54:07.800,21.270,0.329,-0.940,-0.022
1574114047810,2019-11-18T16:54:07.810,21.280,0.325,-0.951,-0.024
1574114047820,2019-11-18T16:54:07.820,21.290,0.323,-0.959,-0.025
1574114047830,2019-11-18T16:54:07.830,21.300,0.324,-0.960,-0.028
1574114047840,2019-11-18T16:54:07.840,21.310,0.322,-0.966,-0.024
1574114047850,2019-11-18T16:54:07.850,21.320,0.318,-0.970,-0.026
1574114047860,2019-11-18T16:54:07.860,21.330,0.315,-0.970,-0.030
1574114047870,2019-11-18T16:54:07.870,21.340,0.314,-0.970,-0.029
1574114047880,2019-11-18T16:54:07.880,21.350,0.310,-0.968,-0.032
1574114047890,2019-11-18T16:54:07.890,21.360,0.303,-0.956,-0.034
1574114047900,2019-11-18T16:54:07.900,21.370,0.300,-0.952,-0.035
1574114047910,2019-11-18T16:54:07.910,21.380,0.308,-0.953,-0.035
1574114047920,2019-11-18T16:54:07.920,21.390,0.309,-0.949,-0.030
1574114047930,2019-11-18T16:54:07.930,21.400,0.305,-0.954,-0.030
1574114047940,2019-11-18T16:54:07.940,21.410,0.305,-0.961,-0.029
1574114047950,2019-11-18T16:54:07.950,21.420,0.303,-0.962,-0.027
1574114047960,2019-11-18T16:54:07.960,21.430,0.305,-0.964,-0.029
1574114047970,2019-11-18T16:54:07.970,21.440,0.308,-0.960,-0.028
1574114047980,2019-11-18T16:54:07.980,21.450,0.304,-0.949,-0.024
1574114047990,2019-11-18T16:54:07.990,21.460,0.303,-0.937,-0.031
1574114048000,2019-11-18T16:54:08.000,21.470,0.300,-0.928,-0.033
1574114048010,2019-11-18T16:54:08.010,21.480,0.305,-0.938,-0.031
1574114048020,2019-11-18T16:54:08.020,21.490,0.311,-0.940,-0.027
1574114048030,2019-11-18T16:54:08.030,21.500,0.312,-0.949,-0.029
1574114048040,2019-11-18T16:54:08.040,21.510,0.311,-0.959,-0.025
1574114048050,2019-11-18T16:54:08.050,21.520,0.313,-0.969,-0.023
1574114048060,2019-11-18T16:54:08.060,21.530,0.315,-0.968,-0.023
1574114048070,2019-11-18T16:54:08.070,21.540,0.312,-0.965,-0.024
1574114048080,2019-11-18T16:54:08.080,21.550,0.310,-0.963,-0.026
1574114048090,2019-11-18T16:54:08.090,21.560,0.305,-0.961,-0.027
1574114048100,2019-11-18T16:54:08.100,21.570,0.305,-0.958,-0.026
1574114048110,2019-11-18T16:54:08.110,21.580,0.307,-0.958,-0.028
1574114048120,2019-11-18T16:54:08.120,21.590,0.304,-0.957,-0.031
1574114048130,2019-11-18T16:54:08.130,21.600,0.302,-0.962,-0.030
1574114048140,2019-11-18T16:54:08.140,21.610,0.299,-0.966,-0.034
1574114048150,2019-11-18T16:54:08.150,21.620,0.291,-0.962,-0.033
1574114048160,2019-11-18T16:54:08.160,21.630,0.287,-0.964,-0.033
1574114048170,2019-11-18T16:54:08.170,21.640,0.285,-0.965,-0.035
1574114048180,2019-11-18T16:54:08.180,21.650,0.286,-0.961,-0.036
1574114048190,2019-11-18T16:54:08.190,21.660,0.278,-0.956,-0.035
1574114048200,2019-11-18T16:54:08.200,21.670,0.278,-0.962,-0.033
1574114048210,2019-11-18T16:54:08.210,21.680,0.284,-0.972,-0.031
1574114048220,2019-11-18T16:54:08.220,21.690,0.285,-0.978,-0.032
1574114048230,2019-11-18T16:54:08.230,21.700,0.275,-0.976,-0.029
1574114048240,2019-11-18T16:54:08.240,21.710,0.278,-0.972,-0.026
1574114048250,2019-11-18T16:54:08.250,21.720,0.271,-0.970,-0.029
1574114048260,2019-11-18T16:54:08.260,21.730,0.267,-0.955,-0.028
1574114048270,2019-11-18T16:54:08.270,21.740,0.267,-0.948,-0.027
1574114048280,2019-11-18T16:54:08.280,21.750,0.269,-0.949,-0.026
1574114048290,2019-11-18T16:54:08.290,21.760,0.275,-0.952,-0.026
1574114048300,2019-11-18T16:54:08.300,21.770,0.276,-0.955,-0.026
1574114048310,2019-11-18T16:54:08.310,21.780,0.277,-0.954,-0.024
1574114048320,2019-11-18T16:54:08.320,21.790,0.284,-0.948,-0.024
1574114048330,2019-11-18T16:54:08.330,21.800,0.283,-0.944,-0.021
1574114048340,2019-11-18T16:54:08.340,21.810,0.280,-0.941,-0.022
1574114048350,2019-11-18T16:54:08.350,21.820,0.279,-0.940,-0.024
1574114048360,2019-11-18T16:54:08.360,21.830,0.278,-0.937,-0.022
1574114048370,2019-11-18T16:54:08.370,21.840,0.280,-0.935,-0.025
1574114048380,2019-11-18T16:54:08.380,21.850,0.280,-0.939,-0.025
1574114048390,2019-11-18T16:54:08.390,21.860,0.284,-0.946,-0.025
1574114048400,2019-11-18T16:54:08.400,21.870,0.287,-0.950,-0.025
1574114048410,2019-11-18T16:54:08.410,21.880,0.295,-0.946,-0.026
1574114048420,2019-11-18T16:54:08.420,21.890,0.294,-0.942,-0.029
1574114048430,2019-11-18T16:54:08.430,21.900,0.301,-0.941,-0.029
1574114048440,2019-11-18T16:54:08.440,21.910,0.299,-0.949,-0.027
1574114048450,2019-11-18T16:54:08.450,21.920,0.295,-0.953,-0.031
1574114048460,2019-11-18T16:54:08.460,21.930,0.299,-0.952,-0.033
1574114048470,2019-11-18T16:54:08.470,21.940,0.297,-0.954,-0.034
1574114048480,2019-11-18T16:54:08.480,21.950,0.295,-0.958,-0.037
1574114048490,2019-11-18T16:54:08.490,21.960,0.297,-0.964,-0.037
1574114048500,2019-11-18T16:54:08.500,21.970,0.298,-0.970,-0.039
1574114048510,2019-11-18T16:54:08.510,21.980,0.299,-0.968,-0.039
1574114048520,2019-11-18T16:54:08.520,21.990,0.297,-0.965,-0.042
1574114048530,2019-11-18T16:54:08.530,22.000,0.298,-0.965,-0.044
1574114048540,2019-11-18T16:54:08.540,22.010,0.297,-0.967,-0.047
1574114048550,2019-11-18T16:54:08.550,22.020,0.299,-0.967,-0.044
1574114048560,2019-11-18T16:54:08.560,22.030,0.302,-0.967,-0.041
1574114048570,2019-11-18T16:54:08.570,22.040,0.301,-0.968,-0.044
1574114048580,2019-11-18T16:54:08.580,22.050,0.300,-0.958,-0.042
1574114048590,2019-11-18T16:54:08.590,22.060,0.292,-0.947,-0.042
1574114048600,2019-11-18T16:54:08.600,22.070,0.296,-0.951,-0.042
1574114048610,2019-11-18T16:54:08.610,22.080,0.295,-0.957,-0.038
1574114048620,2019-11-18T16:54:08.620,22.090,0.295,-0.961,-0.041
1574114048630,2019-11-18T16:54:08.630,22.100,0.295,-0.963,-0.040
1574114048640,2019-11-18T16:54:08.640,22.110,0.294,-0.965,-0.041
1574114048650,2019-11-18T16:54:08.650,22.120,0.294,-0.966,-0.038
1574114048660,2019-11-18T16:54:08.660,22.130,0.296,-0.966,-0.035
1574114048670,2019-11-18T16:54:08.670,22.140,0.296,-0.960,-0.036
1574114048680,2019-11-18T16:54:08.680,22.150,0.293,-0.956,-0.037
1574114048690,2019-11-18T16:54:08.690,22.160,0.292,-0.946,-0.040
1574114048700,2019-11-18T16:54:08.700,22.170,0.301,-0.942,-0.037
1574114048710,2019-11-18T16:54:08.710,22.180,0.306,-0.947,-0.035
1574114048720,2019-11-18T16:54:08.720,22.190,0.306,-0.949,-0.036
1574114048730,2019-11-18T16:54:08.730,22.200,0.303,-0.946,-0.037
1574114048740,2019-11-18T16:54:08.740,22.210,0.298,-0.946,-0.036
1574114048750,2019-11-18T16:54:08.750,22.220,0.302,-0.949,-0.040
1574114048760,2019-11-18T16:54:08.760,22.230,0.303,-0.956,-0.039
1574114048770,2019-11-18T16:54:08.770,22.240,0.296,-0.958,-0.040
1574114048780,2019-11-18T16:54:08.780,22.250,0.295,-0.957,-0.039
1574114048790,2019-11-18T16:54:08.790,22.260,0.295,-0.961,-0.044
1574114048800,2019-11-18T16:54:08.800,22.270,0.289,-0.953,-0.047
1574114048810,2019-11-18T16:54:08.810,22.280,0.284,-0.943,-0.048
1574114048820,2019-11-18T16:54:08.820,22.290,0.290,-0.953,-0.048
1574114048830,2019-11-18T16:54:08.830,22.300,0.292,-0.963,-0.051
1574114048840,2019-11-18T16:54:08.840,22.310,0.289,-0.958,-0.057
1574114048850,2019-11-18T16:54:08.850,22.320,0.291,-0.951,-0.056
1574114048860,2019-11-18T16:54:08.860,22.330,0.288,-0.954,-0.057
1574114048870,2019-11-18T16:54:08.870,22.340,0.288,-0.951,-0.059
1574114048880,2019-11-18T16:54:08.880,22.350,0.284,-0.944,-0.054
1574114048890,2019-11-18T16:54:08.890,22.360,0.281,-0.945,-0.053
1574114048900,2019-11-18T16:54:08.900,22.370,0.284,-0.958,-0.057
1574114048910,2019-11-18T16:54:08.910,22.380,0.292,-0.966,-0.058
1574114048920,2019-11-18T16:54:08.920,22.390,0.292,-0.969,-0.050
1574114048930,2019-11-18T16:54:08.930,22.400,0.287,-0.967,-0.051
1574114048940,2019-11-18T16:54:08.940,22.410,0.293,-0.970,-0.052
1574114048950,2019-11-18T16:54:08.950,22.420,0.298,-0.971,-0.048
1574114048960,2019-11-18T16:54:08.960,22.430,0.293,-0.961,-0.045
1574114048970,2019-11-18T16:54:08.970,22.440,0.291,-0.955,-0.045
1574114048980,2019-11-18T16:54:08.980,22.450,0.292,-0.955,-0.046
1574114048990,2019-11-18T16:54:08.990,22.460,0.295,-0.958,-0.043
1574114049000,2019-11-18T16:54:09.000,22.470,0.298,-0.959,-0.039
1574114049010,2019-11-18T16:54:09.010,22.480,0.302,-0.957,-0.043
1574114049020,2019-11-18T16:54:09.020,22.490,0.297,-0.946,-0.041
1574114049030,2019-11-18T16:54:09.030,22.500,0.296,-0.945,-0.039
1574114049040,2019-11-18T16:54:09.040,22.510,0.301,-0.949,-0.042
1574114049050,2019-11-18T16:54:09.050,22.520,0.299,-0.949,-0.044
1574114049060,2019-11-18T16:54:09.060,22.530,0.294,-0.946,-0.042
1574114049070,2019-11-18T16:54:09.070,22.540,0.296,-0.945,-0.042
1574114049080,2019-11-18T16:54:09.080,22.550,0.298,-0.939,-0.046
1574114049090,2019-11-18T16:54:09.090,22.560,0.299,-0.946,-0.045
1574114049100,2019-11-18T16:54:09.100,22.570,0.300,-0.950,-0.045
1574114049110,2019-11-18T16:54:09.110,22.580,0.301,-0.952,-0.046
1574114049120,2019-11-18T16:54:09.120,22.590,0.306,-0.955,-0.046
1574114049130,2019-11-18T16:54:09.130,22.600,0.306,-0.968,-0.048
1574114049140,2019-11-18T16:54:09.140,22.610,0.304,-0.972,-0.050
1574114049150,2019-11-18T16:54:09.150,22.620,0.298,-0.964,-0.050
1574114049160,2019-11-18T16:54:09.160,22.630,0.293,-0.960,-0.050
1574114049170,2019-11-18T16:54:09.170,22.640,0.300,-0.964,-0.049
1574114049180,2019-11-18T16:54:09.180,22.650,0.306,-0.960,-0.049
1574114049190,2019-11-18T16:54:09.190,22.660,0.295,-0.961,-0.049
1574114049200,2019-11-18T16:54:09.200,22.670,0.298,-0.969,-0.049
1574114049210,2019-11-18T16:54:09.210,22.680,0.304,-0.982,-0.048
1574114049220,2019-11-18T16:54:09.220,22.690,0.302,-0.982,-0.048
1574114049230,2019-11-18T16:54:09.230,22.700,0.296,-0.973,-0.048
1574114049240,2019-11-18T16:54:09.240,22.710,0.291,-0.967,-0.044
1574114049250,2019-11-18T16:54:09.250,22.720,0.283,-0.966,-0.044
1574114049260,2019-11-18T16:54:09.260,22.730,0.286,-0.964,-0.043
1574114049270,2019-11-18T16:54:09.270,22.740,0.282,-0.952,-0.050
1574114049280,2019-11-18T16:54:09.280,22.750,0.281,-0.957,-0.046
1574114049290,2019-11-18T16:54:09.290,22.760,0.298,-0.981,-0.041
1574114049300,2019-11-18T16:54:09.300,22.770,0.306,-1.000,-0.041
1574114049310,2019-11-18T16:54:09.310,22.780,0.304,-0.989,-0.037
1574114049320,2019-11-18T16:54:09.320,22.790,0.292,-0.966,-0.039
1574114049330,2019-11-18T16:54:09.330,22.800,0.278,-0.952,-0.043
1574114049340,2019-11-18T16:54:09.340,22.810,0.277,-0.951,-0.043
1574114049350,2019-11-18T16:54:09.350,22.820,0.279,-0.945,-0.043
1574114049360,2019-11-18T16:54:09.360,22.830,0.276,-0.938,-0.037
1574114049370,2019-11-18T16:54:09.370,22.840,0.283,-0.950,-0.032
1574114049380,2019-11-18T16:54:09.380,22.850,0.290,-0.978,-0.028
1574114049390,2019-11-18T16:54:09.390,22.860,0.294,-0.983,-0.028
1574114049400,2019-11-18T16:54:09.400,22.870,0.292,-0.959,-0.028
1574114049410,2019-11-18T16:54:09.410,22.880,0.296,-0.941,-0.029
1574114049420,2019-11-18T16:54:09.420,22.890,0.302,-0.944,-0.028
1574114049430,2019-11-18T16:54:09.430,22.900,0.303,-0.948,-0.023
1574114049440,2019-11-18T16:54:09.440,22.910,0.306,-0.950,-0.024
1574114049450,2019-11-18T16:54:09.450,22.920,0.306,-0.938,-0.025
1574114049460,2019-11-18T16:54:09.460,22.930,0.300,-0.920,-0.028
1574114049470,2019-11-18T16:54:09.470,22.940,0.295,-0.912,-0.028
1574114049480,2019-11-18T16:54:09.480,22.950,0.294,-0.920,-0.032
1574114049490,2019-11-18T16:54:09.490,22.960,0.296,-0.938,-0.035
1574114049500,2019-11-18T16:54:09.500,22.970,0.292,-0.942,-0.034
1574114049510,2019-11-18T16:54:09.510,22.980,0.282,-0.944,-0.033
1574114049520,2019-11-18T16:54:09.520,22.990,0.275,-0.951,-0.033
1574114049530,2019-11-18T16:54:09.530,23.000,0.270,-0.963,-0.034
1574114049540,2019-11-18T16:54:09.540,23.010,0.270,-0.977,-0.033
1574114049550,2019-11-18T16:54:09.550,23.020,0.271,-0.988,-0.030
1574114049560,2019-11-18T16:54:09.560,23.030,0.277,-0.983,-0.031
1574114049570,2019-11-18T16:54:09.570,23.040,0.283,-0.968,-0.028
1574114049580,2019-11-18T16:54:09.580,23.050,0.279,-0.955,-0.027
1574114049590,2019-11-18T16:54:09.590,23.060,0.280,-0.944,-0.028
1574114049600,2019-11-18T16:54:09.600,23.070,0.283,-0.941,-0.027
1574114049610,2019-11-18T16:54:09.610,23.080,0.285,-0.947,-0.027
1574114049620,2019-11-18T16:54:09.620,23.090,0.287,-0.958,-0.028
1574114049630,2019-11-18T16:54:09.630,23.100,0.292,-0.965,-0.025
1574114049640,2019-11-18T16:54:09.640,23.110,0.287,-0.960,-0.024
1574114049650,2019-11-18T16:54:09.650,23.120,0.280,-0.962,-0.026
1574114049660,2019-11-18T16:54:09.660,23.130,0.285,-0.972,-0.024
1574114049670,2019-11-18T16:54:09.670,23.140,0.286,-0.980,-0.024
1574114049680,2019-11-18T16:54:09.680,23.150,0.284,-0.977,-0.025
1574114049690,2019-11-18T16:54:09.690,23.160,0.281,-0.971,-0.024
1574114049700,2019-11-18T16:54:09.700,23.170,0.283,-0.974,-0.025
1574114049710,2019-11-18T16:54:09.710,23.180,0.285,-0.973,-0.025
1574114049720,2019-11-18T16:54:09.720,23.190,0.280,-0.967,-0.025
1574114049730,2019-11-18T16:54:09.730,23.200,0.277,-0.961,-0.024
1574114049740,2019-11-18T16:54:09.740,23.210,0.275,-0.957,-0.025
1574114049750,2019-11-18T16:54:09.750,23.220,0.270,-0.956,-0.030
1574114049760,2019-11-18T16:54:09.760,23.230,0.264,-0.951,-0.035
1574114049770,2019-11-18T16:54:09.770,23.240,0.264,-0.948,-0.034
1574114049780,2019-11-18T16:54:09.780,23.250,0.264,-0.959,-0.032
1574114049790,2019-11-18T16:54:09.790,23.260,0.262,-0.970,-0.032
1574114049800,2019-11-18T16:54:09.800,23.270,0.268,-0.971,-0.032
1574114049810,2019-11-18T16:54:09.810,23.280,0.279,-0.956,-0.027
1574114049820,2019-11-18T16:54:09.820,23.290,0.283,-0.957,-0.023
1574114049830,2019-11-18T16:54:09.830,23.300,0.296,-0.969,-0.022
1574114049840,2019-11-18T16:54:09.840,23.310,0.307,-0.975,-0.021
1574114049850,2019-11-18T16:54:09.850,23.320,0.302,-0.983,-0.017
1574114049860,2019-11-18T16:54:09.860,23.330,0.300,-0.992,-0.015
1574114049870,2019-11-18T16:54:09.870,23.340,0.304,-0.990,-0.020
1574114049880,2019-11-18T16:54:09.880,23.350,0.301,-0.979,-0.024
1574114049890,2019-11-18T16:54:09.890,23.360,0.299,-0.965,-0.024
1574114049900,2019-11-18T16:54:09.900,23.370,0.291,-0.966,-0.025
1574114049910,2019-11-18T16:54:09.910,23.380,0.276,-0.962,-0.027
1574114049920,2019-11-18T16:54:09.920,23.390,0.262,-0.949,-0.031
1574114049930,2019-11-18T16:54:09.930,23.400,0.250,-0.949,-0.035
1574114049940,2019-11-18T16:54:09.940,23.410,0.246,-0.946,-0.036
1574114049950,2019-11-18T16:54:09.950,23.420,0.237,-0.953,-0.040
1574114049960,2019-11-18T16:54:09.960,23.430,0.231,-0.959,-0.041
1574114049970,2019-11-18T16:54:09.970,23.440,0.232,-0.960,-0.044
1574114049980,2019-11-18T16:54:09.980,23.450,0.238,-0.974,-0.039
1574114049990,2019-11-18T16:54:09.990,23.460,0.243,-0.990,-0.037
1574114050000,2019-11-18T16:54:10.000,23.470,0.246,-0.989,-0.040
1574114050010,2019-11-18T16:54:10.010,23.480,0.246,-0.974,-0.041
1574114050020,2019-11-18T16:54:10.020,23.490,0.238,-0.963,-0.042
1574114050030,2019-11-18T16:54:10.030,23.500,0.236,-0.960,-0.036
1574114050040,2019-11-18T16:54:10.040,23.510,0.243,-0.967,-0.034
1574114050050,2019-11-18T16:54:10.050,23.520,0.246,-0.964,-0.036
1574114050060,2019-11-18T16:54:10.060,23.530,0.245,-0.946,-0.038
1574114050070,2019-11-18T16:54:10.070,23.540,0.239,-0.930,-0.037
1574114050080,2019-11-18T16:54:10.080,23.550,0.241,-0.941,-0.033
1574114050090,2019-11-18T16:54:10.090,23.560,0.251,-0.964,-0.032
1574114050100,2019-11-18T16:54:10.100,23.570,0.243,-0.979,-0.029
1574114050110,2019-11-18T16:54:10.110,23.580,0.233,-0.990,-0.029
1574114050120,2019-11-18T16:54:10.120,23.590,0.239,-0.977,-0.031
1574114050130,2019-11-18T16:54:10.130,23.600,0.233,-0.964,-0.029
1574114050140,2019-11-18T16:54:10.140,23.610,0.239,-0.963,-0.028
1574114050150,2019-11-18T16:54:10.150,23.620,0.242,-0.967,-0.024
1574114050160,2019-11-18T16:54:10.160,23.630,0.244,-0.964,-0.022
1574114050170,2019-11-18T16:54:10.170,23.640,0.243,-0.954,-0.021
1574114050180,2019-11-18T16:54:10.180,23.650,0.246,-0.948,-0.019
1574114050190,2019-11-18T16:54:10.190,23.660,0.249,-0.960,-0.013
1574114050200,2019-11-18T16:54:10.200,23.670,0.262,-0.978,-0.011
1574114050210,2019-11-18T16:54:10.210,23.680,0.268,-0.975,-0.009
1574114050220,2019-11-18T16:54:10.220,23.690,0.263,-0.961,-0.005
1574114050230,2019-11-18T16:54:10.230,23.700,0.266,-0.956,-0.005
1574114050240,2019-11-18T16:54:10.240,23.710,0.273,-0.962,-0.009
1574114050250,2019-11-18T16:54:10.250,23.720,0.269,-0.955,-0.009
1574114050260,2019-11-18T16:54:10.260,23.730,0.268,-0.951,-0.008
1574114050270,2019-11-18T16:54:10.270,23.740,0.273,-0.954,-0.006
1574114050280,2019-11-18T16:54:10.280,23.750,0.276,-0.950,-0.009
1574114050290,2019-11-18T16:54:10.290,23.760,0.273,-0.937,-0.013
1574114050300,2019-11-18T16:54:10.300,23.770,0.268,-0.941,-0.013
1574114050310,2019-11-18T16:54:10.310,23.780,0.274,-0.955,-0.012
1574114050320,2019-11-18T16:54:10.320,23.790,0.282,-0.970,-0.010
1574114050330,2019-11-18T16:54:10.330,23.800,0.285,-0.974,-0.008
1574114050340,2019-11-18T16:54:10.340,23.810,0.284,-0.974,-0.006
1574114050350,2019-11-18T16:54:10.350,23.820,0.287,-0.969,-0.003
1574114050360,2019-11-18T16:54:10.360,23.830,0.292,-0.972,-0.007
1574114050370,2019-11-18T16:54:10.370,23.840,0.299,-0.971,-0.006
1574114050380,2019-11-18T16:54:10.380,23.850,0.289,-0.962,-0.009
1574114050390,2019-11-18T16:54:10.390,23.860,0.289,-0.957,-0.011
1574114050400,2019-11-18T16:54:10.400,23.870,0.293,-0.963,-0.014
1574114050410,2019-11-18T16:54:10.410,23.880,0.292,-0.967,-0.018
1574114050420,2019-11-18T16:54:10.420,23.890,0.294,-0.965,-0.017
1574114050430,2019-11-18T16:54:10.430,23.900,0.293,-0.965,-0.014
1574114050440,2019-11-18T16:54:10.440,23.910,0.296,-0.970,-0.017
1574114050450,2019-11-18T16:54:10.450,23.920,0.295,-0.976,-0.018
1574114050460,2019-11-18T16:54:10.460,23.930,0.289,-0.963,-0.017
1574114050470,2019-11-18T16:54:10.470,23.940,0.284,-0.957,-0.018
1574114050480,2019-11-18T16:54:10.480,23.950,0.290,-0.975,-0.022
1574114050490,2019-11-18T16:54:10.490,23.960,0.298,-0.978,-0.021
1574114050500,2019-11-18T16:54:10.500,23.970,0.293,-0.970,-0.023
1574114050510,2019-11-18T16:54:10.510,23.980,0.290,-0.974,-0.023
1574114050520,2019-11-18T16:54:10.520,23.990,0.281,-0.977,-0.024
1574114050530,2019-11-18T16:54:10.530,24.000,0.280,-0.973,-0.024
1574114050540,2019-11-18T16:54:10.540,24.010,0.271,-0.971,-0.026
1574114050550,2019-11-18T16:54:10.550,24.020,0.270,-0.973,-0.028
1574114050560,2019-11-18T16:54:10.560,24.030,0.266,-0.965,-0.031
1574114050570,2019-11-18T16:54:10.570,24.040,0.259,-0.958,-0.031
1574114050580,2019-11-18T16:54:10.580,24.050,0.261,-0.961,-0.035
1574114050590,2019-11-18T16:54:10.590,24.060,0.262,-0.976,-0.039
1574114050600,2019-11-18T16:54:10.600,24.070,0.252,-0.989,-0.051
1574114050610,2019-11-18T16:54:10.610,24.080,0.246,-0.993,-0.062
1574114050620,2019-11-18T16:54:10.620,24.090,0.252,-0.990,-0.059
1574114050630,2019-11-18T16:54:10.630,24.100,0.256,-0.991,-0.057
1574114050640,2019-11-18T16:54:10.640,24.110,0.262,-0.988,-0.055
1574114050650,2019-11-18T16:54:10.650,24.120,0.269,-0.976,-0.049
1574114050660,2019-11-18T16:54:10.660,24.130,0.280,-0.976,-0.037
1574114050670,2019-11-18T16:54:10.670,24.140,0.298,-0.979,-0.027
1574114050680,2019-11-18T16:54:10.680,24.150,0.312,-0.970,-0.017
1574114050690,2019-11-18T16:54:10.690,24.160,0.325,-0.970,-0.006
1574114050700,2019-11-18T16:54:10.700,24.170,0.327,-0.974,0.000
1574114050710,2019-11-18T16:54:10.710,24.180,0.327,-0.974,0.009
1574114050720,2019-11-18T16:54:10.720,24.190,0.327,-0.973,0.019
1574114050730,2019-11-18T16:54:10.730,24.200,0.326,-0.974,0.018
1574114050740,2019-11-18T16:54:10.740,24.210,0.318,-0.965,0.020
1574114050750,2019-11-18T16:54:10.750,24.220,0.310,-0.951,0.019
1574114050760,2019-11-18T16:54:10.760,24.230,0.307,-0.952,0.023
1574114050770,2019-11-18T16:54:10.770,24.240,0.301,-0.954,0.019
1574114050780,2019-11-18T16:54:10.780,24.250,0.290,-0.950,0.016
1574114050790,2019-11-18T16:54:10.790,24.260,0.281,-0.947,0.014
1574114050800,2019-11-18T16:54:10.800,24.270,0.271,-0.950,0.012
1574114050810,2019-11-18T16:54:10.810,24.280,0.259,-0.946,0.009
1574114050820,2019-11-18T16:54:10.820,24.290,0.256,-0.947,0.008
1574114050830,2019-11-18T16:54:10.830,24.300,0.258,-0.952,0.005
1574114050840,2019-11-18T16:54:10.840,24.310,0.255,-0.957,0.006
1574114050850,2019-11-18T16:54:10.850,24.320,0.255,-0.955,0.013
1574114050860,2019-11-18T16:54:10.860,24.330,0.271,-0.952,0.018
1574114050870,2019-11-18T16:54:10.870,24.340,0.288,-0.976,0.042
1574114050880,2019-11-18T16:54:10.880,24.350,0.308,-0.988,0.035
1574114050890,2019-11-18T16:54:10.890,24.360,0.299,-0.968,0.034
1574114050900,2019-11-18T16:54:10.900,24.370,0.279,-0.957,0.032
1574114050910,2019-11-18T16:54:10.910,24.380,0.274,-0.967,0.029
1574114050920,2019-11-18T16:54:10.920,24.390,0.276,-0.974,0.027
1574114050930,2019-11-18T16:54:10.930,24.400,0.271,-0.975,0.023
1574114050940,2019-11-18T16:54:10.940,24.410,0.256,-0.972,0.016
1574114050950,2019-11-18T16:54:10.950,24.420,0.245,-0.963,0.012
1574114050960,2019-11-18T16:54:10.960,24.430,0.236,-0.963,0.003
1574114050970,2019-11-18T16:54:10.970,24.440,0.221,-0.960,-0.008
1574114050980,2019-11-18T16:54:10.980,24.450,0.204,-0.959,-0.019
1574114050990,2019-11-18T16:54:10.990,24.460,0.194,-0.955,-0.026
1574114051000,2019-11-18T16:54:11.000,24.470,0.183,-0.952,-0.032
1574114051010,2019-11-18T16:54:11.010,24.480,0.171,-0.956,-0.037
1574114051020,2019-11-18T16:54:11.020,24.490,0.171,-0.960,-0.039
1574114051030,2019-11-18T16:54:11.030,24.500,0.173,-0.967,-0.039
1574114051040,2019-11-18T16:54:11.040,24.510,0.174,-0.968,-0.037
1574114051050,2019-11-18T16:54:11.050,24.520,0.174,-0.961,-0.035
1574114051060,2019-11-18T16:54:11.060,24.530,0.175,-0.963,-0.033
1574114051070,2019-11-18T16:54:11.070,24.540,0.175,-0.974,-0.034
1574114051080,2019-11-18T16:54:11.080,24.550,0.168,-0.976,-0.037
1574114051090,2019-11-18T16:54:11.090,24.560,0.172,-0.971,-0.032
1574114051100,2019-11-18T16:54:11.100,24.570,0.179,-0.978,-0.027
1574114051110,2019-11-18T16:54:11.110,24.580,0.188,-0.993,-0.026
1574114051120,2019-11-18T16:54:11.120,24.590,0.192,-0.996,-0.025
1574114051130,2019-11-18T16:54:11.130,24.600,0.188,-0.987,-0.025
1574114051140,2019-11-18T16:54:11.140,24.610,0.186,-0.985,-0.029
1574114051150,2019-11-18T16:54:11.150,24.620,0.187,-0.986,-0.033
1574114051160,2019-11-18T16:54:11.160,24.630,0.188,-0.979,-0.036
1574114051170,2019-11-18T16:54:11.170,24.640,0.190,-0.974,-0.037
1574114051180,2019-11-18T16:54:11.180,24.650,0.193,-0.972,-0.035
1574114051190,2019-11-18T16:54:11.190,24.660,0.198,-0.970,-0.035
1574114051200,2019-11-18T16:54:11.200,24.670,0.194,-0.968,-0.039
1574114051210,2019-11-18T16:54:11.210,24.680,0.193,-0.970,-0.040
1574114051220,2019-11-18T16:54:11.220,24.690,0.201,-0.970,-0.041
1574114051230,2019-11-18T16:54:11.230,24.700,0.200,-0.979,-0.043
1574114051240,2019-11-18T16:54:11.240,24.710,0.194,-0.981,-0.042
1574114051250,2019-11-18T16:54:11.250,24.720,0.198,-0.979,-0.040
1574114051260,2019-11-18T16:54:11.260,24.730,0.203,-0.983,-0.040
1574114051270,2019-11-18T16:54:11.270,24.740,0.204,-0.985,-0.042
1574114051280,2019-11-18T16:54:11.280,24.750,0.208,-0.982,-0.042
1574114051290,2019-11-18T16:54:11.290,24.760,0.212,-0.987,-0.039
1574114051300,2019-11-18T16:54:11.300,24.770,0.213,-0.986,-0.038
1574114051310,2019-11-18T16:54:11.310,24.780,0.212,-0.983,-0.037
1574114051320,2019-11-18T16:54:11.320,24.790,0.213,-0.981,-0.035
1574114051330,2019-11-18T16:54:11.330,24.800,0.220,-0.980,-0.031
1574114051340,2019-11-18T16:54:11.340,24.810,0.231,-0.982,-0.026
1574114051350,2019-11-18T16:54:11.350,24.820,0.233,-0.985,-0.021
1574114051360,2019-11-18T16:54:11.360,24.830,0.239,-0.985,-0.018
1574114051370,2019-11-18T16:54:11.370,24.840,0.245,-0.987,-0.019
1574114051380,2019-11-18T16:54:11.380,24.850,0.247,-0.988,-0.019
1574114051390,2019-11-18T16:54:11.390,24.860,0.243,-0.977,-0.015
1574114051400,2019-11-18T16:54:11.400,24.870,0.250,-0.973,-0.010
1574114051410,2019-11-18T16:54:11.410,24.880,0.261,-0.978,-0.006
1574114051420,2019-11-18T16:54:11.420,24.890,0.260,-0.979,-0.006
1574114051430,2019-11-18T16:54:11.430,24.900,0.258,-0.976,-0.004
1574114051440,2019-11-18T16:54:11.440,24.910,0.256,-0.969,-0.004
1574114051450,2019-11-18T16:54:11.450,24.920,0.254,-0.970,-0.005
1574114051460,2019-11-18T16:54:11.460,24.930,0.253,-0.976,-0.006
1574114051470,2019-11-18T16:54:11.470,24.940,0.247,-0.972,-0.008
1574114051480,2019-11-18T16:54:11.480,24.950,0.243,-0.966,-0.010
1574114051490,2019-11-18T16:54:11.490,24.960,0.239,-0.971,-0.014
1574114051500,2019-11-18T16:54:11.500,24.970,0.238,-0.976,-0.017
1574114051510,2019-11-18T16:54:11.510,24.980,0.236,-0.973,-0.017
1574114051520,2019-11-18T16:54:11.520,24.990,0.235,-0.974,-0.017
1574114051530,2019-11-18T16:54:11.530,25.000,0.243,-0.973,-0.016
1574114051540,2019-11-18T16:54:11.540,25.010,0.238,-0.980,-0.015
1574114051550,2019-11-18T16:54:11.550,25.020,0.235,-0.979,-0.019
1574114051560,2019-11-18T16:54:11.560,25.030,0.231,-0.974,-0.019
1574114051570,2019-11-18T16:54:11.570,25.040,0.229,-0.978,-0.017
1574114051580,2019-11-18T16:54:11.580,25.050,0.229,-0.979,-0.020
1574114051590,2019-11-18T16:54:11.590,25.060,0.233,-0.971,-0.016
1574114051600,2019-11-18T16:54:11.600,25.070,0.235,-0.970,-0.018
1574114051610,2019-11-18T16:54:11.610,25.080,0.230,-0.971,-0.021
1574114051620,2019-11-18T16:54:11.620,25.090,0.229,-0.971,-0.022
1574114051630,2019-11-18T16:54:11.630,25.100,0.225,-0.972,-0.021
1574114051640,2019-11-18T16:54:11.640,25.110,0.227,-0.976,-0.021
1574114051650,2019-11-18T16:54:11.650,25.120,0.226,-0.975,-0.022
1574114051660,2019-11-18T16:54:11.660,25.130,0.222,-0.971,-0.025
1574114051670,2019-11-18T16:54:11.670,25.140,0.219,-0.968,-0.027
1574114051680,2019-11-18T16:54:11.680,25.150,0.219,-0.972,-0.027
1574114051690,2019-11-18T16:54:11.690,25.160,0.221,-0.971,-0.028
1574114051700,2019-11-18T16:54:11.700,25.170,0.220,-0.973,-0.027
1574114051710,2019-11-18T16:54:11.710,25.180,0.224,-0.979,-0.027
1574114051720,2019-11-18T16:54:11.720,25.190,0.224,-0.982,-0.027
1574114051730,2019-11-18T16:54:11.730,25.200,0.222,-0.981,-0.024
1574114051740,2019-11-18T16:54:11.740,25.210,0.222,-0.979,-0.028
1574114051750,2019-11-18T16:54:11.750,25.220,0.219,-0.975,-0.027
1574114051760,2019-11-18T16:54:11.760,25.230,0.224,-0.964,-0.031
1574114051770,2019-11-18T16:54:11.770,25.240,0.225,-0.964,-0.032
1574114051780,2019-11-18T16:54:11.780,25.250,0.230,-0.970,-0.033
1574114051790,2019-11-18T16:54:11.790,25.260,0.234,-0.972,-0.033
1574114051800,2019-11-18T16:54:11.800,25.270,0.235,-0.975,-0.031
1574114051810,2019-11-18T16:54:11.810,25.280,0.235,-0.978,-0.029
1574114051820,2019-11-18T16:54:11.820,25.290,0.240,-0.983,-0.030
1574114051830,2019-11-18T16:54:11.830,25.300,0.238,-0.984,-0.026
1574114051840,2019-11-18T16:54:11.840,25.310,0.236,-0.978,-0.025
1574114051850,2019-11-18T16:54:11.850,25.320,0.239,-0.975,-0.025
1574114051860,2019-11-18T16:54:11.860,25.330,0.239,-0.977,-0.024
1574114051870,2019-11-18T16:54:11.870,25.340,0.244,-0.980,-0.023
1574114051880,2019-11-18T16:54:11.880,25.350,0.243,-0.978,-0.020
1574114051890,2019-11-18T16:54:11.890,25.360,0.239,-0.970,-0.022
1574114051900,2019-11-18T16:54:11.900,25.370,0.242,-0.966,-0.025
1574114051910,2019-11-18T16:54:11.910,25.380,0.241,-0.967,-0.026
1574114051920,2019-11-18T16:54:11.920,25.390,0.237,-0.969,-0.025
1574114051930,2019-11-18T16:54:11.930,25.400,0.238,-0.970,-0.026
1574114051940,2019-11-18T16:54:11.940,25.410,0.237,-0.974,-0.021
1574114051950,2019-11-18T16:54:11.950,25.420,0.242,-0.981,-0.022
1574114051960,2019-11-18T16:54:11.960,25.430,0.242,-0.981,-0.023
1574114051970,2019-11-18T16:54:11.970,25.440,0.243,-0.975,-0.020
1574114051980,2019-11-18T16:54:11.980,25.450,0.243,-0.980,-0.021
1574114051990,2019-11-18T16:54:11.990,25.460,0.243,-0.987,-0.023
1574114052000,2019-11-18T16:54:12.000,25.470,0.239,-0.978,-0.026
1574114052010,2019-11-18T16:54:12.010,25.480,0.234,-0.967,-0.027
1574114052020,2019-11-18T16:54:12.020,25.490,0.232,-0.969,-0.026
1574114052030,2019-11-18T16:54:12.030,25.500,0.233,-0.971,-0.025
1574114052040,2019-11-18T16:54:12.040,25.510,0.235,-0.971,-0.026
1574114052050,2019-11-18T16:54:12.050,25.520,0.233,-0.976,-0.027
1574114052060,2019-11-18T16:54:12.060,25.530,0.232,-0.976,-0.028
1574114052070,2019-11-18T16:54:12.070,25.540,0.231,-0.979,-0.029
1574114052080,2019-11-18T16:54:12.080,25.550,0.230,-0.979,-0.026
1574114052090,2019-11-18T16:54:12.090,25.560,0.229,-0.977,-0.025
1574114052100,2019-11-18T16:54:12.100,25.570,0.233,-0.976,-0.024
1574114052110,2019-11-18T16:54:12.110,25.580,0.229,-0.975,-0.028
1574114052120,2019-11-18T16:54:12.120,25.590,0.227,-0.975,-0.028
1574114052130,2019-11-18T16:54:12.130,25.600,0.226,-0.974,-0.029
1574114052140,2019-11-18T16:54:12.140,25.610,0.229,-0.971,-0.029
1574114052150,2019-11-18T16:54:12.150,25.620,0.226,-0.967,-0.029
1574114052160,2019-11-18T16:54:12.160,25.630,0.223,-0.966,-0.032
1574114052170,2019-11-18T16:54:12.170,25.640,0.222,-0.969,-0.032
1574114052180,2019-11-18T16:54:12.180,25.650,0.224,-0.969,-0.030
1574114052190,2019-11-18T16:54:12.190,25.660,0.229,-0.970,-0.031
1574114052200,2019-11-18T16:54:12.200,25.670,0.233,-0.971,-0.027
1574114052210,2019-11-18T16:54:12.210,25.680,0.235,-0.969,-0.022
1574114052220,2019-11-18T16:54:12.220,25.690,0.237,-0.969,-0.020
1574114052230,2019-11-18T16:54:12.230,25.700,0.242,-0.971,-0.018
1574114052240,2019-11-18T16:54:12.240,25.710,0.248,-0.972,-0.014
1574114052250,2019-11-18T16:54:12.250,25.720,0.246,-0.966,-0.017
1574114052260,2019-11-18T16:54:12.260,25.730,0.250,-0.967,-0.016
1574114052270,2019-11-18T16:54:12.270,25.740,0.251,-0.977,-0.015
1574114052280,2019-11-18T16:54:12.280,25.750,0.248,-0.976,-0.015
1574114052290,2019-11-18T16:54:12.290,25.760,0.245,-0.972,-0.018
1574114052300,2019-11-18T16:54:12.300,25.770,0.247,-0.970,-0.021
1574114052310,2019-11-18T16:54:12.310,25.780,0.248,-0.966,-0.018
1574114052320,2019-11-18T16:54:12.320,25.790,0.246,-0.964,-0.018
1574114052330,2019-11-18T16:54:12.330,25.800,0.250,-0.962,-0.020
1574114052340,2019-11-18T16:54:12.340,25.810,0.253,-0.970,-0.020
1574114052350,2019-11-18T16:54:12.350,25.820,0.252,-0.974,-0.021
1574114052360,2019-11-18T16:54:12.360,25.830,0.250,-0.973,-0.022
1574114052370,2019-11-18T16:54:12.370,25.840,0.250,-0.975,-0.025
1574114052380,2019-11-18T16:54:12.380,25.850,0.253,-0.984,-0.024
1574114052390,2019-11-18T16:54:12.390,25.860,0.250,-0.979,-0.026
1574114052400,2019-11-18T16:54:12.400,25.870,0.244,-0.975,-0.027
1574114052410,2019-11-18T16:54:12.410,25.880,0.246,-0.974,-0.025
1574114052420,2019-11-18T16:54:12.420,25.890,0.247,-0.976,-0.025
1574114052430,2019-11-18T16:54:12.430,25.900,0.248,-0.975,-0.023
1574114052440,2019-11-18T16:54:12.440,25.910,0.251,-0.969,-0.023
1574114052450,2019-11-18T16:54:12.450,25.920,0.252,-0.969,-0.021
1574114052460,2019-11-18T16:54:12.460,25.930,0.254,-0.974,-0.022
1574114052470,2019-11-18T16:54:12.470,25.940,0.244,-0.977,-0.033
1574114052480,2019-11-18T16:54:12.480,25.950,0.221,-0.989,-0.055
1574114052490,2019-11-18T16:54:12.490,25.960,0.196,-1.002,-0.073
1574114052500,2019-11-18T16:54:12.500,25.970,0.172,-1.000,-0.107
1574114052510,2019-11-18T16:54:12.510,25.980,0.152,-0.983,-0.119
1574114052520,2019-11-18T16:54:12.520,25.990,0.140,-0.968,-0.127
1574114052530,2019-11-18T16:54:12.530,26.000,0.126,-0.953,-0.135
1574114052540,2019-11-18T16:54:12.540,26.010,0.130,-0.952,-0.130
1574114052550,2019-11-18T16:54:12.550,26.020,0.141,-0.970,-0.129
1574114052560,2019-11-18T16:54:12.560,26.030,0.156,-0.992,-0.120
1574114052570,2019-11-18T16:54:12.570,26.040,0.179,-1.004,-0.109
1574114052580,2019-11-18T16:54:12.580,26.050,0.202,-1.001,-0.092
1574114052590,2019-11-18T16:54:12.590,26.060,0.245,-0.976,-0.063
1574114052600,2019-11-18T16:54:12.600,26.070,0.288,-0.946,-0.034
1574114052610,2019-11-18T16:54:12.610,26.080,0.318,-0.944,0.001
1574114052620,2019-11-18T16:54:12.620,26.090,0.351,-0.960,0.015
1574114052630,2019-11-18T16:54:12.630,26.100,0.374,-0.961,0.037
1574114052640,2019-11-18T16:54:12.640,26.110,0.378,-0.969,0.047
1574114052650,2019-11-18T16:54:12.650,26.120,0.372,-0.989,0.052
1574114052660,2019-11-18T16:54:12.660,26.130,0.382,-0.979,0.056
1574114052670,2019-11-18T16:54:12.670,26.140,0.384,-0.953,0.065
1574114052680,2019-11-18T16:54:12.680,26.150,0.383,-0.938,0.074
1574114052690,2019-11-18T16:54:12.690,26.160,0.388,-0.936,0.080
1574114052700,2019-11-18T16:54:12.700,26.170,0.388,-0.934,0.081
1574114052710,2019-11-18T16:54:12.710,26.180,0.382,-0.935,0.080
1574114052720,2019-11-18T16:54:12.720,26.190,0.369,-0.941,0.074
1574114052730,2019-11-18T16:54:12.730,26.200,0.357,-0.941,0.066
1574114052740,2019-11-18T16:54:12.740,26.210,0.341,-0.943,0.058
1574114052750,2019-11-18T16:54:12.750,26.220,0.329,-0.949,0.052
1574114052760,2019-11-18T16:54:12.760,26.230,0.320,-0.955,0.045
1574114052770,2019-11-18T16:54:12.770,26.240,0.308,-0.953,0.037
1574114052780,2019-11-18T16:54:12.780,26.250,0.295,-0.950,0.034
1574114052790,2019-11-18T16:54:12.790,26.260,0.287,-0.953,0.028
1574114052800,2019-11-18T16:54:12.800,26.270,0.279,-0.953,0.025
1574114052810,2019-11-18T16:54:12.810,26.280,0.278,-0.956,0.022
1574114052820,2019-11-18T16:54:12.820,26.290,0.274,-0.958,0.021
1574114052830,2019-11-18T16:54:12.830,26.300,0.271,-0.961,0.017
1574114052840,2019-11-18T16:54:12.840,26.310,0.272,-0.963,0.018
1574114052850,2019-11-18T16:54:12.850,26.320,0.271,-0.957,0.019
1574114052860,2019-11-18T16:54:12.860,26.330,0.270,-0.949,0.017
1574114052870,2019-11-18T16:54:12.870,26.340,0.266,-0.953,0.020
1574114052880,2019-11-18T16:54:12.880,26.350,0.268,-0.957,0.019
1574114052890,2019-11-18T16:54:12.890,26.360,0.268,-0.958,0.018
1574114052900,2019-11-18T16:54:12.900,26.370,0.264,-0.959,0.016
1574114052910,2019-11-18T16:54:12.910,26.380,0.269,-0.959,0.019
1574114052920,2019-11-18T16:54:12.920,26.390,0.275,-0.956,0.020
1574114052930,2019-11-18T16:54:12.930,26.400,0.279,-0.959,0.019
1574114052940,2019-11-18T16:54:12.940,26.410,0.277,-0.957,0.019
1574114052950,2019-11-18T16:54:12.950,26.420,0.275,-0.958,0.018
1574114052960,2019-11-18T16:54:12.960,26.430,0.279,-0.959,0.015
1574114052970,2019-11-18T16:54:12.970,26.440,0.281,-0.959,0.018
1574114052980,2019-11-18T16:54:12.980,26.450,0.279,-0.958,0.018
1574114052990,2019-11-18T16:54:12.990,26.460,0.282,-0.960,0.016
1574114053000,2019-11-18T16:54:13.000,26.470,0.289,-0.962,0.018
1574114053010,2019-11-18T16:54:13.010,26.480,0.290,-0.958,0.016
1574114053020,2019-11-18T16:54:13.020,26.490,0.290,-0.959,0.019
1574114053030,2019-11-18T16:54:13.030,26.500,0.292,-0.962,0.017
1574114053040,2019-11-18T16:54:13.040,26.510,0.291,-0.961,0.013
1574114053050,2019-11-18T16:54:13.050,26.520,0.291,-0.967,0.013
1574114053060,2019-11-18T16:54:13.060,26.530,0.290,-0.969,0.013
1574114053070,2019-11-18T16:54:13.070,26.540,0.291,-0.968,0.014
1574114053080,2019-11-18T16:54:13.080,26.550,0.294,-0.966,0.013
1574114053090,2019-11-18T16:54:13.090,26.560,0.293,-0.966,0.012
1574114053100,2019-11-18T16:54:13.100,26.570,0.292,-0.963,0.014
1574114053110,2019-11-18T16:54:13.110,26.580,0.296,-0.963,0.015
1574114053120,2019-11-18T16:54:13.120,26.590,0.299,-0.964,0.013
1574114053130,2019-11-18T16:54:13.130,26.600,0.298,-0.965,0.018
1574114053140,2019-11-18T16:54:13.140,26.610,0.303,-0.966,0.019
1574114053150,2019-11-18T16:54:13.150,26.620,0.303,-0.965,0.014
1574114053160,2019-11-18T16:54:13.160,26.630,0.302,-0.961,0.016
1574114053170,2019-11-18T16:54:13.170,26.640,0.301,-0.956,0.017
1574114053180,2019-11-18T16:54:13.180,26.650,0.299,-0.958,0.017
1574114053190,2019-11-18T16:54:13.190,26.660,0.302,-0.962,0.016
1574114053200,2019-11-18T16:54:13.200,26.670,0.305,-0.966,0.015
1574114053210,2019-11-18T16:54:13.210,26.680,0.298,-0.962,0.015
1574114053220,2019-11-18T16:54:13.220,26.690,0.297,-0.960,0.012
1574114053230,2019-11-18T16:54:13.230,26.700,0.297,-0.960,0.011
1574114053240,2019-11-18T16:54:13.240,26.710,0.296,-0.960,0.010
1574114053250,2019-11-18T16:54:13.250,26.720,0.296,-0.957,0.013
1574114053260,2019-11-18T16:54:13.260,26.730,0.294,-0.959,0.009
1574114053270,2019-11-18T16:54:13.270,26.740,0.295,-0.958,0.005
1574114053280,2019-11-18T16:54:13.280,26.750,0.290,-0.958,0.005
1574114053290,2019-11-18T16:54:13.290,26.760,0.291,-0.959,0.001
1574114053300,2019-11-18T16:54:13.300,26.770,0.289,-0.961,0.001
1574114053310,2019-11-18T16:54:13.310,26.780,0.289,-0.963,-0.000
1574114053320,2019-11-18T16:54:13.320,26.790,0.290,-0.965,-0.003
1574114053330,2019-11-18T16:54:13.330,26.800,0.288,-0.969,-0.005
1574114053340,2019-11-18T16:54:13.340,26.810,0.282,-0.968,-0.008
1574114053350,2019-11-18T16:54:13.350,26.820,0.273,-0.968,-0.011
1574114053360,2019-11-18T16:54:13.360,26.830,0.272,-0.981,-0.021
1574114053370,2019-11-18T16:54:13.370,26.840,0.259,-0.993,-0.035
1574114053380,2019-11-18T16:54:13.380,26.850,0.247,-0.998,-0.038
1574114053390,2019-11-18T16:54:13.390,26.860,0.249,-0.985,-0.035
1574114053400,2019-11-18T16:54:13.400,26.870,0.250,-0.976,-0.035
1574114053410,2019-11-18T16:54:13.410,26.880,0.247,-0.969,-0.035
1574114053420,2019-11-18T16:54:13.420,26.890,0.248,-0.962,-0.029
1574114053430,2019-11-18T16:54:13.430,26.900,0.251,-0.961,-0.029
1574114053440,2019-11-18T16:54:13.440,26.910,0.255,-0.971,-0.027
1574114053450,2019-11-18T16:54:13.450,26.920,0.258,-0.972,-0.024
1574114053460,2019-11-18T16:54:13.460,26.930,0.263,-0.968,-0.025
1574114053470,2019-11-18T16:54:13.470,26.940,0.263,-0.969,-0.021
1574114053480,2019-11-18T16:54:13.480,26.950,0.271,-0.963,-0.016
1574114053490,2019-11-18T16:54:13.490,26.960,0.278,-0.953,-0.012
1574114053500,2019-11-18T16:54:13.500,26.970,0.283,-0.949,-0.002
1574114053510,2019-11-18T16:54:13.510,26.980,0.292,-0.949,0.003
1574114053520,2019-11-18T16:54:13.520,26.990,0.296,-0.949,0.007
1574114053530,2019-11-18T16:54:13.530,27.000,0.301,-0.947,0.005
1574114053540,2019-11-18T16:54:13.540,27.010,0.306,-0.947,0.009
1574114053550,2019-11-18T16:54:13.550,27.020,0.316,-0.949,0.015
1574114053560,2019-11-18T16:54:13.560,27.030,0.327,-0.950,0.020
1574114053570,2019-11-18T16:54:13.570,27.040,0.331,-0.944,0.028
1574114053580,2019-11-18T16:54:13.580,27.050,0.332,-0.946,0.032
1574114053590,2019-11-18T16:54:13.590,27.060,0.337,-0.950,0.034
1574114053600,2019-11-18T16:54:13.600,27.070,0.343,-0.950,0.045
1574114053610,2019-11-18T16:54:13.610,27.080,0.345,-0.949,0.048
1574114053620,2019-11-18T16:54:13.620,27.090,0.347,-0.946,0.049
1574114053630,2019-11-18T16:54:13.630,27.100,0.348,-0.944,0.050
1574114053640,2019-11-18T16:54:13.640,27.110,0.348,-0.947,0.051
1574114053650,2019-11-18T16:54:13.650,27.120,0.346,-0.948,0.053
1574114053660,2019-11-18T16:54:13.660,27.130,0.344,-0.945,0.048
1574114053670,2019-11-18T16:54:13.670,27.140,0.340,-0.945,0.051
1574114053680,2019-11-18T16:54:13.680,27.150,0.339,-0.941,0.049
1574114053690,2019-11-18T16:54:13.690,27.160,0.338,-0.943,0.047
1574114053700,2019-11-18T16:54:13.700,27.170,0.336,-0.943,0.044
1574114053710,2019-11-18T16:54:13.710,27.180,0.333,-0.940,0.042
1574114053720,2019-11-18T16:54:13.720,27.190,0.333,-0.945,0.044
1574114053730,2019-11-18T16:54:13.730,27.200,0.334,-0.949,0.042
1574114053740,2019-11-18T16:54:13.740,27.210,0.333,-0.953,0.039
1574114053750,2019-11-18T16:54:13.750,27.220,0.333,-0.956,0.040
1574114053760,2019-11-18T16:54:13.760,27.230,0.326,-0.955,0.038
1574114053770,2019-11-18T16:54:13.770,27.240,0.328,-0.948,0.037
1574114053780,2019-11-18T16:54:13.780,27.250,0.328,-0.948,0.033
1574114053790,2019-11-18T16:54:13.790,27.260,0.320,-0.952,0.032
1574114053800,2019-11-18T16:54:13.800,27.270,0.318,-0.954,0.030
1574114053810,2019-11-18T16:54:13.810,27.280,0.322,-0.958,0.026
1574114053820,2019-11-18T16:54:13.820,27.290,0.318,-0.957,0.024
1574114053830,2019-11-18T16:54:13.830,27.300,0.314,-0.954,0.021
1574114053840,2019-11-18T16:54:13.840,27.310,0.315,-0.957,0.018
1574114053850,2019-11-18T16:54:13.850,27.320,0.312,-0.961,0.015
1574114053860,2019-11-18T16:54:13.860,27.330,0.310,-0.962,0.016
1574114053870,2019-11-18T16:54:13.870,27.340,0.306,-0.960,0.015
1574114053880,2019-11-18T16:54:13.880,27.350,0.305,-0.964,0.012
1574114053890,2019-11-18T16:54:13.890,27.360,0.308,-0.960,0.016
1574114053900,2019-11-18T16:54:13.900,27.370,0.311,-0.960,0.012
1574114053910,2019-11-18T16:54:13.910,27.380,0.311,-0.965,0.013
1574114053920,2019-11-18T16:54:13.920,27.390,0.315,-0.971,0.016
1574114053930,2019-11-18T16:54:13.930,27.400,0.313,-0.970,0.016
1574114053940,2019-11-18T16:54:13.940,27.410,0.310,-0.963,0.017
1574114053950,2019-11-18T16:54:13.950,27.420,0.312,-0.958,0.016
1574114053960,2019-11-18T16:54:13.960,27.430,0.312,-0.961,0.017
1574114053970,2019-11-18T16:54:13.970,27.440,0.312,-0.959,0.020
1574114053980,2019-11-18T16:54:13.980,27.450,0.311,-0.959,0.017
1574114053990,2019-11-18T16:54:13.990,27.460,0.310,-0.962,0.017
1574114054000,2019-11-18T16:54:14.000,27.470,0.309,-0.960,0.014
1574114054010,2019-11-18T16:54:14.010,27.480,0.307,-0.957,0.013
1574114054020,2019-11-18T16:54:14.020,27.490,0.309,-0.954,0.019
1574114054030,2019-11-18T16:54:14.030,27.500,0.307,-0.954,0.020
1574114054040,2019-11-18T16:54:14.040,27.510,0.308,-0.957,0.018
1574114054050,2019-11-18T16:54:14.050,27.520,0.307,-0.954,0.019
1574114054060,2019-11-18T16:54:14.060,27.530,0.303,-0.950,0.020
1574114054070,2019-11-18T16:54:14.070,27.540,0.307,-0.954,0.021
1574114054080,2019-11-18T16:54:14.080,27.550,0.307,-0.960,0.019
1574114054090,2019-11-18T16:54:14.090,27.560,0.306,-0.959,0.020
1574114054100,2019-11-18T16:54:14.100,27.570,0.304,-0.958,0.019
1574114054110,2019-11-18T16:54:14.110,27.580,0.304,-0.962,0.019
1574114054120,2019-11-18T16:54:14.120,27.590,0.303,-0.963,0.019
1574114054130,2019-11-18T16:54:14.130,27.600,0.301,-0.959,0.019
1574114054140,2019-11-18T16:54:14.140,27.610,0.302,-0.953,0.021
1574114054150,2019-11-18T16:54:14.150,27.620,0.298,-0.950,0.019
1574114054160,2019-11-18T16:54:14.160,27.630,0.299,-0.957,0.018
1574114054170,2019-11-18T16:54:14.170,27.640,0.300,-0.962,0.021
1574114054180,2019-11-18T16:54:14.180,27.650,0.299,-0.959,0.022
1574114054190,2019-11-18T16:54:14.190,27.660,0.300,-0.963,0.023
1574114054200,2019-11-18T16:54:14.200,27.670,0.298,-0.962,0.024
1574114054210,2019-11-18T16:54:14.210,27.680,0.297,-0.959,0.025
1574114054220,2019-11-18T16:54:14.220,27.690,0.298,-0.960,0.022
1574114054230,2019-11-18T16:54:14.230,27.700,0.299,-0.959,0.023
1574114054240,2019-11-18T16:54:14.240,27.710,0.300,-0.956,0.026
1574114054250,2019-11-18T16:54:14.250,27.720,0.300,-0.955,0.027
1574114054260,2019-11-18T16:54:14.260,27.730,0.300,-0.954,0.025
1574114054270,2019-11-18T16:54:14.270,27.740,0.301,-0.958,0.024
1574114054280,2019-11-18T16:54:14.280,27.750,0.297,-0.954,0.023
1574114054290,2019-11-18T16:54:14.290,27.760,0.299,-0.953,0.026
1574114054300,2019-11-18T16:54:14.300,27.770,0.306,-0.952,0.029
1574114054310,2019-11-18T16:54:14.310,27.780,0.303,-0.955,0.029
1574114054320,2019-11-18T16:54:14.320,27.790,0.309,-0.980,0.032
1574114054330,2019-11-18T16:54:14.330,27.800,0.309,-0.990,0.030
1574114054340,2019-11-18T16:54:14.340,27.810,0.297,-0.979,0.033
1574114054350,2019-11-18T16:54:14.350,27.820,0.294,-0.979,0.027
1574114054360,2019-11-18T16:54:14.360,27.830,0.305,-0.997,0.024
1574114054370,2019-11-18T16:54:14.370,27.840,0.305,-0.996,0.022
1574114054380,2019-11-18T16:54:14.380,27.850,0.302,-0.996,0.019
1574114054390,2019-11-18T16:54:14.390,27.860,0.301,-0.972,0.021
1574114054400,2019-11-18T16:54:14.400,27.870,0.287,-0.937,0.021
1574114054410,2019-11-18T16:54:14.410,27.880,0.272,-0.917,0.029
1574114054420,2019-11-18T16:54:14.420,27.890,0.299,-0.944,0.019
1574114054430,2019-11-18T16:54:14.430,27.900,0.308,-0.966,0.022
1574114054440,2019-11-18T16:54:14.440,27.910,0.305,-0.967,0.021
1574114054450,2019-11-18T16:54:14.450,27.920,0.310,-0.966,0.020
1574114054460,2019-11-18T16:54:14.460,27.930,0.312,-0.971,0.022
1574114054470,2019-11-18T16:54:14.470,27.940,0.299,-0.954,0.019
1574114054480,2019-11-18T16:54:14.480,27.950,0.283,-0.930,0.018
1574114054490,2019-11-18T16:54:14.490,27.960,0.282,-0.932,0.021
1574114054500,2019-11-18T16:54:14.500,27.970,0.293,-0.944,0.029
1574114054510,2019-11-18T16:54:14.510,27.980,0.297,-0.947,0.030
1574114054520,2019-11-18T16:54:14.520,27.990,0.290,-0.929,0.030
1574114054530,2019-11-18T16:54:14.530,28.000,0.284,-0.917,0.033
1574114054540,2019-11-18T16:54:14.540,28.010,0.282,-0.929,0.040
1574114054550,2019-11-18T16:54:14.550,28.020,0.293,-0.944,0.036
1574114054560,2019-11-18T16:54:14.560,28.030,0.299,-0.946,0.034
1574114054570,2019-11-18T16:54:14.570,28.040,0.297,-0.950,0.036
1574114054580,2019-11-18T16:54:14.580,28.050,0.295,-0.956,0.040
1574114054590,2019-11-18T16:54:14.590,28.060,0.296,-0.957,0.042
1574114054600,2019-11-18T16:54:14.600,28.070,0.293,-0.947,0.039
1574114054610,2019-11-18T16:54:14.610,28.080,0.288,-0.942,0.043
1574114054620,2019-11-18T16:54:14.620,28.090,0.295,-0.947,0.043
1574114054630,2019-11-18T16:54:14.630,28.100,0.302,-0.957,0.041
1574114054640,2019-11-18T16:54:14.640,28.110,0.304,-0.964,0.043
1574114054650,2019-11-18T16:54:14.650,28.120,0.305,-0.956,0.043
1574114054660,2019-11-18T16:54:14.660,28.130,0.304,-0.958,0.044
1574114054670,2019-11-18T16:54:14.670,28.140,0.308,-0.963,0.041
1574114054680,2019-11-18T16:54:14.680,28.150,0.312,-0.960,0.043
1574114054690,2019-11-18T16:54:14.690,28.160,0.315,-0.957,0.045
1574114054700,2019-11-18T16:54:14.700,28.170,0.325,-0.962,0.048
1574114054710,2019-11-18T16:54:14.710,28.180,0.321,-0.960,0.047
1574114054720,2019-11-18T16:54:14.720,28.190,0.318,-0.952,0.049
1574114054730,2019-11-18T16:54:14.730,28.200,0.318,-0.949,0.047
1574114054740,2019-11-18T16:54:14.740,28.210,0.320,-0.949,0.044
1574114054750,2019-11-18T16:54:14.750,28.220,0.318,-0.955,0.040
1574114054760,2019-11-18T16:54:14.760,28.230,0.318,-0.962,0.034
1574114054770,2019-11-18T16:54:14.770,28.240,0.317,-0.959,0.034
1574114054780,2019-11-18T16:54:14.780,28.250,0.314,-0.958,0.034
1574114054790,2019-11-18T16:54:14.790,28.260,0.307,-0.956,0.027
1574114054800,2019-11-18T16:54:14.800,28.270,0.304,-0.951,0.025
1574114054810,2019-11-18T16:54:14.810,28.280,0.304,-0.961,0.021
1574114054820,2019-11-18T16:54:14.820,28.290,0.304,-0.964,0.021
1574114054830,2019-11-18T16:54:14.830,28.300,0.304,-0.964,0.017
1574114054840,2019-11-18T16:54:14.840,28.310,0.301,-0.972,0.013
1574114054850,2019-11-18T16:54:14.850,28.320,0.307,-0.966,0.016
1574114054860,2019-11-18T16:54:14.860,28.330,0.309,-0.958,0.016
1574114054870,2019-11-18T16:54:14.870,28.340,0.308,-0.963,0.013
1574114054880,2019-11-18T16:54:14.880,28.350,0.312,-0.971,0.015
1574114054890,2019-11-18T16:54:14.890,28.360,0.314,-0.970,0.024
1574114054900,2019-11-18T16:54:14.900,28.370,0.315,-0.962,0.022
1574114054910,2019-11-18T16:54:14.910,28.380,0.312,-0.957,0.020
1574114054920,2019-11-18T16:54:14.920,28.390,0.305,-0.964,0.016
1574114054930,2019-11-18T16:54:14.930,28.400,0.305,-0.967,0.017
1574114054940,2019-11-18T16:54:14.940,28.410,0.306,-0.972,0.022
1574114054950,2019-11-18T16:54:14.950,28.420,0.305,-0.972,0.025
1574114054960,2019-11-18T16:54:14.960,28.430,0.307,-0.970,0.025
1574114054970,2019-11-18T16:54:14.970,28.440,0.308,-0.969,0.026
1574114054980,2019-11-18T16:54:14.980,28.450,0.303,-0.966,0.022
1574114054990,2019-11-18T16:54:14.990,28.460,0.296,-0.956,0.016
1574114055000,2019-11-18T16:54:15.000,28.470,0.293,-0.958,0.019
1574114055010,2019-11-18T16:54:15.010,28.480,0.291,-0.967,0.016
1574114055020,2019-11-18T16:54:15.020,28.490,0.288,-0.967,0.016
1574114055030,2019-11-18T16:54:15.030,28.500,0.283,-0.962,0.017
1574114055040,2019-11-18T16:54:15.040,28.510,0.282,-0.958,0.020
1574114055050,2019-11-18T16:54:15.050,28.520,0.284,-0.962,0.019
1574114055060,2019-11-18T16:54:15.060,28.530,0.288,-0.961,0.019
1574114055070,2019-11-18T16:54:15.070,28.540,0.292,-0.958,0.021
1574114055080,2019-11-18T16:54:15.080,28.550,0.295,-0.957,0.024
1574114055090,2019-11-18T16:54:15.090,28.560,0.299,-0.956,0.023
1574114055100,2019-11-18T16:54:15.100,28.570,0.297,-0.955,0.027
1574114055110,2019-11-18T16:54:15.110,28.580,0.298,-0.954,0.023
1574114055120,2019-11-18T16:54:15.120,28.590,0.299,-0.954,0.022
1574114055130,2019-11-18T16:54:15.130,28.600,0.294,-0.957,0.021
1574114055140,2019-11-18T16:54:15.140,28.610,0.293,-0.954,0.020
1574114055150,2019-11-18T16:54:15.150,28.620,0.295,-0.958,0.019
1574114055160,2019-11-18T16:54:15.160,28.630,0.297,-0.963,0.020
1574114055170,2019-11-18T16:54:15.170,28.640,0.298,-0.966,0.018
1574114055180,2019-11-18T16:54:15.180,28.650,0.296,-0.973,0.019
1574114055190,2019-11-18T16:54:15.190,28.660,0.299,-0.972,0.021
1574114055200,2019-11-18T16:54:15.200,28.670,0.300,-0.970,0.019
1574114055210,2019-11-18T16:54:15.210,28.680,0.297,-0.972,0.021
1574114055220,2019-11-18T16:54:15.220,28.690,0.297,-0.973,0.022
1574114055230,2019-11-18T16:54:15.230,28.700,0.296,-0.969,0.026
1574114055240,2019-11-18T16:54:15.240,28.710,0.296,-0.961,0.022
1574114055250,2019-11-18T16:54:15.250,28.720,0.298,-0.961,0.023
1574114055260,2019-11-18T16:54:15.260,28.730,0.297,-0.958,0.024
1574114055270,2019-11-18T16:54:15.270,28.740,0.298,-0.953,0.028
1574114055280,2019-11-18T16:54:15.280,28.750,0.297,-0.955,0.027
1574114055290,2019-11-18T16:54:15.290,28.760,0.296,-0.957,0.028
1574114055300,2019-11-18T16:54:15.300,28.770,0.299,-0.963,0.030
1574114055310,2019-11-18T16:54:15.310,28.780,0.300,-0.963,0.032
1574114055320,2019-11-18T16:54:15.320,28.790,0.297,-0.963,0.031
1574114055330,2019-11-18T16:54:15.330,28.800,0.296,-0.960,0.032
1574114055340,2019-11-18T16:54:15.340,28.810,0.296,-0.963,0.032
1574114055350,2019-11-18T16:54:15.350,28.820,0.297,-0.961,0.028
1574114055360,2019-11-18T16:54:15.360,28.830,0.296,-0.962,0.030
1574114055370,2019-11-18T16:54:15.370,28.840,0.294,-0.967,0.033
1574114055380,2019-11-18T16:54:15.380,28.850,0.294,-0.965,0.032
1574114055390,2019-11-18T16:54:15.390,28.860,0.290,-0.963,0.031
1574114055400,2019-11-18T16:54:15.400,28.870,0.284,-0.961,0.031
1574114055410,2019-11-18T16:54:15.410,28.880,0.282,-0.962,0.029
1574114055420,2019-11-18T16:54:15.420,28.890,0.281,-0.960,0.031
1574114055430,2019-11-18T16:54:15.430,28.900,0.282,-0.959,0.031
1574114055440,2019-11-18T16:54:15.440,28.910,0.281,-0.960,0.029
1574114055450,2019-11-18T16:54:15.450,28.920,0.285,-0.963,0.030
1574114055460,2019-11-18T16:54:15.460,28.930,0.284,-0.964,0.032
1574114055470,2019-11-18T16:54:15.470,28.940,0.281,-0.962,0.032
1574114055480,2019-11-18T16:54:15.480,28.950,0.281,-0.959,0.034
1574114055490,2019-11-18T16:54:15.490,28.960,0.282,-0.961,0.037
1574114055500,2019-11-18T16:54:15.500,28.970,0.286,-0.964,0.036
1574114055510,2019-11-18T16:54:15.510,28.980,0.285,-0.965,0.035
1574114055520,2019-11-18T16:54:15.520,28.990,0.286,-0.964,0.040
1574114055530,2019-11-18T16:54:15.530,29.000,0.286,-0.964,0.042
1574114055540,2019-11-18T16:54:15.540,29.010,0.290,-0.965,0.042
1574114055550,2019-11-18T16:54:15.550,29.020,0.293,-0.964,0.043
1574114055560,2019-11-18T16:54:15.560,29.030,0.290,-0.966,0.043
1574114055570,2019-11-18T16:54:15.570,29.040,0.284,-0.969,0.044
1574114055580,2019-11-18T16:54:15.580,29.050,0.283,-0.967,0.045
1574114055590,2019-11-18T16:54:15.590,29.060,0.281,-0.958,0.048
1574114055600,2019-11-18T16:54:15.600,29.070,0.275,-0.958,0.044
1574114055610,2019-11-18T16:54:15.610,29.080,0.273,-0.958,0.046
1574114055620,2019-11-18T16:54:15.620,29.090,0.280,-0.958,0.042
1574114055630,2019-11-18T16:54:15.630,29.100,0.278,-0.959,0.040
1574114055640,2019-11-18T16:54:15.640,29.110,0.276,-0.955,0.042
1574114055650,2019-11-18T16:54:15.650,29.120,0.275,-0.957,0.044
1574114055660,2019-11-18T16:54:15.660,29.130,0.277,-0.961,0.043
1574114055670,2019-11-18T16:54:15.670,29.140,0.276,-0.958,0.043
1574114055680,2019-11-18T16:54:15.680,29.150,0.277,-0.959,0.040
1574114055690,2019-11-18T16:54:15.690,29.160,0.278,-0.959,0.043
1574114055700,2019-11-18T16:54:15.700,29.170,0.274,-0.958,0.042
1574114055710,2019-11-18T16:54:15.710,29.180,0.274,-0.957,0.039
1574114055720,2019-11-18T16:54:15.720,29.190,0.276,-0.955,0.041
1574114055730,2019-11-18T16:54:15.730,29.200,0.276,-0.960,0.040
1574114055740,2019-11-18T16:54:15.740,29.210,0.276,-0.966,0.040
1574114055750,2019-11-18T16:54:15.750,29.220,0.276,-0.963,0.039
1574114055760,2019-11-18T16:54:15.760,29.230,0.279,-0.967,0.038
1574114055770,2019-11-18T16:54:15.770,29.240,0.279,-0.970,0.037
1574114055780,2019-11-18T16:54:15.780,29.250,0.273,-0.969,0.039
1574114055790,2019-11-18T16:54:15.790,29.260,0.267,-0.991,0.040
1574114055800,2019-11-18T16:54:15.800,29.270,0.263,-1.059,0.038
1574114055810,2019-11-18T16:54:15.810,29.280,0.264,-1.128,0.029
1574114055820,2019-11-18T16:54:15.820,29.290,0.273,-1.187,0.023
1574114055830,2019-11-18T16:54:15.830,29.300,0.308,-1.184,0.010
1574114055840,2019-11-18T16:54:15.840,29.310,0.320,-1.091,0.002
1574114055850,2019-11-18T16:54:15.850,29.320,0.303,-0.997,0.001
1574114055860,2019-11-18T16:54:15.860,29.330,0.303,-0.939,0.004
1574114055870,2019-11-18T16:54:15.870,29.340,0.296,-0.900,0.004
1574114055880,2019-11-18T16:54:15.880,29.350,0.271,-0.908,0.011
1574114055890,2019-11-18T16:54:15.890,29.360,0.247,-0.953,0.013
1574114055900,2019-11-18T16:54:15.900,29.370,0.233,-0.981,0.017
1574114055910,2019-11-18T16:54:15.910,29.380,0.219,-0.982,0.024
1574114055920,2019-11-18T16:54:15.920,29.390,0.206,-0.980,0.032
1574114055930,2019-11-18T16:54:15.930,29.400,0.202,-0.989,0.039
1574114055940,2019-11-18T16:54:15.940,29.410,0.201,-0.992,0.037
1574114055950,2019-11-18T16:54:15.950,29.420,0.192,-0.975,0.047
1574114055960,2019-11-18T16:54:15.960,29.430,0.187,-0.966,0.055
1574114055970,2019-11-18T16:54:15.970,29.440,0.191,-0.960,0.061
1574114055980,2019-11-18T16:54:15.980,29.450,0.195,-0.952,0.065
1574114055990,2019-11-18T16:54:15.990,29.460,0.199,-0.951,0.083
1574114056000,2019-11-18T16:54:16.000,29.470,0.199,-0.947,0.090
1574114056010,2019-11-18T16:54:16.010,29.480,0.190,-0.942,0.091
1574114056020,2019-11-18T16:54:16.020,29.490,0.188,-0.935,0.101
1574114056030,2019-11-18T16:54:16.030,29.500,0.188,-0.931,0.103
1574114056040,2019-11-18T16:54:16.040,29.510,0.183,-0.935,0.112
1574114056050,2019-11-18T16:54:16.050,29.520,0.182,-0.945,0.112
1574114056060,2019-11-18T16:54:16.060,29.530,0.174,-0.940,0.114
1574114056070,2019-11-18T16:54:16.070,29.540,0.173,-0.929,0.118
1574114056080,2019-11-18T16:54:16.080,29.550,0.171,-0.940,0.119
1574114056090,2019-11-18T16:54:16.090,29.560,0.165,-0.955,0.117
1574114056100,2019-11-18T16:54:16.100,29.570,0.164,-0.954,0.116
1574114056110,2019-11-18T16:54:16.110,29.580,0.157,-0.945,0.113
1574114056120,2019-11-18T16:54:16.120,29.590,0.152,-0.954,0.108
1574114056130,2019-11-18T16:54:16.130,29.600,0.158,-0.960,0.107
1574114056140,2019-11-18T16:54:16.140,29.610,0.158,-0.956,0.103
1574114056150,2019-11-18T16:54:16.150,29.620,0.158,-0.949,0.104
1574114056160,2019-11-18T16:54:16.160,29.630,0.154,-0.941,0.101
1574114056170,2019-11-18T16:54:16.170,29.640,0.156,-0.937,0.096
1574114056180,2019-11-18T16:54:16.180,29.650,0.166,-0.942,0.094
1574114056190,2019-11-18T16:54:16.190,29.660,0.166,-0.952,0.087
1574114056200,2019-11-18T16:54:16.200,29.670,0.152,-0.949,0.079
1574114056210,2019-11-18T16:54:16.210,29.680,0.143,-0.951,0.072
1574114056220,2019-11-18T16:54:16.220,29.690,0.151,-0.961,0.066
1574114056230,2019-11-18T16:54:16.230,29.700,0.157,-0.979,0.063
1574114056240,2019-11-18T16:54:16.240,29.710,0.167,-0.992,0.064
1574114056250,2019-11-18T16:54:16.250,29.720,0.190,-0.992,0.060
1574114056260,2019-11-18T16:54:16.260,29.730,0.195,-0.988,0.055
1574114056270,2019-11-18T16:54:16.270,29.740,0.174,-0.968,0.052
1574114056280,2019-11-18T16:54:16.280,29.750,0.161,-0.951,0.048
1574114056290,2019-11-18T16:54:16.290,29.760,0.170,-0.982,0.044
1574114056300,2019-11-18T16:54:16.300,29.770,0.188,-1.016,0.038
1574114056310,2019-11-18T16:54:16.310,29.780,0.186,-1.009,0.032
1574114056320,2019-11-18T16:54:16.320,29.790,0.187,-0.986,0.030
1574114056330,2019-11-18T16:54:16.330,29.800,0.187,-0.981,0.027
1574114056340,2019-11-18T16:54:16.340,29.810,0.181,-0.998,0.022
1574114056350,2019-11-18T16:54:16.350,29.820,0.186,-1.017,0.018
1574114056360,2019-11-18T16:54:16.360,29.830,0.183,-1.018,0.016
1574114056370,2019-11-18T16:54:16.370,29.840,0.193,-0.997,0.007
1574114056380,2019-11-18T16:54:16.380,29.850,0.189,-0.977,0.007
1574114056390,2019-11-18T16:54:16.390,29.860,0.182,-0.977,0.007
1574114056400,2019-11-18T16:54:16.400,29.870,0.188,-0.988,0.003
1574114056410,2019-11-18T16:54:16.410,29.880,0.193,-0.994,-0.003
1574114056420,2019-11-18T16:54:16.420,29.890,0.194,-0.990,-0.009
1574114056430,2019-11-18T16:54:16.430,29.900,0.187,-0.986,-0.013
1574114056440,2019-11-18T16:54:16.440,29.910,0.193,-0.986,-0.013
1574114056450,2019-11-18T16:54:16.450,29.920,0.196,-0.980,-0.015
1574114056460,2019-11-18T16:54:16.460,29.930,0.191,-0.987,-0.022
1574114056470,2019-11-18T16:54:16.470,29.940,0.194,-1.001,-0.025
1574114056480,2019-11-18T16:54:16.480,29.950,0.205,-1.017,-0.023
1574114056490,2019-11-18T16:54:16.490,29.960,0.213,-1.027,-0.023
1574114056500,2019-11-18T16:54:16.500,29.970,0.216,-1.015,-0.028
1574114056510,2019-11-18T16:54:16.510,29.980,0.225,-0.994,-0.040
1574114056520,2019-11-18T16:54:16.520,29.990,0.220,-0.980,-0.051
1574114056530,2019-11-18T16:54:16.530,30.000,0.206,-0.955,-0.059
1574114056540,2019-11-18T16:54:16.540,30.010,0.198,-0.951,-0.069
1574114056550,2019-11-18T16:54:16.550,30.020,0.200,-0.962,-0.077
1574114056560,2019-11-18T16:54:16.560,30.030,0.193,-0.970,-0.076
1574114056570,2019-11-18T16:54:16.570,30.040,0.185,-0.977,-0.069
1574114056580,2019-11-18T16:54:16.580,30.050,0.176,-0.985,-0.061
1574114056590,2019-11-18T16:54:16.590,30.060,0.187,-0.994,-0.051
1574114056600,2019-11-18T16:54:16.600,30.070,0.197,-1.021,-0.046
1574114056610,2019-11-18T16:54:16.610,30.080,0.200,-1.038,-0.042
1574114056620,2019-11-18T16:54:16.620,30.090,0.206,-1.031,-0.032
1574114056630,2019-11-18T16:54:16.630,30.100,0.209,-1.011,-0.031
1574114056640,2019-11-18T16:54:16.640,30.110,0.213,-0.993,-0.025
1574114056650,2019-11-18T16:54:16.650,30.120,0.224,-0.995,-0.021
1574114056660,2019-11-18T16:54:16.660,30.130,0.222,-0.992,-0.023
1574114056670,2019-11-18T16:54:16.670,30.140,0.225,-0.972,-0.027
1574114056680,2019-11-18T16:54:16.680,30.150,0.229,-0.947,-0.021
1574114056690,2019-11-18T16:54:16.690,30.160,0.223,-0.947,-0.015
1574114056700,2019-11-18T16:54:16.700,30.170,0.225,-0.963,-0.016
1574114056710,2019-11-18T16:54:16.710,30.180,0.229,-0.968,-0.015
1574114056720,2019-11-18T16:54:16.720,30.190,0.226,-0.968,-0.015
1574114056730,2019-11-18T16:54:16.730,30.200,0.227,-0.981,-0.021
1574114056740,2019-11-18T16:54:16.740,30.210,0.224,-0.993,-0.025
1574114056750,2019-11-18T16:54:16.750,30.220,0.226,-0.984,-0.023
1574114056760,2019-11-18T16:54:16.760,30.230,0.232,-0.992,-0.020
1574114056770,2019-11-18T16:54:16.770,30.240,0.236,-0.989,-0.018
1574114056780,2019-11-18T16:54:16.780,30.250,0.224,-0.961,-0.016
1574114056790,2019-11-18T16:54:16.790,30.260,0.214,-0.947,-0.015
1574114056800,2019-11-18T16:54:16.800,30.270,0.221,-0.963,-0.016
1574114056810,2019-11-18T16:54:16.810,30.280,0.229,-0.972,-0.019
1574114056820,2019-11-18T16:54:16.820,30.290,0.238,-0.970,-0.013
1574114056830,2019-11-18T16:54:16.830,30.300,0.250,-0.971,-0.015
1574114056840,2019-11-18T16:54:16.840,30.310,0.246,-0.986,-0.009
1574114056850,2019-11-18T16:54:16.850,30.320,0.247,-0.989,-0.008
1574114056860,2019-11-18T16:54:16.860,30.330,0.250,-0.985,-0.010
1574114056870,2019-11-18T16:54:16.870,30.340,0.250,-0.992,-0.010
1574114056880,2019-11-18T16:54:16.880,30.350,0.247,-0.992,-0.012
1574114056890,2019-11-18T16:54:16.890,30.360,0.247,-0.971,-0.010
1574114056900,2019-11-18T16:54:16.900,30.370,0.249,-0.970,-0.009
1574114056910,2019-11-18T16:54:16.910,30.380,0.262,-0.979,-0.011
1574114056920,2019-11-18T16:54:16.920,30.390,0.255,-0.968,-0.007
1574114056930,2019-11-18T16:54:16.930,30.400,0.249,-0.968,-0.006
1574114056940,2019-11-18T16:54:16.940,30.410,0.247,-0.972,-0.007
1574114056950,2019-11-18T16:54:16.950,30.420,0.247,-0.984,-0.009
1574114056960,2019-11-18T16:54:16.960,30.430,0.249,-0.985,-0.012
1574114056970,2019-11-18T16:54:16.970,30.440,0.243,-0.969,-0.010
1574114056980,2019-11-18T16:54:16.980,30.450,0.255,-0.978,-0.009
1574114056990,2019-11-18T16:54:16.990,30.460,0.255,-0.986,-0.015
1574114057000,2019-11-18T16:54:17.000,30.470,0.244,-0.965,-0.019
1574114057010,2019-11-18T16:54:17.010,30.480,0.236,-0.958,-0.017
1574114057020,2019-11-18T16:54:17.020,30.490,0.239,-0.969,-0.022
1574114057030,2019-11-18T16:54:17.030,30.500,0.234,-0.978,-0.024
1574114057040,2019-11-18T16:54:17.040,30.510,0.232,-0.971,-0.025
1574114057050,2019-11-18T16:54:17.050,30.520,0.236,-0.977,-0.023
1574114057060,2019-11-18T16:54:17.060,30.530,0.241,-0.975,-0.025
1574114057070,2019-11-18T16:54:17.070,30.540,0.242,-0.950,-0.021
1574114057080,2019-11-18T16:54:17.080,30.550,0.244,-0.949,-0.019
1574114057090,2019-11-18T16:54:17.090,30.560,0.244,-0.961,-0.021
1574114057100,2019-11-18T16:54:17.100,30.570,0.239,-0.967,-0.023
1574114057110,2019-11-18T16:54:17.110,30.580,0.249,-0.987,-0.024
1574114057120,2019-11-18T16:54:17.120,30.590,0.251,-1.000,-0.025
1574114057130,2019-11-18T16:54:17.130,30.600,0.241,-0.983,-0.022
1574114057140,2019-11-18T16:54:17.140,30.610,0.245,-0.984,-0.020
1574114057150,2019-11-18T16:54:17.150,30.620,0.250,-0.990,-0.020
1574114057160,2019-11-18T16:54:17.160,30.630,0.244,-0.978,-0.016
1574114057170,2019-11-18T16:54:17.170,30.640,0.247,-0.969,-0.015
1574114057180,2019-11-18T16:54:17.180,30.650,0.248,-0.974,-0.019
1574114057190,2019-11-18T16:54:17.190,30.660,0.249,-0.970,-0.017
1574114057200,2019-11-18T16:54:17.200,30.670,0.254,-0.976,-0.017
1574114057210,2019-11-18T16:54:17.210,30.680,0.255,-0.983,-0.021
1574114057220,2019-11-18T16:54:17.220,30.690,0.245,-0.980,-0.019
1574114057230,2019-11-18T16:54:17.230,30.700,0.240,-0.975,-0.017
1574114057240,2019-11-18T16:54:17.240,30.710,0.242,-0.979,-0.016
1574114057250,2019-11-18T16:54:17.250,30.720,0.245,-0.978,-0.019
1574114057260,2019-11-18T16:54:17.260,30.730,0.244,-0.970,-0.017
1574114057270,2019-11-18T16:54:17.270,30.740,0.242,-0.963,-0.014
1574114057280,2019-11-18T16:54:17.280,30.750,0.236,-0.970,-0.015
1574114057290,2019-11-18T16:54:17.290,30.760,0.234,-0.970,-0.015
1574114057300,2019-11-18T16:54:17.300,30.770,0.233,-0.971,-0.017
1574114057310,2019-11-18T16:54:17.310,30.780,0.245,-0.986,-0.011
1574114057320,2019-11-18T16:54:17.320,30.790,0.244,-0.994,-0.009
1574114057330,2019-11-18T16:54:17.330,30.800,0.237,-0.967,-0.008
1574114057340,2019-11-18T16:54:17.340,30.810,0.238,-0.953,-0.010
1574114057350,2019-11-18T16:54:17.350,30.820,0.246,-0.962,-0.010
1574114057360,2019-11-18T16:54:17.360,30.830,0.246,-0.974,-0.013
1574114057370,2019-11-18T16:54:17.370,30.840,0.243,-0.963,-0.016
1574114057380,2019-11-18T16:54:17.380,30.850,0.235,-0.960,-0.014
1574114057390,2019-11-18T16:54:17.390,30.860,0.240,-0.972,-0.013
1574114057400,2019-11-18T16:54:17.400,30.870,0.239,-0.972,-0.014
1574114057410,2019-11-18T16:54:17.410,30.880,0.239,-0.971,-0.014
1574114057420,2019-11-18T16:54:17.420,30.890,0.237,-0.969,-0.017
1574114057430,2019-11-18T16:54:17.430,30.900,0.240,-0.967,-0.017
1574114057440,2019-11-18T16:54:17.440,30.910,0.240,-0.959,-0.018
1574114057450,2019-11-18T16:54:17.450,30.920,0.237,-0.963,-0.018
1574114057460,2019-11-18T16:54:17.460,30.930,0.237,-0.962,-0.018
1574114057470,2019-11-18T16:54:17.470,30.940,0.241,-0.967,-0.021
1574114057480,2019-11-18T16:54:17.480,30.950,0.241,-0.972,-0.018
1574114057490,2019-11-18T16:54:17.490,30.960,0.249,-0.976,-0.010
1574114057500,2019-11-18T16:54:17.500,30.970,0.262,-0.975,-0.005
1574114057510,2019-11-18T16:54:17.510,30.980,0.263,-0.967,-0.005
1574114057520,2019-11-18T16:54:17.520,30.990,0.265,-0.971,0.000
1574114057530,2019-11-18T16:54:17.530,31.000,0.270,-0.982,0.000
1574114057540,2019-11-18T16:54:17.540,31.010,0.272,-0.983,0.002
1574114057550,2019-11-18T16:54:17.550,31.020,0.273,-0.978,0.008
1574114057560,2019-11-18T16:54:17.560,31.030,0.277,-0.972,0.014
1574114057570,2019-11-18T16:54:17.570,31.040,0.281,-0.969,0.016
1574114057580,2019-11-18T16:54:17.580,31.050,0.281,-0.968,0.016
1574114057590,2019-11-18T16:54:17.590,31.060,0.280,-0.962,0.019
1574114057600,2019-11-18T16:54:17.600,31.070,0.286,-0.974,0.015
1574114057610,2019-11-18T16:54:17.610,31.080,0.282,-0.983,0.016
1574114057620,2019-11-18T16:54:17.620,31.090,0.271,-0.971,0.014
1574114057630,2019-11-18T16:54:17.630,31.100,0.267,-0.968,0.015
1574114057640,2019-11-18T16:54:17.640,31.110,0.265,-0.971,0.014
1574114057650,2019-11-18T16:54:17.650,31.120,0.259,-0.969,0.009
1574114057660,2019-11-18T16:54:17.660,31.130,0.254,-0.962,0.008
1574114057670,2019-11-18T16:54:17.670,31.140,0.251,-0.959,0.005
1574114057680,2019-11-18T16:54:17.680,31.150,0.247,-0.961,0.003
1574114057690,2019-11-18T16:54:17.690,31.160,0.245,-0.966,-0.002
1574114057700,2019-11-18T16:54:17.700,31.170,0.246,-0.969,-0.002
1574114057710,2019-11-18T16:54:17.710,31.180,0.242,-0.969,-0.003
1574114057720,2019-11-18T16:54:17.720,31.190,0.235,-0.973,-0.006
1574114057730,2019-11-18T16:54:17.730,31.200,0.241,-0.975,-0.006
1574114057740,2019-11-18T16:54:17.740,31.210,0.240,-0.977,-0.007
1574114057750,2019-11-18T16:54:17.750,31.220,0.236,-0.969,-0.011
1574114057760,2019-11-18T16:54:17.760,31.230,0.231,-0.965,-0.013
1574114057770,2019-11-18T16:54:17.770,31.240,0.228,-0.974,-0.015
1574114057780,2019-11-18T16:54:17.780,31.250,0.229,-0.976,-0.018
1574114057790,2019-11-18T16:54:17.790,31.260,0.223,-0.972,-0.020
1574114057800,2019-11-18T16:54:17.800,31.270,0.220,-0.979,-0.024
1574114057810,2019-11-18T16:54:17.810,31.280,0.213,-0.988,-0.028
1574114057820,2019-11-18T16:54:17.820,31.290,0.207,-0.984,-0.033
1574114057830,2019-11-18T16:54:17.830,31.300,0.208,-0.985,-0.038
1574114057840,2019-11-18T16:54:17.840,31.310,0.206,-0.995,-0.044
1574114057850,2019-11-18T16:54:17.850,31.320,0.190,-0.996,-0.056
1574114057860,2019-11-18T16:54:17.860,31.330,0.185,-0.995,-0.062
1574114057870,2019-11-18T16:54:17.870,31.340,0.178,-0.996,-0.066
1574114057880,2019-11-18T16:54:17.880,31.350,0.166,-0.997,-0.069
1574114057890,2019-11-18T16:54:17.890,31.360,0.158,-0.991,-0.080
1574114057900,2019-11-18T16:54:17.900,31.370,0.150,-0.994,-0.108
1574114057910,2019-11-18T16:54:17.910,31.380,0.159,-1.016,-0.102
1574114057920,2019-11-18T16:54:17.920,31.390,0.183,-1.019,-0.101
1574114057930,2019-11-18T16:54:17.930,31.400,0.186,-1.013,-0.104
1574114057940,2019-11-18T16:54:17.940,31.410,0.175,-1.030,-0.122
1574114057950,2019-11-18T16:54:17.950,31.420,0.164,-1.053,-0.148
1574114057960,2019-11-18T16:54:17.960,31.430,0.151,-1.073,-0.188
1574114057970,2019-11-18T16:54:17.970,31.440,0.170,-1.070,-0.197
1574114057980,2019-11-18T16:54:17.980,31.450,0.184,-1.027,-0.184
1574114057990,2019-11-18T16:54:17.990,31.460,0.165,-0.959,-0.180
1574114058000,2019-11-18T16:54:18.000,31.470,0.154,-0.918,-0.183
1574114058010,2019-11-18T16:54:18.010,31.480,0.173,-0.935,-0.170
1574114058020,2019-11-18T16:54:18.020,31.490,0.201,-0.946,-0.167
1574114058030,2019-11-18T16:54:18.030,31.500,0.213,-0.930,-0.154
1574114058040,2019-11-18T16:54:18.040,31.510,0.229,-0.925,-0.136
1574114058050,2019-11-18T16:54:18.050,31.520,0.259,-0.946,-0.127
1574114058060,2019-11-18T16:54:18.060,31.530,0.287,-0.966,-0.096
1574114058070,2019-11-18T16:54:18.070,31.540,0.315,-0.958,-0.081
1574114058080,2019-11-18T16:54:18.080,31.550,0.331,-0.945,-0.058
1574114058090,2019-11-18T16:54:18.090,31.560,0.347,-0.935,-0.035
1574114058100,2019-11-18T16:54:18.100,31.570,0.354,-0.929,-0.030
1574114058110,2019-11-18T16:54:18.110,31.580,0.365,-0.931,-0.025
1574114058120,2019-11-18T16:54:18.120,31.590,0.367,-0.952,-0.022
1574114058130,2019-11-18T16:54:18.130,31.600,0.382,-0.958,-0.012
1574114058140,2019-11-18T16:54:18.140,31.610,0.397,-0.939,0.002
1574114058150,2019-11-18T16:54:18.150,31.620,0.401,-0.924,0.015
1574114058160,2019-11-18T16:54:18.160,31.630,0.385,-0.916,0.020
1574114058170,2019-11-18T16:54:18.170,31.640,0.384,-0.907,0.031
1574114058180,2019-11-18T16:54:18.180,31.650,0.384,-0.910,0.039
1574114058190,2019-11-18T16:54:18.190,31.660,0.372,-0.940,0.032
1574114058200,2019-11-18T16:54:18.200,31.670,0.377,-0.961,0.037
1574114058210,2019-11-18T16:54:18.210,31.680,0.389,-0.961,0.055
1574114058220,2019-11-18T16:54:18.220,31.690,0.393,-0.953,0.061
1574114058230,2019-11-18T16:54:18.230,31.700,0.389,-0.935,0.067
1574114058240,2019-11-18T16:54:18.240,31.710,0.380,-0.934,0.072
1574114058250,2019-11-18T16:54:18.250,31.720,0.377,-0.943,0.076
1574114058260,2019-11-18T16:54:18.260,31.730,0.373,-0.943,0.078
1574114058270,2019-11-18T16:54:18.270,31.740,0.366,-0.940,0.084
1574114058280,2019-11-18T16:54:18.280,31.750,0.369,-0.938,0.081
1574114058290,2019-11-18T16:54:18.290,31.760,0.352,-0.945,0.075
1574114058300,2019-11-18T16:54:18.300,31.770,0.340,-0.953,0.075
1574114058310,2019-11-18T16:54:18.310,31.780,0.340,-0.951,0.073
1574114058320,2019-11-18T16:54:18.320,31.790,0.333,-0.955,0.073
1574114058330,2019-11-18T16:54:18.330,31.800,0.330,-0.957,0.079
1574114058340,2019-11-18T16:54:18.340,31.810,0.331,-0.949,0.083
1574114058350,2019-11-18T16:54:18.350,31.820,0.322,-0.954,0.083
1574114058360,2019-11-18T16:54:18.360,31.830,0.317,-0.957,0.078
1574114058370,2019-11-18T16:54:18.370,31.840,0.310,-0.957,0.077
1574114058380,2019-11-18T16:54:18.380,31.850,0.311,-0.959,0.083
1574114058390,2019-11-18T16:54:18.390,31.860,0.318,-0.962,0.083
1574114058400,2019-11-18T16:54:18.400,31.870,0.325,-0.953,0.083
1574114058410,2019-11-18T16:54:18.410,31.880,0.320,-0.941,0.088
1574114058420,2019-11-18T16:54:18.420,31.890,0.310,-0.938,0.084
1574114058430,2019-11-18T16:54:18.430,31.900,0.304,-0.938,0.086
1574114058440,2019-11-18T16:54:18.440,31.910,0.309,-0.939,0.090
1574114058450,2019-11-18T16:54:18.450,31.920,0.312,-0.943,0.094
1574114058460,2019-11-18T16:54:18.460,31.930,0.318,-0.941,0.094
1574114058470,2019-11-18T16:54:18.470,31.940,0.326,-0.931,0.096
1574114058480,2019-11-18T16:54:18.480,31.950,0.324,-0.917,0.096
1574114058490,2019-11-18T16:54:18.490,31.960,0.314,-0.909,0.089
1574114058500,2019-11-18T16:54:18.500,31.970,0.311,-0.920,0.082
1574114058510,2019-11-18T16:54:18.510,31.980,0.312,-0.943,0.078
1574114058520,2019-11-18T16:54:18.520,31.990,0.314,-0.961,0.073
1574114058530,2019-11-18T16:54:18.530,32.000,0.314,-0.975,0.071
1574114058540,2019-11-18T16:54:18.540,32.010,0.315,-0.992,0.067
1574114058550,2019-11-18T16:54:18.550,32.020,0.317,-1.007,0.063
1574114058560,2019-11-18T16:54:18.560,32.030,0.313,-1.011,0.060
1574114058570,2019-11-18T16:54:18.570,32.040,0.313,-0.996,0.061
1574114058580,2019-11-18T16:54:18.580,32.050,0.315,-0.979,0.070
1574114058590,2019-11-18T16:54:18.590,32.060,0.317,-0.969,0.074
1574114058600,2019-11-18T16:54:18.600,32.070,0.324,-0.957,0.080
1574114058610,2019-11-18T16:54:18.610,32.080,0.327,-0.946,0.084
1574114058620,2019-11-18T16:54:18.620,32.090,0.325,-0.939,0.089
1574114058630,2019-11-18T16:54:18.630,32.100,0.324,-0.938,0.091
1574114058640,2019-11-18T16:54:18.640,32.110,0.321,-0.942,0.093
1574114058650,2019-11-18T16:54:18.650,32.120,0.327,-0.943,0.098
1574114058660,2019-11-18T16:54:18.660,32.130,0.332,-0.944,0.100
1574114058670,2019-11-18T16:54:18.670,32.140,0.332,-0.944,0.105
1574114058680,2019-11-18T16:54:18.680,32.150,0.333,-0.944,0.113
1574114058690,2019-11-18T16:54:18.690,32.160,0.333,-0.942,0.117
1574114058700,2019-11-18T16:54:18.700,32.170,0.330,-0.940,0.116
1574114058710,2019-11-18T16:54:18.710,32.180,0.329,-0.944,0.118
1574114058720,2019-11-18T16:54:18.720,32.190,0.332,-0.941,0.119
1574114058730,2019-11-18T16:54:18.730,32.200,0.326,-0.938,0.123
1574114058740,2019-11-18T16:54:18.740,32.210,0.325,-0.943,0.126
1574114058750,2019-11-18T16:54:18.750,32.220,0.330,-0.947,0.127
1574114058760,2019-11-18T16:54:18.760,32.230,0.334,-0.948,0.125
1574114058770,2019-11-18T16:54:18.770,32.240,0.334,-0.945,0.132
1574114058780,2019-11-18T16:54:18.780,32.250,0.334,-0.942,0.134
1574114058790,2019-11-18T16:54:18.790,32.260,0.332,-0.938,0.138
1574114058800,2019-11-18T16:54:18.800,32.270,0.332,-0.935,0.138
1574114058810,2019-11-18T16:54:18.810,32.280,0.333,-0.940,0.136
1574114058820,2019-11-18T16:54:18.820,32.290,0.338,-0.943,0.131
1574114058830,2019-11-18T16:54:18.830,32.300,0.341,-0.935,0.132
1574114058840,2019-11-18T16:54:18.840,32.310,0.338,-0.937,0.134
1574114058850,2019-11-18T16:54:18.850,32.320,0.340,-0.946,0.137
1574114058860,2019-11-18T16:54:18.860,32.330,0.342,-0.947,0.136
1574114058870,2019-11-18T16:54:18.870,32.340,0.344,-0.943,0.141
1574114058880,2019-11-18T16:54:18.880,32.350,0.354,-0.950,0.140
1574114058890,2019-11-18T16:54:18.890,32.360,0.354,-0.958,0.142
1574114058900,2019-11-18T16:54:18.900,32.370,0.346,-0.957,0.147
1574114058910,2019-11-18T16:54:18.910,32.380,0.352,-0.950,0.149
1574114058920,2019-11-18T16:54:18.920,32.390,0.361,-0.949,0.148
1574114058930,2019-11-18T16:54:18.930,32.400,0.366,-0.948,0.150
1574114058940,2019-11-18T16:54:18.940,32.410,0.359,-0.943,0.151
1574114058950,2019-11-18T16:54:18.950,32.420,0.347,-0.934,0.154
1574114058960,2019-11-18T16:54:18.960,32.430,0.344,-0.927,0.158
1574114058970,2019-11-18T16:54:18.970,32.440,0.352,-0.932,0.157
1574114058980,2019-11-18T16:54:18.980,32.450,0.361,-0.930,0.158
1574114058990,2019-11-18T16:54:18.990,32.460,0.364,-0.930,0.160
1574114059000,2019-11-18T16:54:19.000,32.470,0.362,-0.932,0.164
1574114059010,2019-11-18T16:54:19.010,32.480,0.358,-0.938,0.166
1574114059020,2019-11-18T16:54:19.020,32.490,0.358,-0.935,0.167
1574114059030,2019-11-18T16:54:19.030,32.500,0.355,-0.935,0.163
1574114059040,2019-11-18T16:54:19.040,32.510,0.349,-0.937,0.163
1574114059050,2019-11-18T16:54:19.050,32.520,0.349,-0.937,0.157
1574114059060,2019-11-18T16:54:19.060,32.530,0.350,-0.942,0.150
1574114059070,2019-11-18T16:54:19.070,32.540,0.348,-0.945,0.148
1574114059080,2019-11-18T16:54:19.080,32.550,0.342,-0.935,0.149
1574114059090,2019-11-18T16:54:19.090,32.560,0.334,-0.928,0.145
1574114059100,2019-11-18T16:54:19.100,32.570,0.338,-0.938,0.146
1574114059110,2019-11-18T16:54:19.110,32.580,0.338,-0.950,0.140
1574114059120,2019-11-18T16:54:19.120,32.590,0.341,-0.953,0.141
1574114059130,2019-11-18T16:54:19.130,32.600,0.338,-0.951,0.139
1574114059140,2019-11-18T16:54:19.140,32.610,0.339,-0.949,0.136
1574114059150,2019-11-18T16:54:19.150,32.620,0.342,-0.951,0.135
1574114059160,2019-11-18T16:54:19.160,32.630,0.336,-0.953,0.131
1574114059170,2019-11-18T16:54:19.170,32.640,0.330,-0.950,0.129
1574114059180,2019-11-18T16:54:19.180,32.650,0.330,-0.951,0.131
1574114059190,2019-11-18T16:54:19.190,32.660,0.334,-0.956,0.133
1574114059200,2019-11-18T16:54:19.200,32.670,0.333,-0.952,0.128
1574114059210,2019-11-18T16:54:19.210,32.680,0.326,-0.942,0.131
1574114059220,2019-11-18T16:54:19.220,32.690,0.321,-0.947,0.129
1574114059230,2019-11-18T16:54:19.230,32.700,0.326,-0.954,0.122
1574114059240,2019-11-18T16:54:19.240,32.710,0.320,-0.949,0.121
1574114059250,2019-11-18T16:54:19.250,32.720,0.314,-0.945,0.122
1574114059260,2019-11-18T16:54:19.260,32.730,0.313,-0.949,0.121
1574114059270,2019-11-18T16:54:19.270,32.740,0.313,-0.950,0.115
1574114059280,2019-11-18T16:54:19.280,32.750,0.307,-0.947,0.115
1574114059290,2019-11-18T16:54:19.290,32.760,0.304,-0.948,0.117
1574114059300,2019-11-18T16:54:19.300,32.770,0.304,-0.948,0.114
1574114059310,2019-11-18T16:54:19.310,32.780,0.305,-0.952,0.114
1574114059320,2019-11-18T16:54:19.320,32.790,0.307,-0.957,0.112
1574114059330,2019-11-18T16:54:19.330,32.800,0.303,-0.956,0.109
1574114059340,2019-11-18T16:54:19.340,32.810,0.303,-0.956,0.110
1574114059350,2019-11-18T16:54:19.350,32.820,0.300,-0.952,0.107
1574114059360,2019-11-18T16:54:19.360,32.830,0.304,-0.949,0.107
1574114059370,2019-11-18T16:54:19.370,32.840,0.301,-0.951,0.104
1574114059380,2019-11-18T16:54:19.380,32.850,0.298,-0.958,0.103
1574114059390,2019-11-18T16:54:19.390,32.860,0.298,-0.961,0.100
1574114059400,2019-11-18T16:54:19.400,32.870,0.298,-0.958,0.102
1574114059410,2019-11-18T16:54:19.410,32.880,0.294,-0.957,0.101
1574114059420,2019-11-18T16:54:19.420,32.890,0.298,-0.954,0.098
1574114059430,2019-11-18T16:54:19.430,32.900,0.298,-0.958,0.098
1574114059440,2019-11-18T16:54:19.440,32.910,0.303,-0.960,0.098
1574114059450,2019-11-18T16:54:19.450,32.920,0.302,-0.961,0.097
1574114059460,2019-11-18T16:54:19.460,32.930,0.299,-0.967,0.102
1574114059470,2019-11-18T16:54:19.470,32.940,0.303,-0.977,0.102
1574114059480,2019-11-18T16:54:19.480,32.950,0.303,-0.974,0.101
1574114059490,2019-11-18T16:54:19.490,32.960,0.301,-0.966,0.101
1574114059500,2019-11-18T16:54:19.500,32.970,0.299,-0.958,0.103
1574114059510,2019-11-18T16:54:19.510,32.980,0.301,-0.951,0.104
1574114059520,2019-11-18T16:54:19.520,32.990,0.305,-0.953,0.101
1574114059530,2019-11-18T16:54:19.530,33.000,0.309,-0.951,0.099
1574114059540,2019-11-18T16:54:19.540,33.010,0.304,-0.947,0.098
1574114059550,2019-11-18T16:54:19.550,33.020,0.303,-0.946,0.099
1574114059560,2019-11-18T16:54:19.560,33.030,0.305,-0.948,0.101
1574114059570,2019-11-18T16:54:19.570,33.040,0.304,-0.948,0.101
1574114059580,2019-11-18T16:54:19.580,33.050,0.303,-0.953,0.099
1574114059590,2019-11-18T16:54:19.590,33.060,0.304,-0.959,0.100
1574114059600,2019-11-18T16:54:19.600,33.070,0.305,-0.962,0.098
1574114059610,2019-11-18T16:54:19.610,33.080,0.309,-0.960,0.096
1574114059620,2019-11-18T16:54:19.620,33.090,0.307,-0.965,0.098
1574114059630,2019-11-18T16:54:19.630,33.100,0.310,-0.963,0.098
1574114059640,2019-11-18T16:54:19.640,33.110,0.308,-0.965,0.094
1574114059650,2019-11-18T16:54:19.650,33.120,0.310,-0.958,0.099
1574114059660,2019-11-18T16:54:19.660,33.130,0.314,-0.958,0.100
1574114059670,2019-11-18T16:54:19.670,33.140,0.306,-0.966,0.099
1574114059680,2019-11-18T16:54:19.680,33.150,0.306,-0.959,0.098
1574114059690,2019-11-18T16:54:19.690,33.160,0.313,-0.956,0.101
1574114059700,2019-11-18T16:54:19.700,33.170,0.309,-0.963,0.101
1574114059710,2019-11-18T16:54:19.710,33.180,0.302,-0.958,0.104
1574114059720,2019-11-18T16:54:19.720,33.190,0.313,-0.955,0.103
1574114059730,2019-11-18T16:54:19.730,33.200,0.323,-0.964,0.104
1574114059740,2019-11-18T16:54:19.740,33.210,0.304,-0.957,0.104
1574114059750,2019-11-18T16:54:19.750,33.220,0.292,-0.943,0.104
1574114059760,2019-11-18T16:54:19.760,33.230,0.296,-0.945,0.103
1574114059770,2019-11-18T16:54:19.770,33.240,0.309,-0.952,0.101
1574114059780,2019-11-18T16:54:19.780,33.250,0.310,-0.958,0.100
1574114059790,2019-11-18T16:54:19.790,33.260,0.299,-0.955,0.102
1574114059800,2019-11-18T16:54:19.800,33.270,0.298,-0.947,0.100
1574114059810,2019-11-18T16:54:19.810,33.280,0.297,-0.951,0.098
1574114059820,2019-11-18T16:54:19.820,33.290,0.299,-0.953,0.097
1574114059830,2019-11-18T16:54:19.830,33.300,0.302,-0.952,0.095
1574114059840,2019-11-18T16:54:19.840,33.310,0.303,-0.957,0.094
1574114059850,2019-11-18T16:54:19.850,33.320,0.303,-0.961,0.091
1574114059860,2019-11-18T16:54:19.860,33.330,0.301,-0.965,0.093
1574114059870,2019-11-18T16:54:19.870,33.340,0.300,-0.964,0.090
1574114059880,2019-11-18T16:54:19.880,33.350,0.298,-0.964,0.087
1574114059890,2019-11-18T16:54:19.890,33.360,0.296,-0.960,0.089
1574114059900,2019-11-18T16:54:19.900,33.370,0.297,-0.959,0.090
1574114059910,2019-11-18T16:54:19.910,33.380,0.293,-0.957,0.089
1574114059920,2019-11-18T16:54:19.920,33.390,0.296,-0.961,0.086
1574114059930,2019-11-18T16:54:19.930,33.400,0.296,-0.956,0.087
1574114059940,2019-11-18T16:54:19.940,33.410,0.294,-0.953,0.086
1574114059950,2019-11-18T16:54:19.950,33.420,0.291,-0.955,0.084
1574114059960,2019-11-18T16:54:19.960,33.430,0.297,-0.959,0.085
1574114059970,2019-11-18T16:54:19.970,33.440,0.303,-0.959,0.086
1574114059980,2019-11-18T16:54:19.980,33.450,0.298,-0.958,0.083
1574114059990,2019-11-18T16:54:19.990,33.460,0.295,-0.962,0.085
1574114060000,2019-11-18T16:54:20.000,33.470,0.296,-0.966,0.090
1574114060010,2019-11-18T16:54:20.010,33.480,0.298,-0.965,0.089
1574114060020,2019-11-18T16:54:20.020,33.490,0.296,-0.963,0.090
1574114060030,2019-11-18T16:54:20.030,33.500,0.297,-0.960,0.089
1574114060040,2019-11-18T16:54:20.040,33.510,0.299,-0.958,0.094
1574114060050,2019-11-18T16:54:20.050,33.520,0.300,-0.957,0.093
1574114060060,2019-11-18T16:54:20.060,33.530,0.296,-0.957,0.094
1574114060070,2019-11-18T16:54:20.070,33.540,0.300,-0.956,0.095
1574114060080,2019-11-18T16:54:20.080,33.550,0.303,-0.960,0.093
1574114060090,2019-11-18T16:54:20.090,33.560,0.296,-0.962,0.094
1574114060100,2019-11-18T16:54:20.100,33.570,0.298,-0.960,0.096
1574114060110,2019-11-18T16:54:20.110,33.580,0.295,-0.957,0.095
1574114060120,2019-11-18T16:54:20.120,33.590,0.296,-0.955,0.095
1574114060130,2019-11-18T16:54:20.130,33.600,0.297,-0.959,0.093
1574114060140,2019-11-18T16:54:20.140,33.610,0.296,-0.961,0.095
1574114060150,2019-11-18T16:54:20.150,33.620,0.296,-0.959,0.097
1574114060160,2019-11-18T16:54:20.160,33.630,0.297,-0.956,0.098
1574114060170,2019-11-18T16:54:20.170,33.640,0.296,-0.951,0.099
1574114060180,2019-11-18T16:54:20.180,33.650,0.294,-0.953,0.098
1574114060190,2019-11-18T16:54:20.190,33.660,0.293,-0.954,0.096
1574114060200,2019-11-18T16:54:20.200,33.670,0.292,-0.952,0.094
1574114060210,2019-11-18T16:54:20.210,33.680,0.292,-0.951,0.095
1574114060220,2019-11-18T16:54:20.220,33.690,0.288,-0.953,0.094
1574114060230,2019-11-18T16:54:20.230,33.700,0.285,-0.957,0.092
1574114060240,2019-11-18T16:54:20.240,33.710,0.287,-0.957,0.093
1574114060250,2019-11-18T16:54:20.250,33.720,0.291,-0.957,0.089
1574114060260,2019-11-18T16:54:20.260,33.730,0.292,-0.958,0.089
1574114060270,2019-11-18T16:54:20.270,33.740,0.292,-0.957,0.085
1574114060280,2019-11-18T16:54:20.280,33.750,0.294,-0.968,0.086
1574114060290,2019-11-18T16:54:20.290,33.760,0.302,-0.974,0.085
1574114060300,2019-11-18T16:54:20.300,33.770,0.300,-0.971,0.083
1574114060310,2019-11-18T16:54:20.310,33.780,0.297,-0.969,0.083
1574114060320,2019-11-18T16:54:20.320,33.790,0.298,-0.969,0.083
1574114060330,2019-11-18T16:54:20.330,33.800,0.303,-0.965,0.083
1574114060340,2019-11-18T16:54:20.340,33.810,0.302,-0.960,0.087
1574114060350,2019-11-18T16:54:20.350,33.820,0.303,-0.960,0.084
1574114060360,2019-11-18T16:54:20.360,33.830,0.306,-0.960,0.084
1574114060370,2019-11-18T16:54:20.370,33.840,0.309,-0.960,0.088
1574114060380,2019-11-18T16:54:20.380,33.850,0.313,-0.960,0.088
1574114060390,2019-11-18T16:54:20.390,33.860,0.313,-0.964,0.089
1574114060400,2019-11-18T16:54:20.400,33.870,0.308,-0.961,0.090
1574114060410,2019-11-18T16:54:20.410,33.880,0.308,-0.955,0.091
1574114060420,2019-11-18T16:54:20.420,33.890,0.313,-0.957,0.092
1574114060430,2019-11-18T16:54:20.430,33.900,0.313,-0.958,0.092
1574114060440,2019-11-18T16:54:20.440,33.910,0.311,-0.956,0.090
1574114060450,2019-11-18T16:54:20.450,33.920,0.312,-0.954,0.095
1574114060460,2019-11-18T16:54:20.460,33.930,0.313,-0.955,0.094
1574114060470,2019-11-18T16:54:20.470,33.940,0.312,-0.956,0.097
1574114060480,2019-11-18T16:54:20.480,33.950,0.307,-0.952,0.097
1574114060490,2019-11-18T16:54:20.490,33.960,0.311,-0.949,0.100
1574114060500,2019-11-18T16:54:20.500,33.970,0.316,-0.951,0.100
1574114060510,2019-11-18T16:54:20.510,33.980,0.319,-0.946,0.100
1574114060520,2019-11-18T16:54:20.520,33.990,0.317,-0.941,0.101
1574114060530,2019-11-18T16:54:20.530,34.000,0.313,-0.944,0.101
1574114060540,2019-11-18T16:54:20.540,34.010,0.316,-0.946,0.101
1574114060550,2019-11-18T16:54:20.550,34.020,0.314,-0.948,0.101
1574114060560,2019-11-18T16:54:20.560,34.030,0.310,-0.945,0.096
1574114060570,2019-11-18T16:54:20.570,34.040,0.310,-0.942,0.095
1574114060580,2019-11-18T16:54:20.580,34.050,0.313,-0.947,0.091
1574114060590,2019-11-18T16:54:20.590,34.060,0.312,-0.952,0.089
1574114060600,2019-11-18T16:54:20.600,34.070,0.306,-0.958,0.089
1574114060610,2019-11-18T16:54:20.610,34.080,0.307,-0.958,0.085
1574114060620,2019-11-18T16:54:20.620,34.090,0.306,-0.958,0.083
1574114060630,2019-11-18T16:54:20.630,34.100,0.303,-0.956,0.081
1574114060640,2019-11-18T16:54:20.640,34.110,0.307,-0.957,0.079
1574114060650,2019-11-18T16:54:20.650,34.120,0.305,-0.959,0.080
1574114060660,2019-11-18T16:54:20.660,34.130,0.309,-0.964,0.078
1574114060670,2019-11-18T16:54:20.670,34.140,0.311,-0.963,0.074
1574114060680,2019-11-18T16:54:20.680,34.150,0.304,-0.960,0.075
1574114060690,2019-11-18T16:54:20.690,34.160,0.307,-0.958,0.073
1574114060700,2019-11-18T16:54:20.700,34.170,0.311,-0.958,0.072
1574114060710,2019-11-18T16:54:20.710,34.180,0.311,-0.960,0.070
1574114060720,2019-11-18T16:54:20.720,34.190,0.308,-0.958,0.076
1574114060730,2019-11-18T16:54:20.730,34.200,0.309,-0.960,0.074
1574114060740,2019-11-18T16:54:20.740,34.210,0.311,-0.961,0.075
1574114060750,2019-11-18T16:54:20.750,34.220,0.313,-0.966,0.074
1574114060760,2019-11-18T16:54:20.760,34.230,0.313,-0.967,0.074
1574114060770,2019-11-18T16:54:20.770,34.240,0.309,-0.966,0.076
1574114060780,2019-11-18T16:54:20.780,34.250,0.311,-0.962,0.075
1574114060790,2019-11-18T16:54:20.790,34.260,0.311,-0.958,0.079
1574114060800,2019-11-18T16:54:20.800,34.270,0.312,-0.959,0.079
1574114060810,2019-11-18T16:54:20.810,34.280,0.309,-0.957,0.077
1574114060820,2019-11-18T16:54:20.820,34.290,0.313,-0.963,0.079
1574114060830,2019-11-18T16:54:20.830,34.300,0.316,-0.963,0.082
1574114060840,2019-11-18T16:54:20.840,34.310,0.311,-0.961,0.079
1574114060850,2019-11-18T16:54:20.850,34.320,0.312,-0.956,0.081
1574114060860,2019-11-18T16:54:20.860,34.330,0.311,-0.956,0.080
1574114060870,2019-11-18T16:54:20.870,34.340,0.308,-0.958,0.078
1574114060880,2019-11-18T16:54:20.880,34.350,0.309,-0.960,0.078
1574114060890,2019-11-18T16:54:20.890,34.360,0.307,-0.955,0.078
1574114060900,2019-11-18T16:54:20.900,34.370,0.304,-0.957,0.078
1574114060910,2019-11-18T16:54:20.910,34.380,0.307,-0.958,0.077
1574114060920,2019-11-18T16:54:20.920,34.390,0.305,-0.954,0.077
1574114060930,2019-11-18T16:54:20.930,34.400,0.306,-0.956,0.077
1574114060940,2019-11-18T16:54:20.940,34.410,0.308,-0.958,0.077
1574114060950,2019-11-18T16:54:20.950,34.420,0.307,-0.952,0.078
1574114060960,2019-11-18T16:54:20.960,34.430,0.306,-0.952,0.076
1574114060970,2019-11-18T16:54:20.970,34.440,0.307,-0.953,0.075
1574114060980,2019-11-18T16:54:20.980,34.450,0.309,-0.952,0.076
1574114060990,2019-11-18T16:54:20.990,34.460,0.308,-0.954,0.075
1574114061000,2019-11-18T16:54:21.000,34.470,0.309,-0.959,0.076
1574114061010,2019-11-18T16:54:21.010,34.480,0.311,-0.959,0.079
1574114061020,2019-11-18T16:54:21.020,34.490,0.313,-0.954,0.080
1574114061030,2019-11-18T16:54:21.030,34.500,0.314,-0.954,0.077
1574114061040,2019-11-18T16:54:21.040,34.510,0.315,-0.955,0.079
1574114061050,2019-11-18T16:54:21.050,34.520,0.316,-0.955,0.080
1574114061060,2019-11-18T16:54:21.060,34.530,0.318,-0.955,0.079
1574114061070,2019-11-18T16:54:21.070,34.540,0.321,-0.955,0.083
1574114061080,2019-11-18T16:54:21.080,34.550,0.324,-0.952,0.083
1574114061090,2019-11-18T16:54:21.090,34.560,0.325,-0.948,0.082
1574114061100,2019-11-18T16:54:21.100,34.570,0.328,-0.951,0.082
1574114061110,2019-11-18T16:54:21.110,34.580,0.330,-0.955,0.085
1574114061120,2019-11-18T16:54:21.120,34.590,0.330,-0.957,0.084
1574114061130,2019-11-18T16:54:21.130,34.600,0.328,-0.953,0.086
1574114061140,2019-11-18T16:54:21.140,34.610,0.332,-0.955,0.085
1574114061150,2019-11-18T16:54:21.150,34.620,0.331,-0.957,0.083
1574114061160,2019-11-18T16:54:21.160,34.630,0.330,-0.953,0.084
1574114061170,2019-11-18T16:54:21.170,34.640,0.331,-0.954,0.085
1574114061180,2019-11-18T16:54:21.180,34.650,0.332,-0.955,0.084
1574114061190,2019-11-18T16:54:21.190,34.660,0.329,-0.960,0.086
1574114061200,2019-11-18T16:54:21.200,34.670,0.325,-0.959,0.087
1574114061210,2019-11-18T16:54:21.210,34.680,0.327,-0.960,0.089
1574114061220,2019-11-18T16:54:21.220,34.690,0.329,-0.956,0.089
1574114061230,2019-11-18T16:54:21.230,34.700,0.323,-0.948,0.088
1574114061240,2019-11-18T16:54:21.240,34.710,0.325,-0.946,0.093
1574114061250,2019-11-18T16:54:21.250,34.720,0.326,-0.946,0.093
1574114061260,2019-11-18T16:54:21.260,34.730,0.326,-0.947,0.091
1574114061270,2019-11-18T16:54:21.270,34.740,0.324,-0.947,0.093
1574114061280,2019-11-18T16:54:21.280,34.750,0.327,-0.943,0.094
1574114061290,2019-11-18T16:54:21.290,34.760,0.328,-0.942,0.091
1574114061300,2019-11-18T16:54:21.300,34.770,0.326,-0.943,0.093
1574114061310,2019-11-18T16:54:21.310,34.780,0.327,-0.944,0.093
1574114061320,2019-11-18T16:54:21.320,34.790,0.328,-0.945,0.090
1574114061330,2019-11-18T16:54:21.330,34.800,0.330,-0.945,0.093
1574114061340,2019-11-18T16:54:21.340,34.810,0.331,-0.951,0.094
1574114061350,2019-11-18T16:54:21.350,34.820,0.331,-0.952,0.090
1574114061360,2019-11-18T16:54:21.360,34.830,0.332,-0.947,0.092
1574114061370,2019-11-18T16:54:21.370,34.840,0.329,-0.949,0.093
1574114061380,2019-11-18T16:54:21.380,34.850,0.327,-0.948,0.091
1574114061390,2019-11-18T16:54:21.390,34.860,0.329,-0.943,0.091
1574114061400,2019-11-18T16:54:21.400,34.870,0.331,-0.946,0.089
1574114061410,2019-11-18T16:54:21.410,34.880,0.327,-0.945,0.087
1574114061420,2019-11-18T16:54:21.420,34.890,0.326,-0.948,0.086
1574114061430,2019-11-18T16:54:21.430,34.900,0.329,-0.950,0.084
1574114061440,2019-11-18T16:54:21.440,34.910,0.331,-0.953,0.083
1574114061450,2019-11-18T16:54:21.450,34.920,0.329,-0.953,0.084
1574114061460,2019-11-18T16:54:21.460,34.930,0.326,-0.952,0.081
1574114061470,2019-11-18T16:54:21.470,34.940,0.325,-0.951,0.083
1574114061480,2019-11-18T16:54:21.480,34.950,0.327,-0.949,0.078
1574114061490,2019-11-18T16:54:21.490,34.960,0.329,-0.950,0.082
1574114061500,2019-11-18T16:54:21.500,34.970,0.330,-0.955,0.080
1574114061510,2019-11-18T16:54:21.510,34.980,0.330,-0.954,0.080
1574114061520,2019-11-18T16:54:21.520,34.990,0.328,-0.952,0.078
1574114061530,2019-11-18T16:54:21.530,35.000,0.329,-0.956,0.077
1574114061540,2019-11-18T16:54:21.540,35.010,0.327,-0.954,0.081
1574114061550,2019-11-18T16:54:21.550,35.020,0.329,-0.956,0.079
1574114061560,2019-11-18T16:54:21.560,35.030,0.330,-0.956,0.081
1574114061570,2019-11-18T16:54:21.570,35.040,0.331,-0.953,0.080
1574114061580,2019-11-18T16:54:21.580,35.050,0.331,-0.950,0.082
1574114061590,2019-11-18T16:54:21.590,35.060,0.332,-0.950,0.083
1574114061600,2019-11-18T16:54:21.600,35.070,0.330,-0.951,0.081
1574114061610,2019-11-18T16:54:21.610,35.080,0.331,-0.953,0.081
1574114061620,2019-11-18T16:54:21.620,35.090,0.330,-0.951,0.081
1574114061630,2019-11-18T16:54:21.630,35.100,0.328,-0.953,0.080
1574114061640,2019-11-18T16:54:21.640,35.110,0.328,-0.953,0.078
1574114061650,2019-11-18T16:54:21.650,35.120,0.328,-0.954,0.079
1574114061660,2019-11-18T16:54:21.660,35.130,0.328,-0.954,0.078
1574114061670,2019-11-18T16:54:21.670,35.140,0.329,-0.955,0.081
1574114061680,2019-11-18T16:54:21.680,35.150,0.329,-0.953,0.081
1574114061690,2019-11-18T16:54:21.690,35.160,0.326,-0.947,0.082
1574114061700,2019-11-18T16:54:21.700,35.170,0.325,-0.946,0.081
1574114061710,2019-11-18T16:54:21.710,35.180,0.327,-0.947,0.080
1574114061720,2019-11-18T16:54:21.720,35.190,0.325,-0.949,0.081
1574114061730,2019-11-18T16:54:21.730,35.200,0.327,-0.951,0.080
1574114061740,2019-11-18T16:54:21.740,35.210,0.326,-0.953,0.079
1574114061750,2019-11-18T16:54:21.750,35.220,0.325,-0.957,0.080
1574114061760,2019-11-18T16:54:21.760,35.230,0.328,-0.955,0.079
1574114061770,2019-11-18T16:54:21.770,35.240,0.321,-0.945,0.081
1574114061780,2019-11-18T16:54:21.780,35.250,0.323,-0.949,0.083
1574114061790,2019-11-18T16:54:21.790,35.260,0.326,-0.955,0.083
1574114061800,2019-11-18T16:54:21.800,35.270,0.329,-0.962,0.084
1574114061810,2019-11-18T16:54:21.810,35.280,0.328,-0.960,0.083
1574114061820,2019-11-18T16:54:21.820,35.290,0.326,-0.955,0.084
1574114061830,2019-11-18T16:54:21.830,35.300,0.326,-0.948,0.081
1574114061840,2019-11-18T16:54:21.840,35.310,0.325,-0.945,0.081
1574114061850,2019-11-18T16:54:21.850,35.320,0.327,-0.946,0.086
1574114061860,2019-11-18T16:54:21.860,35.330,0.331,-0.948,0.087
1574114061870,2019-11-18T16:54:21.870,35.340,0.330,-0.952,0.087
1574114061880,2019-11-18T16:54:21.880,35.350,0.333,-0.951,0.087
1574114061890,2019-11-18T16:54:21.890,35.360,0.332,-0.947,0.088
1574114061900,2019-11-18T16:54:21.900,35.370,0.333,-0.948,0.090
1574114061910,2019-11-18T16:54:21.910,35.380,0.333,-0.951,0.090
1574114061920,2019-11-18T16:54:21.920,35.390,0.333,-0.952,0.090
1574114061930,2019-11-18T16:54:21.930,35.400,0.334,-0.945,0.093
1574114061940,2019-11-18T16:54:21.940,35.410,0.333,-0.947,0.092
1574114061950,2019-11-18T16:54:21.950,35.420,0.335,-0.948,0.092
1574114061960,2019-11-18T16:54:21.960,35.430,0.333,-0.947,0.091
1574114061970,2019-11-18T16:54:21.970,35.440,0.331,-0.948,0.094
1574114061980,2019-11-18T16:54:21.980,35.450,0.333,-0.950,0.090
1574114061990,2019-11-18T16:54:21.990,35.460,0.333,-0.950,0.089
1574114062000,2019-11-18T16:54:22.000,35.470,0.332,-0.946,0.092
1574114062010,2019-11-18T16:54:22.010,35.480,0.331,-0.948,0.090
1574114062020,2019-11-18T16:54:22.020,35.490,0.330,-0.952,0.090
1574114062030,2019-11-18T16:54:22.030,35.500,0.331,-0.951,0.092
1574114062040,2019-11-18T16:54:22.040,35.510,0.332,-0.953,0.089
1574114062050,2019-11-18T16:54:22.050,35.520,0.330,-0.953,0.090
1574114062060,2019-11-18T16:54:22.060,35.530,0.329,-0.949,0.091
1574114062070,2019-11-18T16:54:22.070,35.540,0.329,-0.953,0.090
1574114062080,2019-11-18T16:54:22.080,35.550,0.330,-0.956,0.090
1574114062090,2019-11-18T16:54:22.090,35.560,0.330,-0.949,0.089
1574114062100,2019-11-18T16:54:22.100,35.570,0.326,-0.947,0.091
1574114062110,2019-11-18T16:54:22.110,35.580,0.324,-0.948,0.094
1574114062120,2019-11-18T16:54:22.120,35.590,0.329,-0.948,0.095
1574114062130,2019-11-18T16:54:22.130,35.600,0.327,-0.946,0.092
1574114062140,2019-11-18T16:54:22.140,35.610,0.329,-0.945,0.091
1574114062150,2019-11-18T16:54:22.150,35.620,0.327,-0.953,0.094
1574114062160,2019-11-18T16:54:22.160,35.630,0.331,-0.952,0.094
1574114062170,2019-11-18T16:54:22.170,35.640,0.328,-0.935,0.089
1574114062180,2019-11-18T16:54:22.180,35.650,0.322,-0.931,0.092
1574114062190,2019-11-18T16:54:22.190,35.660,0.322,-0.945,0.091
1574114062200,2019-11-18T16:54:22.200,35.670,0.323,-0.952,0.086
1574114062210,2019-11-18T16:54:22.210,35.680,0.323,-0.953,0.087
1574114062220,2019-11-18T16:54:22.220,35.690,0.321,-0.955,0.087
1574114062230,2019-11-18T16:54:22.230,35.700,0.324,-0.955,0.088
1574114062240,2019-11-18T16:54:22.240,35.710,0.321,-0.951,0.086
1574114062250,2019-11-18T16:54:22.250,35.720,0.321,-0.950,0.087
1574114062260,2019-11-18T16:54:22.260,35.730,0.321,-0.949,0.086
1574114062270,2019-11-18T16:54:22.270,35.740,0.323,-0.950,0.090
1574114062280,2019-11-18T16:54:22.280,35.750,0.328,-0.951,0.089
1574114062290,2019-11-18T16:54:22.290,35.760,0.329,-0.954,0.091
1574114062300,2019-11-18T16:54:22.300,35.770,0.328,-0.956,0.091
1574114062310,2019-11-18T16:54:22.310,35.780,0.331,-0.957,0.093
1574114062320,2019-11-18T16:54:22.320,35.790,0.334,-0.957,0.093
1574114062330,2019-11-18T16:54:22.330,35.800,0.334,-0.958,0.091
1574114062340,2019-11-18T16:54:22.340,35.810,0.333,-0.954,0.092
1574114062350,2019-11-18T16:54:22.350,35.820,0.331,-0.951,0.094
1574114062360,2019-11-18T16:54:22.360,35.830,0.330,-0.955,0.093
1574114062370,2019-11-18T16:54:22.370,35.840,0.328,-0.955,0.095
1574114062380,2019-11-18T16:54:22.380,35.850,0.325,-0.956,0.096
1574114062390,2019-11-18T16:54:22.390,35.860,0.327,-0.957,0.093
1574114062400,2019-11-18T16:54:22.400,35.870,0.326,-0.955,0.095
1574114062410,2019-11-18T16:54:22.410,35.880,0.321,-0.950,0.095
1574114062420,2019-11-18T16:54:22.420,35.890,0.319,-0.941,0.097
1574114062430,2019-11-18T16:54:22.430,35.900,0.318,-0.941,0.096
1574114062440,2019-11-18T16:54:22.440,35.910,0.321,-0.945,0.091
1574114062450,2019-11-18T16:54:22.450,35.920,0.318,-0.943,0.091
1574114062460,2019-11-18T16:54:22.460,35.930,0.318,-0.944,0.091
1574114062470,2019-11-18T16:54:22.470,35.940,0.317,-0.946,0.094
1574114062480,2019-11-18T16:54:22.480,35.950,0.316,-0.946,0.093
1574114062490,2019-11-18T16:54:22.490,35.960,0.320,-0.948,0.093
1574114062500,2019-11-18T16:54:22.500,35.970,0.317,-0.952,0.092
1574114062510,2019-11-18T16:54:22.510,35.980,0.320,-0.949,0.093
1574114062520,2019-11-18T16:54:22.520,35.990,0.322,-0.951,0.092
1574114062530,2019-11-18T16:54:22.530,36.000,0.322,-0.950,0.092
1574114062540,2019-11-18T16:54:22.540,36.010,0.320,-0.947,0.092
1574114062550,2019-11-18T16:54:22.550,36.020,0.324,-0.951,0.091
1574114062560,2019-11-18T16:54:22.560,36.030,0.323,-0.956,0.090
1574114062570,2019-11-18T16:54:22.570,36.040,0.325,-0.952,0.088
1574114062580,2019-11-18T16:54:22.580,36.050,0.320,-0.948,0.089
1574114062590,2019-11-18T16:54:22.590,36.060,0.318,-0.952,0.089
1574114062600,2019-11-18T16:54:22.600,36.070,0.325,-0.959,0.091
1574114062610,2019-11-18T16:54:22.610,36.080,0.326,-0.952,0.088
1574114062620,2019-11-18T16:54:22.620,36.090,0.320,-0.948,0.087
1574114062630,2019-11-18T16:54:22.630,36.100,0.323,-0.952,0.089
1574114062640,2019-11-18T16:54:22.640,36.110,0.328,-0.953,0.090
1574114062650,2019-11-18T16:54:22.650,36.120,0.328,-0.951,0.089
1574114062660,2019-11-18T16:54:22.660,36.130,0.329,-0.951,0.088
1574114062670,2019-11-18T16:54:22.670,36.140,0.329,-0.954,0.088
1574114062680,2019-11-18T16:54:22.680,36.150,0.329,-0.956,0.083
1574114062690,2019-11-18T16:54:22.690,36.160,0.324,-0.958,0.084
1574114062700,2019-11-18T16:54:22.700,36.170,0.321,-0.973,0.088
1574114062710,2019-11-18T16:54:22.710,36.180,0.333,-0.978,0.090
1574114062720,2019-11-18T16:54:22.720,36.190,0.329,-0.958,0.084
1574114062730,2019-11-18T16:54:22.730,36.200,0.322,-0.939,0.086
1574114062740,2019-11-18T16:54:22.740,36.210,0.322,-0.934,0.090
1574114062750,2019-11-18T16:54:22.750,36.220,0.320,-0.927,0.091
1574114062760,2019-11-18T16:54:22.760,36.230,0.316,-0.934,0.090
1574114062770,2019-11-18T16:54:22.770,36.240,0.324,-0.949,0.088
1574114062780,2019-11-18T16:54:22.780,36.250,0.328,-0.960,0.088
1574114062790,2019-11-18T16:54:22.790,36.260,0.329,-0.967,0.088
1574114062800,2019-11-18T16:54:22.800,36.270,0.328,-0.970,0.086
1574114062810,2019-11-18T16:54:22.810,36.280,0.326,-0.969,0.084
1574114062820,2019-11-18T16:54:22.820,36.290,0.326,-0.959,0.086
1574114062830,2019-11-18T16:54:22.830,36.300,0.331,-0.950,0.086
1574114062840,2019-11-18T16:54:22.840,36.310,0.328,-0.944,0.086
1574114062850,2019-11-18T16:54:22.850,36.320,0.326,-0.939,0.088
1574114062860,2019-11-18T16:54:22.860,36.330,0.328,-0.946,0.085
1574114062870,2019-11-18T16:54:22.870,36.340,0.334,-0.958,0.087
1574114062880,2019-11-18T16:54:22.880,36.350,0.338,-0.960,0.087
1574114062890,2019-11-18T16:54:22.890,36.360,0.333,-0.958,0.087
1574114062900,2019-11-18T16:54:22.900,36.370,0.332,-0.954,0.084
1574114062910,2019-11-18T16:54:22.910,36.380,0.329,-0.958,0.084
1574114062920,2019-11-18T16:54:22.920,36.390,0.333,-0.960,0.086
1574114062930,2019-11-18T16:54:22.930,36.400,0.329,-0.955,0.085
1574114062940,2019-11-18T16:54:22.940,36.410,0.327,-0.946,0.086
1574114062950,2019-11-18T16:54:22.950,36.420,0.324,-0.938,0.090
1574114062960,2019-11-18T16:54:22.960,36.430,0.323,-0.939,0.084
1574114062970,2019-11-18T16:54:22.970,36.440,0.319,-0.952,0.089
1574114062980,2019-11-18T16:54:22.980,36.450,0.321,-0.961,0.089
1574114062990,2019-11-18T16:54:22.990,36.460,0.327,-0.957,0.091
1574114063000,2019-11-18T16:54:23.000,36.470,0.323,-0.948,0.088
1574114063010,2019-11-18T16:54:23.010,36.480,0.317,-0.947,0.083
1574114063020,2019-11-18T16:54:23.020,36.490,0.311,-0.947,0.082
1574114063030,2019-11-18T16:54:23.030,36.500,0.315,-0.950,0.080
1574114063040,2019-11-18T16:54:23.040,36.510,0.323,-0.953,0.078
1574114063050,2019-11-18T16:54:23.050,36.520,0.322,-0.955,0.074
1574114063060,2019-11-18T16:54:23.060,36.530,0.320,-0.946,0.070
1574114063070,2019-11-18T16:54:23.070,36.540,0.313,-0.942,0.066
1574114063080,2019-11-18T16:54:23.080,36.550,0.307,-0.958,0.064
1574114063090,2019-11-18T16:54:23.090,36.560,0.315,-0.970,0.069
1574114063100,2019-11-18T16:54:23.100,36.570,0.309,-0.977,0.071
1574114063110,2019-11-18T16:54:23.110,36.580,0.310,-0.983,0.079
1574114063120,2019-11-18T16:54:23.120,36.590,0.315,-0.979,0.083
1574114063130,2019-11-18T16:54:23.130,36.600,0.321,-0.966,0.093
1574114063140,2019-11-18T16:54:23.140,36.610,0.329,-0.955,0.092
1574114063150,2019-11-18T16:54:23.150,36.620,0.331,-0.928,0.095
1574114063160,2019-11-18T16:54:23.160,36.630,0.314,-0.919,0.094
1574114063170,2019-11-18T16:54:23.170,36.640,0.315,-0.939,0.095
1574114063180,2019-11-18T16:54:23.180,36.650,0.325,-0.953,0.093
1574114063190,2019-11-18T16:54:23.190,36.660,0.321,-0.938,0.094
1574114063200,2019-11-18T16:54:23.200,36.670,0.322,-0.930,0.102
1574114063210,2019-11-18T16:54:23.210,36.680,0.342,-0.940,0.117
1574114063220,2019-11-18T16:54:23.220,36.690,0.378,-0.937,0.147
1574114063230,2019-11-18T16:54:23.230,36.700,0.409,-0.923,0.175
1574114063240,2019-11-18T16:54:23.240,36.710,0.425,-0.923,0.187
1574114063250,2019-11-18T16:54:23.250,36.720,0.445,-0.932,0.211
1574114063260,2019-11-18T16:54:23.260,36.730,0.472,-0.920,0.237
1574114063270,2019-11-18T16:54:23.270,36.740,0.505,-0.893,0.258
1574114063280,2019-11-18T16:54:23.280,36.750,0.556,-0.875,0.290
1574114063290,2019-11-18T16:54:23.290,36.760,0.612,-0.894,0.330
1574114063300,2019-11-18T16:54:23.300,36.770,0.651,-0.935,0.347
1574114063310,2019-11-18T16:54:23.310,36.780,0.671,-0.920,0.334
1574114063320,2019-11-18T16:54:23.320,36.790,0.654,-0.874,0.314
1574114063330,2019-11-18T16:54:23.330,36.800,0.642,-0.882,0.294
1574114063340,2019-11-18T16:54:23.340,36.810,0.657,-0.898,0.263
1574114063350,2019-11-18T16:54:23.350,36.820,0.646,-0.886,0.216
1574114063360,2019-11-18T16:54:23.360,36.830,0.605,-0.896,0.183
1574114063370,2019-11-18T16:54:23.370,36.840,0.603,-0.904,0.173
1574114063380,2019-11-18T16:54:23.380,36.850,0.649,-0.866,0.155
1574114063390,2019-11-18T16:54:23.390,36.860,0.646,-0.839,0.119
1574114063400,2019-11-18T16:54:23.400,36.870,0.582,-0.873,0.070
1574114063410,2019-11-18T16:54:23.410,36.880,0.520,-0.923,0.028
1574114063420,2019-11-18T16:54:23.420,36.890,0.477,-0.956,-0.007
1574114063430,2019-11-18T16:54:23.430,36.900,0.448,-0.952,-0.027
1574114063440,2019-11-18T16:54:23.440,36.910,0.406,-0.928,-0.052
1574114063450,2019-11-18T16:54:23.450,36.920,0.355,-0.918,-0.081
1574114063460,2019-11-18T16:54:23.460,36.930,0.319,-0.880,-0.103
1574114063470,2019-11-18T16:54:23.470,36.940,0.281,-0.866,-0.126
1574114063480,2019-11-18T16:54:23.480,36.950,0.214,-0.914,-0.142
1574114063490,2019-11-18T16:54:23.490,36.960,0.167,-0.904,-0.143
1574114063500,2019-11-18T16:54:23.500,36.970,0.144,-0.872,-0.125
1574114063510,2019-11-18T16:54:23.510,36.980,0.140,-0.880,-0.111
1574114063520,2019-11-18T16:54:23.520,36.990,0.134,-0.917,-0.108
1574114063530,2019-11-18T16:54:23.530,37.000,0.124,-0.946,-0.110
1574114063540,2019-11-18T16:54:23.540,37.010,0.099,-0.974,-0.119
1574114063550,2019-11-18T16:54:23.550,37.020,0.058,-0.993,-0.119
1574114063560,2019-11-18T16:54:23.560,37.030,0.042,-1.006,-0.113
1574114063570,2019-11-18T16:54:23.570,37.040,0.057,-1.002,-0.102
1574114063580,2019-11-18T16:54:23.580,37.050,0.054,-0.972,-0.093
1574114063590,2019-11-18T16:54:23.590,37.060,0.055,-0.960,-0.081
1574114063600,2019-11-18T16:54:23.600,37.070,0.067,-0.970,-0.080
1574114063610,2019-11-18T16:54:23.610,37.080,0.093,-0.983,-0.074
1574114063620,2019-11-18T16:54:23.620,37.090,0.105,-0.995,-0.058
1574114063630,2019-11-18T16:54:23.630,37.100,0.132,-0.976,-0.045
1574114063640,2019-11-18T16:54:23.640,37.110,0.173,-0.962,-0.035
1574114063650,2019-11-18T16:54:23.650,37.120,0.207,-0.986,-0.028
1574114063660,2019-11-18T16:54:23.660,37.130,0.245,-1.001,-0.025
1574114063670,2019-11-18T16:54:23.670,37.140,0.264,-0.972,-0.017
1574114063680,2019-11-18T16:54:23.680,37.150,0.252,-0.964,-0.012
1574114063690,2019-11-18T16:54:23.690,37.160,0.254,-1.005,-0.012
1574114063700,2019-11-18T16:54:23.700,37.170,0.274,-1.027,-0.004
1574114063710,2019-11-18T16:54:23.710,37.180,0.283,-1.032,0.008
1574114063720,2019-11-18T16:54:23.720,37.190,0.282,-1.042,0.008
1574114063730,2019-11-18T16:54:23.730,37.200,0.282,-1.043,-0.001
1574114063740,2019-11-18T16:54:23.740,37.210,0.261,-1.032,-0.012
1574114063750,2019-11-18T16:54:23.750,37.220,0.239,-1.023,-0.027
1574114063760,2019-11-18T16:54:23.760,37.230,0.218,-1.007,-0.042
1574114063770,2019-11-18T16:54:23.770,37.240,0.192,-0.971,-0.060
1574114063780,2019-11-18T16:54:23.780,37.250,0.167,-0.951,-0.069
1574114063790,2019-11-18T16:54:23.790,37.260,0.147,-0.950,-0.075
1574114063800,2019-11-18T16:54:23.800,37.270,0.141,-0.960,-0.083
1574114063810,2019-11-18T16:54:23.810,37.280,0.137,-0.982,-0.091
1574114063820,2019-11-18T16:54:23.820,37.290,0.134,-0.995,-0.096
1574114063830,2019-11-18T16:54:23.830,37.300,0.136,-1.000,-0.092
1574114063840,2019-11-18T16:54:23.840,37.310,0.155,-1.017,-0.088
1574114063850,2019-11-18T16:54:23.850,37.320,0.164,-0.991,-0.077
1574114063860,2019-11-18T16:54:23.860,37.330,0.173,-0.958,-0.062
1574114063870,2019-11-18T16:54:23.870,37.340,0.193,-0.956,-0.048
1574114063880,2019-11-18T16:54:23.880,37.350,0.214,-0.967,-0.042
1574114063890,2019-11-18T16:54:23.890,37.360,0.229,-0.982,-0.035
1574114063900,2019-11-18T16:54:23.900,37.370,0.248,-1.008,-0.029
1574114063910,2019-11-18T16:54:23.910,37.380,0.261,-1.016,-0.026
1574114063920,2019-11-18T16:54:23.920,37.390,0.265,-1.006,-0.023
1574114063930,2019-11-18T16:54:23.930,37.400,0.263,-1.004,-0.026
1574114063940,2019-11-18T16:54:23.940,37.410,0.260,-1.003,-0.028
1574114063950,2019-11-18T16:54:23.950,37.420,0.260,-0.989,-0.025
1574114063960,2019-11-18T16:54:23.960,37.430,0.262,-0.970,-0.026
1574114063970,2019-11-18T16:54:23.970,37.440,0.257,-0.962,-0.028
1574114063980,2019-11-18T16:54:23.980,37.450,0.254,-0.970,-0.030
1574114063990,2019-11-18T16:54:23.990,37.460,0.245,-0.978,-0.035
1574114064000,2019-11-18T16:54:24.000,37.470,0.229,-0.967,-0.041
1574114064010,2019-11-18T16:54:24.010,37.480,0.224,-0.970,-0.044
1574114064020,2019-11-18T16:54:24.020,37.490,0.220,-0.980,-0.050
1574114064030,2019-11-18T16:54:24.030,37.500,0.208,-0.984,-0.056
1574114064040,2019-11-18T16:54:24.040,37.510,0.198,-0.991,-0.048
1574114064050,2019-11-18T16:54:24.050,37.520,0.198,-1.012,-0.044
1574114064060,2019-11-18T16:54:24.060,37.530,0.211,-1.024,-0.048
1574114064070,2019-11-18T16:54:24.070,37.540,0.211,-1.010,-0.051
1574114064080,2019-11-18T16:54:24.080,37.550,0.198,-0.993,-0.053
1574114064090,2019-11-18T16:54:24.090,37.560,0.196,-0.998,-0.056
1574114064100,2019-11-18T16:54:24.100,37.570,0.197,-1.004,-0.066
1574114064110,2019-11-18T16:54:24.110,37.580,0.183,-0.996,-0.083
1574114064120,2019-11-18T16:54:24.120,37.590,0.155,-0.992,-0.104
1574114064130,2019-11-18T16:54:24.130,37.600,0.142,-1.024,-0.121
1574114064140,2019-11-18T16:54:24.140,37.610,0.145,-1.024,-0.132
1574114064150,2019-11-18T16:54:24.150,37.620,0.125,-0.992,-0.145
1574114064160,2019-11-18T16:54:24.160,37.630,0.101,-0.981,-0.157
1574114064170,2019-11-18T16:54:24.170,37.640,0.101,-0.976,-0.151
1574114064180,2019-11-18T16:54:24.180,37.650,0.111,-0.971,-0.148
1574114064190,2019-11-18T16:54:24.190,37.660,0.116,-0.970,-0.137
1574114064200,2019-11-18T16:54:24.200,37.670,0.139,-0.977,-0.113
1574114064210,2019-11-18T16:54:24.210,37.680,0.175,-1.005,-0.100
1574114064220,2019-11-18T16:54:24.220,37.690,0.203,-0.994,-0.095
1574114064230,2019-11-18T16:54:24.230,37.700,0.204,-0.956,-0.089
1574114064240,2019-11-18T16:54:24.240,37.710,0.209,-0.960,-0.080
1574114064250,2019-11-18T16:54:24.250,37.720,0.217,-0.976,-0.078
1574114064260,2019-11-18T16:54:24.260,37.730,0.224,-0.973,-0.066
1574114064270,2019-11-18T16:54:24.270,37.740,0.256,-0.961,-0.041
1574114064280,2019-11-18T16:54:24.280,37.750,0.311,-0.959,-0.019
1574114064290,2019-11-18T16:54:24.290,37.760,0.363,-0.981,-0.007
1574114064300,2019-11-18T16:54:24.300,37.770,0.370,-1.003,0.017
1574114064310,2019-11-18T16:54:24.310,37.780,0.350,-0.986,0.028
1574114064320,2019-11-18T16:54:24.320,37.790,0.333,-0.943,0.030
1574114064330,2019-11-18T16:54:24.330,37.800,0.321,-0.948,0.034
1574114064340,2019-11-18T16:54:24.340,37.810,0.327,-0.959,0.030
1574114064350,2019-11-18T16:54:24.350,37.820,0.318,-0.944,0.031
1574114064360,2019-11-18T16:54:24.360,37.830,0.317,-0.932,0.044
1574114064370,2019-11-18T16:54:24.370,37.840,0.334,-0.930,0.062
1574114064380,2019-11-18T16:54:24.380,37.850,0.350,-0.948,0.068
1574114064390,2019-11-18T16:54:24.390,37.860,0.363,-0.960,0.079
1574114064400,2019-11-18T16:54:24.400,37.870,0.362,-0.948,0.085
1574114064410,2019-11-18T16:54:24.410,37.880,0.354,-0.929,0.088
1574114064420,2019-11-18T16:54:24.420,37.890,0.348,-0.920,0.083
1574114064430,2019-11-18T16:54:24.430,37.900,0.336,-0.931,0.078
1574114064440,2019-11-18T16:54:24.440,37.910,0.325,-0.944,0.074
1574114064450,2019-11-18T16:54:24.450,37.920,0.315,-0.940,0.076
1574114064460,2019-11-18T16:54:24.460,37.930,0.315,-0.939,0.073
1574114064470,2019-11-18T16:54:24.470,37.940,0.308,-0.932,0.075
1574114064480,2019-11-18T16:54:24.480,37.950,0.299,-0.938,0.078
1574114064490,2019-11-18T16:54:24.490,37.960,0.304,-0.958,0.076
1574114064500,2019-11-18T16:54:24.500,37.970,0.308,-0.955,0.076
1574114064510,2019-11-18T16:54:24.510,37.980,0.306,-0.938,0.076
1574114064520,2019-11-18T16:54:24.520,37.990,0.302,-0.929,0.077
1574114064530,2019-11-18T16:54:24.530,38.000,0.299,-0.936,0.077
1574114064540,2019-11-18T16:54:24.540,38.010,0.306,-0.971,0.073
1574114064550,2019-11-18T16:54:24.550,38.020,0.312,-0.990,0.074
1574114064560,2019-11-18T16:54:24.560,38.030,0.311,-0.987,0.077
1574114064570,2019-11-18T16:54:24.570,38.040,0.319,-0.973,0.079
1574114064580,2019-11-18T16:54:24.580,38.050,0.320,-0.957,0.087
1574114064590,2019-11-18T16:54:24.590,38.060,0.310,-0.959,0.083
1574114064600,2019-11-18T16:54:24.600,38.070,0.310,-0.969,0.075
1574114064610,2019-11-18T16:54:24.610,38.080,0.305,-0.972,0.066
1574114064620,2019-11-18T16:54:24.620,38.090,0.292,-0.973,0.059
1574114064630,2019-11-18T16:54:24.630,38.100,0.278,-0.969,0.048
1574114064640,2019-11-18T16:54:24.640,38.110,0.266,-0.950,0.044
1574114064650,2019-11-18T16:54:24.650,38.120,0.260,-0.952,0.038
1574114064660,2019-11-18T16:54:24.660,38.130,0.270,-0.966,0.034
1574114064670,2019-11-18T16:54:24.670,38.140,0.272,-0.959,0.028
1574114064680,2019-11-18T16:54:24.680,38.150,0.261,-0.950,0.017
1574114064690,2019-11-18T16:54:24.690,38.160,0.258,-0.973,0.006
1574114064700,2019-11-18T16:54:24.700,38.170,0.259,-0.999,-0.001
1574114064710,2019-11-18T16:54:24.710,38.180,0.252,-1.011,-0.001
1574114064720,2019-11-18T16:54:24.720,38.190,0.248,-1.045,-0.006
1574114064730,2019-11-18T16:54:24.730,38.200,0.268,-1.059,-0.009
1574114064740,2019-11-18T16:54:24.740,38.210,0.280,-1.028,-0.004
1574114064750,2019-11-18T16:54:24.750,38.220,0.263,-1.004,-0.009
1574114064760,2019-11-18T16:54:24.760,38.230,0.258,-1.014,0.003
1574114064770,2019-11-18T16:54:24.770,38.240,0.263,-1.043,0.002
1574114064780,2019-11-18T16:54:24.780,38.250,0.251,-1.056,-0.006
1574114064790,2019-11-18T16:54:24.790,38.260,0.242,-1.005,-0.004
1574114064800,2019-11-18T16:54:24.800,38.270,0.230,-0.952,-0.000
1574114064810,2019-11-18T16:54:24.810,38.280,0.233,-0.953,-0.003
1574114064820,2019-11-18T16:54:24.820,38.290,0.256,-0.972,0.005
1574114064830,2019-11-18T16:54:24.830,38.300,0.250,-0.942,0.004
1574114064840,2019-11-18T16:54:24.840,38.310,0.229,-0.917,0.013
1574114064850,2019-11-18T16:54:24.850,38.320,0.236,-0.948,0.016
1574114064860,2019-11-18T16:54:24.860,38.330,0.253,-0.971,0.021
1574114064870,2019-11-18T16:54:24.870,38.340,0.259,-0.956,0.034
1574114064880,2019-11-18T16:54:24.880,38.350,0.253,-0.938,0.045
1574114064890,2019-11-18T16:54:24.890,38.360,0.259,-0.948,0.059
1574114064900,2019-11-18T16:54:24.900,38.370,0.277,-0.965,0.069
1574114064910,2019-11-18T16:54:24.910,38.380,0.295,-0.961,0.086
1574114064920,2019-11-18T16:54:24.920,38.390,0.291,-0.930,0.088
1574114064930,2019-11-18T16:54:24.930,38.400,0.283,-0.927,0.097
1574114064940,2019-11-18T16:54:24.940,38.410,0.292,-0.944,0.101
1574114064950,2019-11-18T16:54:24.950,38.420,0.292,-0.946,0.109
1574114064960,2019-11-18T16:54:24.960,38.430,0.292,-0.950,0.115
1574114064970,2019-11-18T16:54:24.970,38.440,0.300,-0.952,0.121
1574114064980,2019-11-18T16:54:24.980,38.450,0.300,-0.949,0.118
1574114064990,2019-11-18T16:54:24.990,38.460,0.295,-0.948,0.116
1574114065000,2019-11-18T16:54:25.000,38.470,0.299,-0.945,0.115
1574114065010,2019-11-18T16:54:25.010,38.480,0.297,-0.937,0.113
1574114065020,2019-11-18T16:54:25.020,38.490,0.292,-0.946,0.115
1574114065030,2019-11-18T16:54:25.030,38.500,0.293,-0.961,0.114
1574114065040,2019-11-18T16:54:25.040,38.510,0.292,-0.961,0.109
1574114065050,2019-11-18T16:54:25.050,38.520,0.289,-0.957,0.112
1574114065060,2019-11-18T16:54:25.060,38.530,0.288,-0.958,0.113
1574114065070,2019-11-18T16:54:25.070,38.540,0.289,-0.958,0.107
1574114065080,2019-11-18T16:54:25.080,38.550,0.281,-0.958,0.106
1574114065090,2019-11-18T16:54:25.090,38.560,0.280,-0.960,0.104
1574114065100,2019-11-18T16:54:25.100,38.570,0.273,-0.957,0.099
1574114065110,2019-11-18T16:54:25.110,38.580,0.265,-0.957,0.100
1574114065120,2019-11-18T16:54:25.120,38.590,0.272,-0.968,0.103
1574114065130,2019-11-18T16:54:25.130,38.600,0.269,-0.972,0.102
1574114065140,2019-11-18T16:54:25.140,38.610,0.261,-0.969,0.101
1574114065150,2019-11-18T16:54:25.150,38.620,0.264,-0.965,0.100
1574114065160,2019-11-18T16:54:25.160,38.630,0.265,-0.967,0.097
1574114065170,2019-11-18T16:54:25.170,38.640,0.263,-0.970,0.096
1574114065180,2019-11-18T16:54:25.180,38.650,0.259,-0.970,0.096
1574114065190,2019-11-18T16:54:25.190,38.660,0.258,-0.975,0.099
1574114065200,2019-11-18T16:54:25.200,38.670,0.262,-0.977,0.095
1574114065210,2019-11-18T16:54:25.210,38.680,0.259,-0.970,0.091
1574114065220,2019-11-18T16:54:25.220,38.690,0.258,-0.969,0.090
1574114065230,2019-11-18T16:54:25.230,38.700,0.253,-0.976,0.085
1574114065240,2019-11-18T16:54:25.240,38.710,0.254,-0.979,0.084
1574114065250,2019-11-18T16:54:25.250,38.720,0.253,-0.974,0.081
1574114065260,2019-11-18T16:54:25.260,38.730,0.250,-0.979,0.080
1574114065270,2019-11-18T16:54:25.270,38.740,0.247,-0.981,0.081
1574114065280,2019-11-18T16:54:25.280,38.750,0.242,-0.986,0.080
1574114065290,2019-11-18T16:54:25.290,38.760,0.244,-0.992,0.082
1574114065300,2019-11-18T16:54:25.300,38.770,0.242,-0.997,0.084
1574114065310,2019-11-18T16:54:25.310,38.780,0.247,-1.013,0.085
1574114065320,2019-11-18T16:54:25.320,38.790,0.252,-1.016,0.086
1574114065330,2019-11-18T16:54:25.330,38.800,0.250,-1.003,0.093
1574114065340,2019-11-18T16:54:25.340,38.810,0.248,-0.978,0.096
1574114065350,2019-11-18T16:54:25.350,38.820,0.245,-0.980,0.094
1574114065360,2019-11-18T16:54:25.360,38.830,0.250,-0.982,0.096
1574114065370,2019-11-18T16:54:25.370,38.840,0.246,-0.962,0.100
1574114065380,2019-11-18T16:54:25.380,38.850,0.232,-0.924,0.110
1574114065390,2019-11-18T16:54:25.390,38.860,0.224,-0.917,0.118
1574114065400,2019-11-18T16:54:25.400,38.870,0.224,-0.934,0.120
1574114065410,2019-11-18T16:54:25.410,38.880,0.213,-0.941,0.125
1574114065420,2019-11-18T16:54:25.420,38.890,0.204,-0.932,0.127
1574114065430,2019-11-18T16:54:25.430,38.900,0.196,-0.943,0.125
1574114065440,2019-11-18T16:54:25.440,38.910,0.199,-0.962,0.121
1574114065450,2019-11-18T16:54:25.450,38.920,0.201,-0.964,0.120
1574114065460,2019-11-18T16:54:25.460,38.930,0.193,-0.944,0.120
1574114065470,2019-11-18T16:54:25.470,38.940,0.200,-0.925,0.124
1574114065480,2019-11-18T16:54:25.480,38.950,0.227,-0.924,0.126
1574114065490,2019-11-18T16:54:25.490,38.960,0.238,-0.932,0.131
1574114065500,2019-11-18T16:54:25.500,38.970,0.246,-0.945,0.136
1574114065510,2019-11-18T16:54:25.510,38.980,0.257,-0.958,0.132
1574114065520,2019-11-18T16:54:25.520,38.990,0.266,-0.936,0.125
1574114065530,2019-11-18T16:54:25.530,39.000,0.262,-0.924,0.125
1574114065540,2019-11-18T16:54:25.540,39.010,0.270,-0.952,0.121
1574114065550,2019-11-18T16:54:25.550,39.020,0.285,-0.978,0.113
1574114065560,2019-11-18T16:54:25.560,39.030,0.278,-0.976,0.104
1574114065570,2019-11-18T16:54:25.570,39.040,0.268,-0.966,0.100
1574114065580,2019-11-18T16:54:25.580,39.050,0.277,-0.972,0.097
1574114065590,2019-11-18T16:54:25.590,39.060,0.287,-0.979,0.095
1574114065600,2019-11-18T16:54:25.600,39.070,0.291,-0.979,0.095
1574114065610,2019-11-18T16:54:25.610,39.080,0.292,-0.973,0.093
1574114065620,2019-11-18T16:54:25.620,39.090,0.292,-0.973,0.089
1574114065630,2019-11-18T16:54:25.630,39.100,0.292,-0.979,0.087
1574114065640,2019-11-18T16:54:25.640,39.110,0.296,-0.982,0.085
1574114065650,2019-11-18T16:54:25.650,39.120,0.304,-0.985,0.083
1574114065660,2019-11-18T16:54:25.660,39.130,0.304,-0.980,0.079
1574114065670,2019-11-18T16:54:25.670,39.140,0.312,-0.969,0.076
1574114065680,2019-11-18T16:54:25.680,39.150,0.311,-0.952,0.072
1574114065690,2019-11-18T16:54:25.690,39.160,0.302,-0.931,0.068
1574114065700,2019-11-18T16:54:25.700,39.170,0.294,-0.930,0.067
1574114065710,2019-11-18T16:54:25.710,39.180,0.299,-0.962,0.069
1574114065720,2019-11-18T16:54:25.720,39.190,0.322,-0.978,0.068
1574114065730,2019-11-18T16:54:25.730,39.200,0.321,-0.957,0.062
1574114065740,2019-11-18T16:54:25.740,39.210,0.303,-0.929,0.067
1574114065750,2019-11-18T16:54:25.750,39.220,0.299,-0.945,0.065
1574114065760,2019-11-18T16:54:25.760,39.230,0.322,-0.979,0.059
1574114065770,2019-11-18T16:54:25.770,39.240,0.324,-0.994,0.053
1574114065780,2019-11-18T16:54:25.780,39.250,0.306,-0.984,0.050
1574114065790,2019-11-18T16:54:25.790,39.260,0.309,-0.985,0.048
1574114065800,2019-11-18T16:54:25.800,39.270,0.320,-0.979,0.045
1574114065810,2019-11-18T16:54:25.810,39.280,0.313,-0.952,0.041
1574114065820,2019-11-18T16:54:25.820,39.290,0.296,-0.938,0.039
1574114065830,2019-11-18T16:54:25.830,39.300,0.296,-0.945,0.032
1574114065840,2019-11-18T16:54:25.840,39.310,0.297,-0.949,0.024
1574114065850,2019-11-18T16:54:25.850,39.320,0.295,-0.958,0.021
1574114065860,2019-11-18T16:54:25.860,39.330,0.293,-0.965,0.016
1574114065870,2019-11-18T16:54:25.870,39.340,0.289,-0.960,0.011
1574114065880,2019-11-18T16:54:25.880,39.350,0.295,-0.955,0.004
1574114065890,2019-11-18T16:54:25.890,39.360,0.277,-0.963,-0.000
1574114065900,2019-11-18T16:54:25.900,39.370,0.267,-0.981,-0.008
1574114065910,2019-11-18T16:54:25.910,39.380,0.262,-0.990,-0.008
1574114065920,2019-11-18T16:54:25.920,39.390,0.258,-0.992,-0.011
1574114065930,2019-11-18T16:54:25.930,39.400,0.257,-0.990,-0.018
1574114065940,2019-11-18T16:54:25.940,39.410,0.253,-0.987,-0.019
1574114065950,2019-11-18T16:54:25.950,39.420,0.257,-0.978,-0.018
1574114065960,2019-11-18T16:54:25.960,39.430,0.259,-0.967,-0.022
1574114065970,2019-11-18T16:54:25.970,39.440,0.256,-0.971,-0.020
1574114065980,2019-11-18T16:54:25.980,39.450,0.259,-0.967,-0.026
1574114065990,2019-11-18T16:54:25.990,39.460,0.254,-0.927,-0.029
1574114066000,2019-11-18T16:54:26.000,39.470,0.236,-0.917,-0.024
1574114066010,2019-11-18T16:54:26.010,39.480,0.250,-0.974,-0.027
1574114066020,2019-11-18T16:54:26.020,39.490,0.278,-1.010,-0.028
1574114066030,2019-11-18T16:54:26.030,39.500,0.267,-0.977,-0.022
1574114066040,2019-11-18T16:54:26.040,39.510,0.252,-0.956,-0.019
1574114066050,2019-11-18T16:54:26.050,39.520,0.273,-0.979,-0.019
1574114066060,2019-11-18T16:54:26.060,39.530,0.287,-0.994,-0.017
1574114066070,2019-11-18T16:54:26.070,39.540,0.281,-0.984,-0.014
1574114066080,2019-11-18T16:54:26.080,39.550,0.278,-0.987,-0.009
1574114066090,2019-11-18T16:54:26.090,39.560,0.292,-1.008,-0.005
1574114066100,2019-11-18T16:54:26.100,39.570,0.303,-0.989,-0.010
1574114066110,2019-11-18T16:54:26.110,39.580,0.283,-0.939,-0.008
1574114066120,2019-11-18T16:54:26.120,39.590,0.275,-0.949,-0.006
1574114066130,2019-11-18T16:54:26.130,39.600,0.299,-0.983,-0.011
1574114066140,2019-11-18T16:54:26.140,39.610,0.294,-0.974,-0.010
1574114066150,2019-11-18T16:54:26.150,39.620,0.278,-0.964,-0.003
1574114066160,2019-11-18T16:54:26.160,39.630,0.294,-0.979,-0.001
1574114066170,2019-11-18T16:54:26.170,39.640,0.306,-0.987,-0.003
1574114066180,2019-11-18T16:54:26.180,39.650,0.295,-0.962,0.006
1574114066190,2019-11-18T16:54:26.190,39.660,0.291,-0.943,0.009
1574114066200,2019-11-18T16:54:26.200,39.670,0.294,-0.954,0.005
1574114066210,2019-11-18T16:54:26.210,39.680,0.304,-0.973,0.008
1574114066220,2019-11-18T16:54:26.220,39.690,0.322,-0.971,0.007
1574114066230,2019-11-18T16:54:26.230,39.700,0.327,-0.972,0.001
1574114066240,2019-11-18T16:54:26.240,39.710,0.304,-0.969,0.002
1574114066250,2019-11-18T16:54:26.250,39.720,0.288,-0.943,0.005
1574114066260,2019-11-18T16:54:26.260,39.730,0.286,-0.933,-0.001
1574114066270,2019-11-18T16:54:26.270,39.740,0.272,-0.938,-0.010
1574114066280,2019-11-18T16:54:26.280,39.750,0.243,-0.963,-0.011
1574114066290,2019-11-18T16:54:26.290,39.760,0.233,-0.964,-0.017
1574114066300,2019-11-18T16:54:26.300,39.770,0.229,-0.979,-0.015
1574114066310,2019-11-18T16:54:26.310,39.780,0.256,-0.998,-0.022
1574114066320,2019-11-18T16:54:26.320,39.790,0.266,-0.968,-0.034
1574114066330,2019-11-18T16:54:26.330,39.800,0.229,-0.938,-0.033
1574114066340,2019-11-18T16:54:26.340,39.810,0.228,-0.946,-0.033
1574114066350,2019-11-18T16:54:26.350,39.820,0.252,-0.981,-0.036
1574114066360,2019-11-18T16:54:26.360,39.830,0.259,-0.992,-0.032
1574114066370,2019-11-18T16:54:26.370,39.840,0.249,-0.969,-0.030
1574114066380,2019-11-18T16:54:26.380,39.850,0.243,-0.962,-0.034
1574114066390,2019-11-18T16:54:26.390,39.860,0.238,-0.968,-0.036
1574114066400,2019-11-18T16:54:26.400,39.870,0.238,-0.951,-0.031
1574114066410,2019-11-18T16:54:26.410,39.880,0.242,-0.934,-0.028
1574114066420,2019-11-18T16:54:26.420,39.890,0.245,-0.934,-0.023
1574114066430,2019-11-18T16:54:26.430,39.900,0.248,-0.939,-0.022
1574114066440,2019-11-18T16:54:26.440,39.910,0.254,-0.945,-0.021
1574114066450,2019-11-18T16:54:26.450,39.920,0.254,-0.952,-0.021
1574114066460,2019-11-18T16:54:26.460,39.930,0.251,-0.960,-0.021
1574114066470,2019-11-18T16:54:26.470,39.940,0.247,-0.949,-0.027
1574114066480,2019-11-18T16:54:26.480,39.950,0.249,-0.921,-0.029
1574114066490,2019-11-18T16:54:26.490,39.960,0.250,-0.907,-0.027
1574114066500,2019-11-18T16:54:26.500,39.970,0.262,-0.926,-0.024
1574114066510,2019-11-18T16:54:26.510,39.980,0.278,-0.956,-0.027
1574114066520,2019-11-18T16:54:26.520,39.990,0.280,-0.955,-0.023
1574114066530,2019-11-18T16:54:26.530,40.000,0.280,-0.954,-0.016
1574114066540,2019-11-18T16:54:26.540,40.010,0.284,-0.974,-0.009
1574114066550,2019-11-18T16:54:26.550,40.020,0.298,-1.000,-0.008
1574114066560,2019-11-18T16:54:26.560,40.030,0.310,-1.009,-0.013
1574114066570,2019-11-18T16:54:26.570,40.040,0.298,-0.991,-0.011
1574114066580,2019-11-18T16:54:26.580,40.050,0.283,-0.977,-0.013
1574114066590,2019-11-18T16:54:26.590,40.060,0.290,-0.983,-0.013
1574114066600,2019-11-18T16:54:26.600,40.070,0.302,-0.986,-0.019
1574114066610,2019-11-18T16:54:26.610,40.080,0.309,-0.991,-0.021
1574114066620,2019-11-18T16:54:26.620,40.090,0.309,-0.992,-0.028
1574114066630,2019-11-18T16:54:26.630,40.100,0.299,-0.967,-0.036
1574114066640,2019-11-18T16:54:26.640,40.110,0.281,-0.941,-0.042
1574114066650,2019-11-18T16:54:26.650,40.120,0.284,-0.934,-0.050
1574114066660,2019-11-18T16:54:26.660,40.130,0.282,-0.948,-0.052
1574114066670,2019-11-18T16:54:26.670,40.140,0.291,-0.964,-0.058
1574114066680,2019-11-18T16:54:26.680,40.150,0.297,-0.977,-0.054
1574114066690,2019-11-18T16:54:26.690,40.160,0.289,-0.995,-0.051
1574114066700,2019-11-18T16:54:26.700,40.170,0.282,-1.006,-0.046
1574114066710,2019-11-18T16:54:26.710,40.180,0.295,-1.012,-0.042
1574114066720,2019-11-18T16:54:26.720,40.190,0.304,-0.979,-0.049
1574114066730,2019-11-18T16:54:26.730,40.200,0.287,-0.952,-0.052
1574114066740,2019-11-18T16:54:26.740,40.210,0.289,-0.966,-0.051
1574114066750,2019-11-18T16:54:26.750,40.220,0.307,-0.989,-0.044
1574114066760,2019-11-18T16:54:26.760,40.230,0.292,-0.971,-0.042
1574114066770,2019-11-18T16:54:26.770,40.240,0.288,-0.947,-0.034
1574114066780,2019-11-18T16:54:26.780,40.250,0.310,-0.953,-0.030
1574114066790,2019-11-18T16:54:26.790,40.260,0.312,-0.958,-0.032
1574114066800,2019-11-18T16:54:26.800,40.270,0.303,-0.960,-0.028
1574114066810,2019-11-18T16:54:26.810,40.280,0.302,-0.980,-0.024
1574114066820,2019-11-18T16:54:26.820,40.290,0.314,-0.990,-0.021
1574114066830,2019-11-18T16:54:26.830,40.300,0.314,-0.974,-0.021
1574114066840,2019-11-18T16:54:26.840,40.310,0.303,-0.942,-0.010
1574114066850,2019-11-18T16:54:26.850,40.320,0.305,-0.975,0.002
1574114066860,2019-11-18T16:54:26.860,40.330,0.348,-0.989,-0.006
1574114066870,2019-11-18T16:54:26.870,40.340,0.330,-0.941,-0.014
1574114066880,2019-11-18T16:54:26.880,40.350,0.286,-0.912,-0.006
1574114066890,2019-11-18T16:54:26.890,40.360,0.300,-0.939,-0.003
1574114066900,2019-11-18T16:54:26.900,40.370,0.329,-0.975,-0.013
1574114066910,2019-11-18T16:54:26.910,40.380,0.319,-0.964,-0.010
1574114066920,2019-11-18T16:54:26.920,40.390,0.305,-0.940,-0.005
1574114066930,2019-11-18T16:54:26.930,40.400,0.304,-0.941,-0.004
1574114066940,2019-11-18T16:54:26.940,40.410,0.298,-0.958,-0.010
1574114066950,2019-11-18T16:54:26.950,40.420,0.294,-0.953,-0.011
1574114066960,2019-11-18T16:54:26.960,40.430,0.295,-0.952,-0.012
1574114066970,2019-11-18T16:54:26.970,40.440,0.295,-0.952,-0.014
1574114066980,2019-11-18T16:54:26.980,40.450,0.274,-0.936,-0.009
1574114066990,2019-11-18T16:54:26.990,40.460,0.267,-0.923,-0.006
1574114067000,2019-11-18T16:54:27.000,40.470,0.281,-0.940,-0.007
1574114067010,2019-11-18T16:54:27.010,40.480,0.292,-0.967,-0.006
1574114067020,2019-11-18T16:54:27.020,40.490,0.290,-0.975,-0.004
1574114067030,2019-11-18T16:54:27.030,40.500,0.281,-0.962,-0.003
1574114067040,2019-11-18T16:54:27.040,40.510,0.278,-0.959,-0.004
1574114067050,2019-11-18T16:54:27.050,40.520,0.280,-0.960,-0.003
1574114067060,2019-11-18T16:54:27.060,40.530,0.272,-0.958,-0.001
1574114067070,2019-11-18T16:54:27.070,40.540,0.281,-0.966,-0.002
1574114067080,2019-11-18T16:54:27.080,40.550,0.297,-0.975,-0.002
1574114067090,2019-11-18T16:54:27.090,40.560,0.287,-0.978,0.002
1574114067100,2019-11-18T16:54:27.100,40.570,0.275,-0.963,0.003
1574114067110,2019-11-18T16:54:27.110,40.580,0.274,-0.960,0.000
1574114067120,2019-11-18T16:54:27.120,40.590,0.280,-0.961,-0.004
1574114067130,2019-11-18T16:54:27.130,40.600,0.284,-0.957,-0.007
1574114067140,2019-11-18T16:54:27.140,40.610,0.285,-0.956,-0.005
1574114067150,2019-11-18T16:54:27.150,40.620,0.282,-0.968,-0.005
1574114067160,2019-11-18T16:54:27.160,40.630,0.279,-0.973,-0.008
1574114067170,2019-11-18T16:54:27.170,40.640,0.268,-0.960,-0.007
1574114067180,2019-11-18T16:54:27.180,40.650,0.263,-0.968,-0.010
1574114067190,2019-11-18T16:54:27.190,40.660,0.269,-0.977,-0.011
1574114067200,2019-11-18T16:54:27.200,40.670,0.280,-0.976,-0.006
1574114067210,2019-11-18T16:54:27.210,40.680,0.283,-0.975,-0.002
1574114067220,2019-11-18T16:54:27.220,40.690,0.279,-0.968,-0.002
1574114067230,2019-11-18T16:54:27.230,40.700,0.270,-0.948,-0.002
1574114067240,2019-11-18T16:54:27.240,40.710,0.266,-0.958,-0.003
1574114067250,2019-11-18T16:54:27.250,40.720,0.273,-0.989,-0.003
1574114067260,2019-11-18T16:54:27.260,40.730,0.269,-0.982,-0.007
1574114067270,2019-11-18T16:54:27.270,40.740,0.257,-0.957,-0.007
1574114067280,2019-11-18T16:54:27.280,40.750,0.257,-0.961,-0.004
1574114067290,2019-11-18T16:54:27.290,40.760,0.272,-0.984,0.000
1574114067300,2019-11-18T16:54:27.300,40.770,0.274,-1.001,-0.001
1574114067310,2019-11-18T16:54:27.310,40.780,0.259,-0.973,0.001
1574114067320,2019-11-18T16:54:27.320,40.790,0.245,-0.951,-0.005
1574114067330,2019-11-18T16:54:27.330,40.800,0.250,-0.965,-0.009
1574114067340,2019-11-18T16:54:27.340,40.810,0.249,-0.974,-0.008
1574114067350,2019-11-18T16:54:27.350,40.820,0.240,-0.973,-0.007
1574114067360,2019-11-18T16:54:27.360,40.830,0.252,-0.971,-0.007
1574114067370,2019-11-18T16:54:27.370,40.840,0.254,-0.964,-0.008
1574114067380,2019-11-18T16:54:27.380,40.850,0.239,-0.947,-0.006
1574114067390,2019-11-18T16:54:27.390,40.860,0.244,-0.950,-0.003
1574114067400,2019-11-18T16:54:27.400,40.870,0.249,-0.970,-0.009
1574114067410,2019-11-18T16:54:27.410,40.880,0.243,-0.969,-0.006
1574114067420,2019-11-18T16:54:27.420,40.890,0.242,-0.968,-0.004
1574114067430,2019-11-18T16:54:27.430,40.900,0.238,-0.977,-0.004
1574114067440,2019-11-18T16:54:27.440,40.910,0.237,-0.982,-0.003
1574114067450,2019-11-18T16:54:27.450,40.920,0.241,-0.976,-0.007
1574114067460,2019-11-18T16:54:27.460,40.930,0.245,-0.968,-0.004
1574114067470,2019-11-18T16:54:27.470,40.940,0.247,-0.974,-0.003
1574114067480,2019-11-18T16:54:27.480,40.950,0.256,-0.981,-0.005
1574114067490,2019-11-18T16:54:27.490,40.960,0.252,-0.972,-0.007
1574114067500,2019-11-18T16:54:27.500,40.970,0.245,-0.964,-0.004
1574114067510,2019-11-18T16:54:27.510,40.980,0.250,-0.970,-0.002
1574114067520,2019-11-18T16:54:27.520,40.990,0.254,-0.972,0.000
1574114067530,2019-11-18T16:54:27.530,41.000,0.253,-0.964,0.000
1574114067540,2019-11-18T16:54:27.540,41.010,0.249,-0.959,0.005
1574114067550,2019-11-18T16:54:27.550,41.020,0.256,-0.972,0.009
1574114067560,2019-11-18T16:54:27.560,41.030,0.265,-0.992,0.011
1574114067570,2019-11-18T16:54:27.570,41.040,0.265,-0.987,0.012
1574114067580,2019-11-18T16:54:27.580,41.050,0.263,-0.983,0.017
1574114067590,2019-11-18T16:54:27.590,41.060,0.268,-0.990,0.014
1574114067600,2019-11-18T16:54:27.600,41.070,0.268,-0.981,0.012
1574114067610,2019-11-18T16:54:27.610,41.080,0.260,-0.970,0.015
1574114067620,2019-11-18T16:54:27.620,41.090,0.256,-0.973,0.014
1574114067630,2019-11-18T16:54:27.630,41.100,0.258,-0.977,0.017
1574114067640,2019-11-18T16:54:27.640,41.110,0.259,-0.982,0.021
1574114067650,2019-11-18T16:54:27.650,41.120,0.258,-0.987,0.018
1574114067660,2019-11-18T16:54:27.660,41.130,0.255,-0.990,0.017
1574114067670,2019-11-18T16:54:27.670,41.140,0.252,-0.996,0.016
1574114067680,2019-11-18T16:54:27.680,41.150,0.250,-0.989,0.015
1574114067690,2019-11-18T16:54:27.690,41.160,0.241,-0.977,0.015
1574114067700,2019-11-18T16:54:27.700,41.170,0.235,-0.972,0.010
1574114067710,2019-11-18T16:54:27.710,41.180,0.235,-0.971,0.009
1574114067720,2019-11-18T16:54:27.720,41.190,0.237,-0.972,0.014
1574114067730,2019-11-18T16:54:27.730,41.200,0.230,-0.969,0.016
1574114067740,2019-11-18T16:54:27.740,41.210,0.223,-0.964,0.017
1574114067750,2019-11-18T16:54:27.750,41.220,0.224,-0.963,0.022
1574114067760,2019-11-18T16:54:27.760,41.230,0.226,-0.968,0.022
1574114067770,2019-11-18T16:54:27.770,41.240,0.225,-0.982,0.020
1574114067780,2019-11-18T16:54:27.780,41.250,0.223,-0.988,0.024
1574114067790,2019-11-18T16:54:27.790,41.260,0.219,-0.977,0.026
1574114067800,2019-11-18T16:54:27.800,41.270,0.219,-0.970,0.027
1574114067810,2019-11-18T16:54:27.810,41.280,0.217,-0.972,0.026
1574114067820,2019-11-18T16:54:27.820,41.290,0.218,-0.980,0.028
1574114067830,2019-11-18T16:54:27.830,41.300,0.220,-0.980,0.030
1574114067840,2019-11-18T16:54:27.840,41.310,0.218,-0.974,0.032
1574114067850,2019-11-18T16:54:27.850,41.320,0.211,-0.974,0.031
1574114067860,2019-11-18T16:54:27.860,41.330,0.206,-0.974,0.033
1574114067870,2019-11-18T16:54:27.870,41.340,0.208,-0.977,0.034
1574114067880,2019-11-18T16:54:27.880,41.350,0.212,-0.977,0.034
1574114067890,2019-11-18T16:54:27.890,41.360,0.209,-0.974,0.038
1574114067900,2019-11-18T16:54:27.900,41.370,0.207,-0.974,0.030
1574114067910,2019-11-18T16:54:27.910,41.380,0.190,-0.973,0.022
1574114067920,2019-11-18T16:54:27.920,41.390,0.167,-0.958,0.014
1574114067930,2019-11-18T16:54:27.930,41.400,0.146,-0.948,0.005
1574114067940,2019-11-18T16:54:27.940,41.410,0.136,-0.962,-0.007
1574114067950,2019-11-18T16:54:27.950,41.420,0.131,-0.979,-0.011
1574114067960,2019-11-18T16:54:27.960,41.430,0.110,-0.996,-0.035
1574114067970,2019-11-18T16:54:27.970,41.440,0.040,-1.032,-0.083
1574114067980,2019-11-18T16:54:27.980,41.450,-0.046,-1.092,-0.172
1574114067990,2019-11-18T16:54:27.990,41.460,-0.089,-1.123,-0.256
1574114068000,2019-11-18T16:54:28.000,41.470,-0.055,-1.024,-0.255
1574114068010,2019-11-18T16:54:28.010,41.480,0.020,-0.862,-0.180
1574114068020,2019-11-18T16:54:28.020,41.490,0.118,-0.819,-0.116
1574114068030,2019-11-18T16:54:28.030,41.500,0.201,-0.870,-0.080
1574114068040,2019-11-18T16:54:28.040,41.510,0.282,-0.928,-0.007
1574114068050,2019-11-18T16:54:28.050,41.520,0.377,-0.970,0.059
1574114068060,2019-11-18T16:54:28.060,41.530,0.473,-0.999,0.125
1574114068070,2019-11-18T16:54:28.070,41.540,0.567,-1.007,0.213
1574114068080,2019-11-18T16:54:28.080,41.550,0.644,-0.996,0.292
1574114068090,2019-11-18T16:54:28.090,41.560,0.686,-0.993,0.355
1574114068100,2019-11-18T16:54:28.100,41.570,0.676,-1.024,0.366
1574114068110,2019-11-18T16:54:28.110,41.580,0.634,-1.058,0.331
1574114068120,2019-11-18T16:54:28.120,41.590,0.535,-1.042,0.265
1574114068130,2019-11-18T16:54:28.130,41.600,0.405,-1.026,0.174
1574114068140,2019-11-18T16:54:28.140,41.610,0.307,-1.015,0.066
1574114068150,2019-11-18T16:54:28.150,41.620,0.243,-0.931,0.041
1574114068160,2019-11-18T16:54:28.160,41.630,0.173,-0.864,-0.005
1574114068170,2019-11-18T16:54:28.170,41.640,0.079,-0.909,-0.062
1574114068180,2019-11-18T16:54:28.180,41.650,0.017,-0.965,-0.114
1574114068190,2019-11-18T16:54:28.190,41.660,-0.029,-0.958,-0.151
1574114068200,2019-11-18T16:54:28.200,41.670,-0.024,-0.999,-0.118
1574114068210,2019-11-18T16:54:28.210,41.680,0.085,-1.025,-0.075
1574114068220,2019-11-18T16:54:28.220,41.690,0.157,-0.963,-0.025
1574114068230,2019-11-18T16:54:28.230,41.700,0.164,-0.960,-0.006
1574114068240,2019-11-18T16:54:28.240,41.710,0.199,-0.999,0.027
1574114068250,2019-11-18T16:54:28.250,41.720,0.246,-1.025,0.054
1574114068260,2019-11-18T16:54:28.260,41.730,0.281,-1.043,0.076
1574114068270,2019-11-18T16:54:28.270,41.740,0.296,-1.022,0.104
1574114068280,2019-11-18T16:54:28.280,41.750,0.306,-0.974,0.123
1574114068290,2019-11-18T16:54:28.290,41.760,0.300,-0.943,0.128
1574114068300,2019-11-18T16:54:28.300,41.770,0.289,-0.955,0.122
1574114068310,2019-11-18T16:54:28.310,41.780,0.271,-0.977,0.103
1574114068320,2019-11-18T16:54:28.320,41.790,0.236,-0.983,0.077
1574114068330,2019-11-18T16:54:28.330,41.800,0.208,-0.976,0.062
1574114068340,2019-11-18T16:54:28.340,41.810,0.192,-0.975,0.046
1574114068350,2019-11-18T16:54:28.350,41.820,0.177,-0.986,0.033
1574114068360,2019-11-18T16:54:28.360,41.830,0.161,-0.981,0.021
1574114068370,2019-11-18T16:54:28.370,41.840,0.135,-0.960,0.009
1574114068380,2019-11-18T16:54:28.380,41.850,0.117,-0.963,-0.007
1574114068390,2019-11-18T16:54:28.390,41.860,0.114,-0.967,-0.017
1574114068400,2019-11-18T16:54:28.400,41.870,0.113,-0.955,-0.013
1574114068410,2019-11-18T16:54:28.410,41.880,0.112,-0.954,-0.010
1574114068420,2019-11-18T16:54:28.420,41.890,0.125,-0.950,-0.008
1574114068430,2019-11-18T16:54:28.430,41.900,0.123,-0.958,-0.007
1574114068440,2019-11-18T16:54:28.440,41.910,0.125,-0.976,-0.003
1574114068450,2019-11-18T16:54:28.450,41.920,0.125,-0.995,0.002
1574114068460,2019-11-18T16:54:28.460,41.930,0.132,-1.004,-0.001
1574114068470,2019-11-18T16:54:28.470,41.940,0.133,-1.000,0.001
1574114068480,2019-11-18T16:54:28.480,41.950,0.134,-0.990,0.008
1574114068490,2019-11-18T16:54:28.490,41.960,0.137,-0.999,0.013
1574114068500,2019-11-18T16:54:28.500,41.970,0.147,-1.003,0.013
1574114068510,2019-11-18T16:54:28.510,41.980,0.147,-0.985,0.013
1574114068520,2019-11-18T16:54:28.520,41.990,0.137,-0.981,0.018
1574114068530,2019-11-18T16:54:28.530,42.000,0.139,-0.988,0.017
1574114068540,2019-11-18T16:54:28.540,42.010,0.140,-0.980,0.016
1574114068550,2019-11-18T16:54:28.550,42.020,0.141,-0.970,0.014
1574114068560,2019-11-18T16:54:28.560,42.030,0.141,-0.968,0.014
1574114068570,2019-11-18T16:54:28.570,42.040,0.138,-0.986,0.017
1574114068580,2019-11-18T16:54:28.580,42.050,0.140,-1.001,0.014
1574114068590,2019-11-18T16:54:28.590,42.060,0.133,-0.990,0.007
1574114068600,2019-11-18T16:54:28.600,42.070,0.127,-0.974,0.002
1574114068610,2019-11-18T16:54:28.610,42.080,0.124,-0.975,0.004
1574114068620,2019-11-18T16:54:28.620,42.090,0.138,-0.987,0.007
1574114068630,2019-11-18T16:54:28.630,42.100,0.150,-0.994,0.014
1574114068640,2019-11-18T16:54:28.640,42.110,0.152,-0.992,0.013
1574114068650,2019-11-18T16:54:28.650,42.120,0.155,-0.998,0.011
1574114068660,2019-11-18T16:54:28.660,42.130,0.161,-1.007,0.005
1574114068670,2019-11-18T16:54:28.670,42.140,0.159,-1.005,-0.001
1574114068680,2019-11-18T16:54:28.680,42.150,0.147,-0.996,-0.005
1574114068690,2019-11-18T16:54:28.690,42.160,0.139,-1.003,-0.005
1574114068700,2019-11-18T16:54:28.700,42.170,0.144,-1.014,-0.010
1574114068710,2019-11-18T16:54:28.710,42.180,0.146,-1.009,-0.012
1574114068720,2019-11-18T16:54:28.720,42.190,0.147,-0.999,-0.008
1574114068730,2019-11-18T16:54:28.730,42.200,0.146,-0.980,-0.008
1574114068740,2019-11-18T16:54:28.740,42.210,0.146,-0.978,-0.006
1574114068750,2019-11-18T16:54:28.750,42.220,0.155,-0.991,-0.007
1574114068760,2019-11-18T16:54:28.760,42.230,0.157,-0.994,-0.007
1574114068770,2019-11-18T16:54:28.770,42.240,0.142,-0.972,-0.009
1574114068780,2019-11-18T16:54:28.780,42.250,0.134,-0.971,-0.013
1574114068790,2019-11-18T16:54:28.790,42.260,0.137,-0.983,-0.013
1574114068800,2019-11-18T16:54:28.800,42.270,0.141,-0.988,-0.016
1574114068810,2019-11-18T16:54:28.810,42.280,0.144,-0.979,-0.015
1574114068820,2019-11-18T16:54:28.820,42.290,0.149,-0.984,-0.010
1574114068830,2019-11-18T16:54:28.830,42.300,0.158,-0.992,-0.015
1574114068840,2019-11-18T16:54:28.840,42.310,0.154,-1.004,-0.014
1574114068850,2019-11-18T16:54:28.850,42.320,0.158,-1.016,-0.011
1574114068860,2019-11-18T16:54:28.860,42.330,0.167,-1.008,-0.013
1574114068870,2019-11-18T16:54:28.870,42.340,0.159,-0.979,-0.016
1574114068880,2019-11-18T16:54:28.880,42.350,0.156,-0.964,-0.016
1574114068890,2019-11-18T16:54:28.890,42.360,0.170,-0.992,-0.010
1574114068900,2019-11-18T16:54:28.900,42.370,0.181,-1.012,-0.005
1574114068910,2019-11-18T16:54:28.910,42.380,0.184,-0.998,0.002
1574114068920,2019-11-18T16:54:28.920,42.390,0.187,-0.986,0.012
1574114068930,2019-11-18T16:54:28.930,42.400,0.203,-0.991,0.010
1574114068940,2019-11-18T16:54:28.940,42.410,0.210,-1.001,0.012
1574114068950,2019-11-18T16:54:28.950,42.420,0.197,-1.003,0.013
1574114068960,2019-11-18T16:54:28.960,42.430,0.196,-0.996,0.017
1574114068970,2019-11-18T16:54:28.970,42.440,0.186,-0.986,0.014
1574114068980,2019-11-18T16:54:28.980,42.450,0.171,-0.968,0.012
1574114068990,2019-11-18T16:54:28.990,42.460,0.156,-0.979,0.011
1574114069000,2019-11-18T16:54:29.000,42.470,0.180,-1.007,0.019
1574114069010,2019-11-18T16:54:29.010,42.480,0.192,-0.969,0.007
1574114069020,2019-11-18T16:54:29.020,42.490,0.155,-0.908,0.009
1574114069030,2019-11-18T16:54:29.030,42.500,0.157,-0.918,0.013
1574114069040,2019-11-18T16:54:29.040,42.510,0.183,-0.966,0.008
1574114069050,2019-11-18T16:54:29.050,42.520,0.192,-0.976,0.014
1574114069060,2019-11-18T16:54:29.060,42.530,0.188,-0.959,0.021
1574114069070,2019-11-18T16:54:29.070,42.540,0.201,-0.971,0.024
1574114069080,2019-11-18T16:54:29.080,42.550,0.210,-0.979,0.024
1574114069090,2019-11-18T16:54:29.090,42.560,0.207,-0.974,0.023
1574114069100,2019-11-18T16:54:29.100,42.570,0.214,-0.973,0.021
1574114069110,2019-11-18T16:54:29.110,42.580,0.222,-0.982,0.016
1574114069120,2019-11-18T16:54:29.120,42.590,0.223,-0.976,0.017
1574114069130,2019-11-18T16:54:29.130,42.600,0.230,-0.967,0.019
1574114069140,2019-11-18T16:54:29.140,42.610,0.246,-0.969,0.027
1574114069150,2019-11-18T16:54:29.150,42.620,0.254,-0.972,0.025
1574114069160,2019-11-18T16:54:29.160,42.630,0.251,-0.965,0.023
1574114069170,2019-11-18T16:54:29.170,42.640,0.249,-0.969,0.023
1574114069180,2019-11-18T16:54:29.180,42.650,0.251,-0.983,0.022
1574114069190,2019-11-18T16:54:29.190,42.660,0.255,-0.980,0.020
1574114069200,2019-11-18T16:54:29.200,42.670,0.252,-0.965,0.021
1574114069210,2019-11-18T16:54:29.210,42.680,0.258,-0.960,0.020
1574114069220,2019-11-18T16:54:29.220,42.690,0.265,-0.976,0.024
1574114069230,2019-11-18T16:54:29.230,42.700,0.269,-1.000,0.022
1574114069240,2019-11-18T16:54:29.240,42.710,0.271,-1.002,0.022
1574114069250,2019-11-18T16:54:29.250,42.720,0.272,-0.986,0.021
1574114069260,2019-11-18T16:54:29.260,42.730,0.282,-0.979,0.023
1574114069270,2019-11-18T16:54:29.270,42.740,0.282,-0.991,0.018
1574114069280,2019-11-18T16:54:29.280,42.750,0.279,-0.988,0.016
1574114069290,2019-11-18T16:54:29.290,42.760,0.279,-0.986,0.015
1574114069300,2019-11-18T16:54:29.300,42.770,0.265,-0.974,0.005
1574114069310,2019-11-18T16:54:29.310,42.780,0.249,-0.964,-0.001
1574114069320,2019-11-18T16:54:29.320,42.790,0.254,-0.968,-0.001
1574114069330,2019-11-18T16:54:29.330,42.800,0.252,-0.971,0.001
1574114069340,2019-11-18T16:54:29.340,42.810,0.256,-0.984,-0.001
1574114069350,2019-11-18T16:54:29.350,42.820,0.265,-1.000,-0.001
1574114069360,2019-11-18T16:54:29.360,42.830,0.250,-0.981,-0.002
1574114069370,2019-11-18T16:54:29.370,42.840,0.236,-0.963,-0.005
1574114069380,2019-11-18T16:54:29.380,42.850,0.228,-0.965,-0.011
1574114069390,2019-11-18T16:54:29.390,42.860,0.230,-0.960,-0.015
1574114069400,2019-11-18T16:54:29.400,42.870,0.230,-0.972,-0.017
1574114069410,2019-11-18T16:54:29.410,42.880,0.236,-0.995,-0.020
1574114069420,2019-11-18T16:54:29.420,42.890,0.230,-0.995,-0.019
1574114069430,2019-11-18T16:54:29.430,42.900,0.219,-0.983,-0.016
1574114069440,2019-11-18T16:54:29.440,42.910,0.223,-0.994,-0.019
1574114069450,2019-11-18T16:54:29.450,42.920,0.229,-1.003,-0.017
1574114069460,2019-11-18T16:54:29.460,42.930,0.229,-0.981,-0.014
1574114069470,2019-11-18T16:54:29.470,42.940,0.216,-0.953,-0.016
1574114069480,2019-11-18T16:54:29.480,42.950,0.205,-0.948,-0.017
1574114069490,2019-11-18T16:54:29.490,42.960,0.219,-0.978,-0.014
1574114069500,2019-11-18T16:54:29.500,42.970,0.233,-0.996,-0.012
1574114069510,2019-11-18T16:54:29.510,42.980,0.240,-0.983,-0.008
1574114069520,2019-11-18T16:54:29.520,42.990,0.236,-0.982,-0.004
1574114069530,2019-11-18T16:54:29.530,43.000,0.233,-0.992,-0.008
1574114069540,2019-11-18T16:54:29.540,43.010,0.230,-0.979,-0.008
1574114069550,2019-11-18T16:54:29.550,43.020,0.221,-0.971,-0.003
1574114069560,2019-11-18T16:54:29.560,43.030,0.224,-0.983,0.002
1574114069570,2019-11-18T16:54:29.570,43.040,0.244,-0.979,0.000
1574114069580,2019-11-18T16:54:29.580,43.050,0.240,-0.975,-0.003
1574114069590,2019-11-18T16:54:29.590,43.060,0.242,-0.977,0.002
1574114069600,2019-11-18T16:54:29.600,43.070,0.240,-0.970,0.000
1574114069610,2019-11-18T16:54:29.610,43.080,0.231,-0.971,0.000
1574114069620,2019-11-18T16:54:29.620,43.090,0.233,-0.976,-0.004
1574114069630,2019-11-18T16:54:29.630,43.100,0.228,-0.970,-0.011
1574114069640,2019-11-18T16:54:29.640,43.110,0.219,-0.968,-0.013
1574114069650,2019-11-18T16:54:29.650,43.120,0.218,-0.977,-0.009
1574114069660,2019-11-18T16:54:29.660,43.130,0.228,-1.005,-0.015
1574114069670,2019-11-18T16:54:29.670,43.140,0.230,-0.998,-0.016
1574114069680,2019-11-18T16:54:29.680,43.150,0.229,-0.969,-0.007
1574114069690,2019-11-18T16:54:29.690,43.160,0.233,-0.965,-0.006
1574114069700,2019-11-18T16:54:29.700,43.170,0.241,-0.956,-0.004
1574114069710,2019-11-18T16:54:29.710,43.180,0.243,-0.960,-0.006
1574114069720,2019-11-18T16:54:29.720,43.190,0.242,-0.968,-0.007
1574114069730,2019-11-18T16:54:29.730,43.200,0.233,-0.967,-0.014
1574114069740,2019-11-18T16:54:29.740,43.210,0.222,-0.964,-0.014
1574114069750,2019-11-18T16:54:29.750,43.220,0.225,-0.983,-0.016
1574114069760,2019-11-18T16:54:29.760,43.230,0.240,-0.993,-0.020
1574114069770,2019-11-18T16:54:29.770,43.240,0.241,-0.979,-0.020
1574114069780,2019-11-18T16:54:29.780,43.250,0.241,-0.982,-0.019
1574114069790,2019-11-18T16:54:29.790,43.260,0.250,-1.001,-0.021
1574114069800,2019-11-18T16:54:29.800,43.270,0.248,-0.986,-0.022
1574114069810,2019-11-18T16:54:29.810,43.280,0.240,-0.961,-0.022
1574114069820,2019-11-18T16:54:29.820,43.290,0.236,-0.958,-0.026
1574114069830,2019-11-18T16:54:29.830,43.300,0.239,-0.955,-0.025
1574114069840,2019-11-18T16:54:29.840,43.310,0.247,-0.949,-0.021
1574114069850,2019-11-18T16:54:29.850,43.320,0.249,-0.969,-0.020
1574114069860,2019-11-18T16:54:29.860,43.330,0.249,-0.970,-0.020
1574114069870,2019-11-18T16:54:29.870,43.340,0.244,-0.953,-0.019
1574114069880,2019-11-18T16:54:29.880,43.350,0.245,-0.955,-0.018
1574114069890,2019-11-18T16:54:29.890,43.360,0.250,-0.971,-0.018
1574114069900,2019-11-18T16:54:29.900,43.370,0.250,-0.975,-0.017
1574114069910,2019-11-18T16:54:29.910,43.380,0.246,-0.971,-0.017
1574114069920,2019-11-18T16:54:29.920,43.390,0.244,-0.992,-0.009
1574114069930,2019-11-18T16:54:29.930,43.400,0.255,-0.996,-0.011
1574114069940,2019-11-18T16:54:29.940,43.410,0.249,-0.983,-0.004
1574114069950,2019-11-18T16:54:29.950,43.420,0.260,-1.000,0.003
1574114069960,2019-11-18T16:54:29.960,43.430,0.282,-1.025,0.003
1574114069970,2019-11-18T16:54:29.970,43.440,0.282,-1.009,0.004
1574114069980,2019-11-18T16:54:29.980,43.450,0.269,-0.978,0.007
1574114069990,2019-11-18T16:54:29.990,43.460,0.266,-0.986,0.008
1574114070000,2019-11-18T16:54:30.000,43.470,0.264,-0.995,0.005
1574114070010,2019-11-18T16:54:30.010,43.480,0.260,-0.979,0.011
1574114070020,2019-11-18T16:54:30.020,43.490,0.253,-0.976,0.008
1574114070030,2019-11-18T16:54:30.030,43.500,0.254,-0.980,0.011
1574114070040,2019-11-18T16:54:30.040,43.510,0.253,-0.967,0.010
1574114070050,2019-11-18T16:54:30.050,43.520,0.249,-0.953,0.014
1574114070060,2019-11-18T16:54:30.060,43.530,0.247,-0.956,0.011
1574114070070,2019-11-18T16:54:30.070,43.540,0.249,-0.962,0.009
1574114070080,2019-11-18T16:54:30.080,43.550,0.246,-0.960,0.014
1574114070090,2019-11-18T16:54:30.090,43.560,0.250,-0.951,0.018
1574114070100,2019-11-18T16:54:30.100,43.570,0.248,-0.939,0.023
1574114070110,2019-11-18T16:54:30.110,43.580,0.239,-0.933,0.017
1574114070120,2019-11-18T16:54:30.120,43.590,0.238,-0.942,0.024
1574114070130,2019-11-18T16:54:30.130,43.600,0.251,-0.957,0.021
1574114070140,2019-11-18T16:54:30.140,43.610,0.252,-0.950,0.018
1574114070150,2019-11-18T16:54:30.150,43.620,0.236,-0.963,0.025
1574114070160,2019-11-18T16:54:30.160,43.630,0.263,-0.996,0.024
1574114070170,2019-11-18T16:54:30.170,43.640,0.265,-0.976,0.022
1574114070180,2019-11-18T16:54:30.180,43.650,0.246,-0.969,0.035
1574114070190,2019-11-18T16:54:30.190,43.660,0.287,-0.995,0.028
1574114070200,2019-11-18T16:54:30.200,43.670,0.279,-0.996,0.022
1574114070210,2019-11-18T16:54:30.210,43.680,0.265,-1.012,0.033
1574114070220,2019-11-18T16:54:30.220,43.690,0.294,-1.014,0.019
1574114070230,2019-11-18T16:54:30.230,43.700,0.249,-1.002,0.015
1574114070240,2019-11-18T16:54:30.240,43.710,0.238,-0.986,0.028
1574114070250,2019-11-18T16:54:30.250,43.720,0.264,-0.994,0.024
1574114070260,2019-11-18T16:54:30.260,43.730,0.249,-0.995,0.012
1574114070270,2019-11-18T16:54:30.270,43.740,0.228,-0.965,0.007
1574114070280,2019-11-18T16:54:30.280,43.750,0.221,-0.934,0.000
1574114070290,2019-11-18T16:54:30.290,43.760,0.216,-0.948,0.002
1574114070300,2019-11-18T16:54:30.300,43.770,0.213,-0.962,-0.001
1574114070310,2019-11-18T16:54:30.310,43.780,0.202,-0.938,-0.002
1574114070320,2019-11-18T16:54:30.320,43.790,0.202,-0.920,-0.012
1574114070330,2019-11-18T16:54:30.330,43.800,0.200,-0.921,-0.013
1574114070340,2019-11-18T16:54:30.340,43.810,0.203,-0.925,-0.008
1574114070350,2019-11-18T16:54:30.350,43.820,0.202,-0.934,-0.007
1574114070360,2019-11-18T16:54:30.360,43.830,0.200,-0.951,-0.009
1574114070370,2019-11-18T16:54:30.370,43.840,0.211,-0.979,0.006
1574114070380,2019-11-18T16:54:30.380,43.850,0.227,-0.994,-0.002
1574114070390,2019-11-18T16:54:30.390,43.860,0.215,-0.970,-0.005
1574114070400,2019-11-18T16:54:30.400,43.870,0.209,-0.949,-0.005
1574114070410,2019-11-18T16:54:30.410,43.880,0.217,-0.931,-0.007
1574114070420,2019-11-18T16:54:30.420,43.890,0.207,-0.922,-0.008
1574114070430,2019-11-18T16:54:30.430,43.900,0.210,-0.938,-0.023
1574114070440,2019-11-18T16:54:30.440,43.910,0.228,-0.963,-0.018
1574114070450,2019-11-18T16:54:30.450,43.920,0.242,-0.979,-0.020
1574114070460,2019-11-18T16:54:30.460,43.930,0.248,-0.949,-0.027
1574114070470,2019-11-18T16:54:30.470,43.940,0.231,-0.920,-0.027
1574114070480,2019-11-18T16:54:30.480,43.950,0.230,-0.961,-0.027
1574114070490,2019-11-18T16:54:30.490,43.960,0.256,-1.012,-0.038
1574114070500,2019-11-18T16:54:30.500,43.970,0.252,-1.000,-0.040
1574114070510,2019-11-18T16:54:30.510,43.980,0.235,-0.986,-0.036
1574114070520,2019-11-18T16:54:30.520,43.990,0.249,-1.004,-0.043
1574114070530,2019-11-18T16:54:30.530,44.000,0.260,-1.006,-0.048
1574114070540,2019-11-18T16:54:30.540,44.010,0.254,-1.031,-0.044
1574114070550,2019-11-18T16:54:30.550,44.020,0.273,-1.042,-0.050
1574114070560,2019-11-18T16:54:30.560,44.030,0.272,-1.014,-0.056
1574114070570,2019-11-18T16:54:30.570,44.040,0.262,-0.988,-0.063
1574114070580,2019-11-18T16:54:30.580,44.050,0.260,-0.983,-0.062
1574114070590,2019-11-18T16:54:30.590,44.060,0.261,-0.977,-0.053
1574114070600,2019-11-18T16:54:30.600,44.070,0.270,-0.982,-0.051
1574114070610,2019-11-18T16:54:30.610,44.080,0.274,-0.994,-0.054
1574114070620,2019-11-18T16:54:30.620,44.090,0.287,-0.987,-0.060
1574114070630,2019-11-18T16:54:30.630,44.100,0.282,-0.903,-0.078
1574114070640,2019-11-18T16:54:30.640,44.110,0.214,-0.831,-0.083
1574114070650,2019-11-18T16:54:30.650,44.120,0.220,-0.939,-0.062
1574114070660,2019-11-18T16:54:30.660,44.130,0.290,-1.064,-0.075
1574114070670,2019-11-18T16:54:30.670,44.140,0.273,-1.026,-0.072
1574114070680,2019-11-18T16:54:30.680,44.150,0.235,-0.934,-0.067
1574114070690,2019-11-18T16:54:30.690,44.160,0.238,-0.947,-0.064
1574114070700,2019-11-18T16:54:30.700,44.170,0.252,-0.995,-0.073
1574114070710,2019-11-18T16:54:30.710,44.180,0.250,-0.984,-0.080
1574114070720,2019-11-18T16:54:30.720,44.190,0.230,-0.949,-0.081
1574114070730,2019-11-18T16:54:30.730,44.200,0.212,-0.967,-0.080
1574114070740,2019-11-18T16:54:30.740,44.210,0.227,-1.016,-0.080
1574114070750,2019-11-18T16:54:30.750,44.220,0.242,-1.020,-0.083
1574114070760,2019-11-18T16:54:30.760,44.230,0.221,-0.989,-0.082
1574114070770,2019-11-18T16:54:30.770,44.240,0.207,-0.991,-0.075
1574114070780,2019-11-18T16:54:30.780,44.250,0.216,-1.012,-0.076
1574114070790,2019-11-18T16:54:30.790,44.260,0.214,-0.996,-0.069
1574114070800,2019-11-18T16:54:30.800,44.270,0.209,-0.974,-0.067
1574114070810,2019-11-18T16:54:30.810,44.280,0.213,-0.968,-0.070
1574114070820,2019-11-18T16:54:30.820,44.290,0.215,-0.961,-0.068
1574114070830,2019-11-18T16:54:30.830,44.300,0.209,-0.961,-0.065
1574114070840,2019-11-18T16:54:30.840,44.310,0.210,-0.985,-0.059
1574114070850,2019-11-18T16:54:30.850,44.320,0.228,-1.006,-0.059
1574114070860,2019-11-18T16:54:30.860,44.330,0.226,-0.987,-0.055
1574114070870,2019-11-18T16:54:30.870,44.340,0.223,-0.976,-0.053
1574114070880,2019-11-18T16:54:30.880,44.350,0.243,-0.990,-0.044
1574114070890,2019-11-18T16:54:30.890,44.360,0.259,-0.995,-0.030
1574114070900,2019-11-18T16:54:30.900,44.370,0.262,-0.982,-0.027
1574114070910,2019-11-18T16:54:30.910,44.380,0.261,-0.963,-0.028
1574114070920,2019-11-18T16:54:30.920,44.390,0.252,-0.944,-0.031
1574114070930,2019-11-18T16:54:30.930,44.400,0.243,-0.928,-0.035
1574114070940,2019-11-18T16:54:30.940,44.410,0.249,-0.922,-0.038
1574114070950,2019-11-18T16:54:30.950,44.420,0.250,-0.921,-0.043
1574114070960,2019-11-18T16:54:30.960,44.430,0.241,-0.921,-0.039
1574114070970,2019-11-18T16:54:30.970,44.440,0.246,-0.939,-0.040
1574114070980,2019-11-18T16:54:30.980,44.450,0.252,-0.967,-0.030
1574114070990,2019-11-18T16:54:30.990,44.460,0.257,-0.961,-0.035
1574114071000,2019-11-18T16:54:31.000,44.470,0.244,-0.942,-0.041
1574114071010,2019-11-18T16:54:31.010,44.480,0.244,-0.975,-0.039
1574114071020,2019-11-18T16:54:31.020,44.490,0.260,-1.021,-0.039
1574114071030,2019-11-18T16:54:31.030,44.500,0.266,-1.011,-0.039
1574114071040,2019-11-18T16:54:31.040,44.510,0.249,-0.974,-0.037
1574114071050,2019-11-18T16:54:31.050,44.520,0.242,-0.960,-0.042
1574114071060,2019-11-18T16:54:31.060,44.530,0.243,-0.951,-0.043
1574114071070,2019-11-18T16:54:31.070,44.540,0.249,-0.955,-0.046
1574114071080,2019-11-18T16:54:31.080,44.550,0.245,-0.962,-0.045
1574114071090,2019-11-18T16:54:31.090,44.560,0.237,-0.983,-0.047
1574114071100,2019-11-18T16:54:31.100,44.570,0.238,-0.993,-0.047
1574114071110,2019-11-18T16:54:31.110,44.580,0.237,-0.981,-0.050
1574114071120,2019-11-18T16:54:31.120,44.590,0.232,-0.967,-0.058
1574114071130,2019-11-18T16:54:31.130,44.600,0.221,-0.962,-0.061
1574114071140,2019-11-18T16:54:31.140,44.610,0.216,-0.982,-0.057
1574114071150,2019-11-18T16:54:31.150,44.620,0.222,-1.010,-0.056
1574114071160,2019-11-18T16:54:31.160,44.630,0.228,-1.021,-0.057
1574114071170,2019-11-18T16:54:31.170,44.640,0.225,-0.989,-0.054
1574114071180,2019-11-18T16:54:31.180,44.650,0.219,-0.966,-0.050
1574114071190,2019-11-18T16:54:31.190,44.660,0.234,-0.979,-0.050
1574114071200,2019-11-18T16:54:31.200,44.670,0.237,-0.980,-0.046
1574114071210,2019-11-18T16:54:31.210,44.680,0.222,-0.962,-0.049
1574114071220,2019-11-18T16:54:31.220,44.690,0.212,-0.960,-0.047
1574114071230,2019-11-18T16:54:31.230,44.700,0.210,-0.974,-0.051
1574114071240,2019-11-18T16:54:31.240,44.710,0.211,-0.991,-0.059
1574114071250,2019-11-18T16:54:31.250,44.720,0.208,-0.987,-0.059
1574114071260,2019-11-18T16:54:31.260,44.730,0.204,-0.982,-0.057
1574114071270,2019-11-18T16:54:31.270,44.740,0.212,-0.971,-0.062
1574114071280,2019-11-18T16:54:31.280,44.750,0.203,-0.963,-0.067
1574114071290,2019-11-18T16:54:31.290,44.760,0.196,-0.961,-0.057
1574114071300,2019-11-18T16:54:31.300,44.770,0.199,-0.975,-0.051
1574114071310,2019-11-18T16:54:31.310,44.780,0.208,-0.991,-0.050
1574114071320,2019-11-18T16:54:31.320,44.790,0.213,-0.998,-0.045
1574114071330,2019-11-18T16:54:31.330,44.800,0.227,-0.997,-0.042
1574114071340,2019-11-18T16:54:31.340,44.810,0.228,-0.984,-0.042
1574114071350,2019-11-18T16:54:31.350,44.820,0.214,-0.963,-0.042
1574114071360,2019-11-18T16:54:31.360,44.830,0.216,-0.938,-0.042
1574114071370,2019-11-18T16:54:31.370,44.840,0.207,-0.927,-0.038
1574114071380,2019-11-18T16:54:31.380,44.850,0.207,-0.959,-0.038
1574114071390,2019-11-18T16:54:31.390,44.860,0.223,-0.983,-0.042
1574114071400,2019-11-18T16:54:31.400,44.870,0.208,-0.963,-0.047
1574114071410,2019-11-18T16:54:31.410,44.880,0.190,-0.943,-0.048
1574114071420,2019-11-18T16:54:31.420,44.890,0.187,-0.978,-0.047
1574114071430,2019-11-18T16:54:31.430,44.900,0.193,-1.009,-0.056
1574114071440,2019-11-18T16:54:31.440,44.910,0.191,-0.974,-0.059
1574114071450,2019-11-18T16:54:31.450,44.920,0.166,-0.931,-0.060
1574114071460,2019-11-18T16:54:31.460,44.930,0.151,-0.961,-0.062
1574114071470,2019-11-18T16:54:31.470,44.940,0.175,-0.996,-0.070
1574114071480,2019-11-18T16:54:31.480,44.950,0.170,-0.996,-0.069
1574114071490,2019-11-18T16:54:31.490,44.960,0.161,-0.977,-0.062
1574114071500,2019-11-18T16:54:31.500,44.970,0.171,-0.974,-0.061
1574114071510,2019-11-18T16:54:31.510,44.980,0.188,-0.986,-0.063
1574114071520,2019-11-18T16:54:31.520,44.990,0.177,-0.991,-0.065
1574114071530,2019-11-18T16:54:31.530,45.000,0.167,-0.985,-0.065
1574114071540,2019-11-18T16:54:31.540,45.010,0.166,-0.971,-0.070
1574114071550,2019-11-18T16:54:31.550,45.020,0.164,-0.961,-0.079
1574114071560,2019-11-18T16:54:31.560,45.030,0.170,-0.964,-0.081
1574114071570,2019-11-18T16:54:31.570,45.040,0.167,-0.971,-0.078
1574114071580,2019-11-18T16:54:31.580,45.050,0.162,-0.987,-0.070
1574114071590,2019-11-18T16:54:31.590,45.060,0.168,-0.999,-0.075
1574114071600,2019-11-18T16:54:31.600,45.070,0.172,-0.977,-0.073
1574114071610,2019-11-18T16:54:31.610,45.080,0.171,-0.966,-0.071
1574114071620,2019-11-18T16:54:31.620,45.090,0.173,-0.976,-0.073
1574114071630,2019-11-18T16:54:31.630,45.100,0.184,-0.986,-0.077
1574114071640,2019-11-18T16:54:31.640,45.110,0.183,-0.978,-0.078
1574114071650,2019-11-18T16:54:31.650,45.120,0.173,-0.963,-0.083
1574114071660,2019-11-18T16:54:31.660,45.130,0.172,-0.957,-0.085
1574114071670,2019-11-18T16:54:31.670,45.140,0.171,-0.968,-0.091
1574114071680,2019-11-18T16:54:31.680,45.150,0.163,-0.972,-0.095
1574114071690,2019-11-18T16:54:31.690,45.160,0.159,-0.978,-0.094
1574114071700,2019-11-18T16:54:31.700,45.170,0.163,-1.004,-0.097
1574114071710,2019-11-18T16:54:31.710,45.180,0.167,-1.011,-0.095
1574114071720,2019-11-18T16:54:31.720,45.190,0.159,-0.996,-0.090
1574114071730,2019-11-18T16:54:31.730,45.200,0.152,-0.988,-0.097
1574114071740,2019-11-18T16:54:31.740,45.210,0.147,-0.977,-0.095
1574114071750,2019-11-18T16:54:31.750,45.220,0.146,-0.992,-0.091
1574114071760,2019-11-18T16:54:31.760,45.230,0.145,-1.007,-0.095
1574114071770,2019-11-18T16:54:31.770,45.240,0.135,-0.990,-0.099
1574114071780,2019-11-18T16:54:31.780,45.250,0.122,-0.967,-0.100
1574114071790,2019-11-18T16:54:31.790,45.260,0.122,-0.973,-0.104
1574114071800,2019-11-18T16:54:31.800,45.270,0.121,-0.975,-0.104
1574114071810,2019-11-18T16:54:31.810,45.280,0.125,-0.983,-0.097
1574114071820,2019-11-18T16:54:31.820,45.290,0.136,-0.994,-0.093
1574114071830,2019-11-18T16:54:31.830,45.300,0.138,-0.992,-0.094
1574114071840,2019-11-18T16:54:31.840,45.310,0.137,-0.987,-0.092
1574114071850,2019-11-18T16:54:31.850,45.320,0.145,-0.972,-0.089
1574114071860,2019-11-18T16:54:31.860,45.330,0.146,-0.977,-0.089
1574114071870,2019-11-18T16:54:31.870,45.340,0.151,-0.982,-0.089
1574114071880,2019-11-18T16:54:31.880,45.350,0.160,-0.976,-0.089
1574114071890,2019-11-18T16:54:31.890,45.360,0.161,-0.967,-0.089
1574114071900,2019-11-18T16:54:31.900,45.370,0.164,-0.972,-0.088
1574114071910,2019-11-18T16:54:31.910,45.380,0.168,-0.976,-0.091
1574114071920,2019-11-18T16:54:31.920,45.390,0.169,-0.983,-0.083
1574114071930,2019-11-18T16:54:31.930,45.400,0.167,-0.979,-0.088
1574114071940,2019-11-18T16:54:31.940,45.410,0.163,-0.971,-0.091
1574114071950,2019-11-18T16:54:31.950,45.420,0.157,-0.982,-0.090
1574114071960,2019-11-18T16:54:31.960,45.430,0.152,-0.990,-0.088
1574114071970,2019-11-18T16:54:31.970,45.440,0.162,-0.992,-0.092
1574114071980,2019-11-18T16:54:31.980,45.450,0.157,-0.999,-0.093
1574114071990,2019-11-18T16:54:31.990,45.460,0.140,-0.993,-0.095
1574114072000,2019-11-18T16:54:32.000,45.470,0.124,-0.972,-0.096
1574114072010,2019-11-18T16:54:32.010,45.480,0.124,-0.981,-0.097
1574114072020,2019-11-18T16:54:32.020,45.490,0.126,-0.985,-0.104
1574114072030,2019-11-18T16:54:32.030,45.500,0.118,-0.970,-0.099
1574114072040,2019-11-18T16:54:32.040,45.510,0.126,-0.974,-0.098
1574114072050,2019-11-18T16:54:32.050,45.520,0.135,-0.987,-0.096
1574114072060,2019-11-18T16:54:32.060,45.530,0.135,-0.983,-0.095
1574114072070,2019-11-18T16:54:32.070,45.540,0.135,-0.970,-0.096
1574114072080,2019-11-18T16:54:32.080,45.550,0.137,-0.977,-0.089
1574114072090,2019-11-18T16:54:32.090,45.560,0.149,-0.986,-0.091
1574114072100,2019-11-18T16:54:32.100,45.570,0.148,-0.978,-0.091
1574114072110,2019-11-18T16:54:32.110,45.580,0.147,-0.969,-0.088
1574114072120,2019-11-18T16:54:32.120,45.590,0.155,-0.977,-0.084
1574114072130,2019-11-18T16:54:32.130,45.600,0.155,-0.985,-0.085
1574114072140,2019-11-18T16:54:32.140,45.610,0.158,-0.981,-0.083
1574114072150,2019-11-18T16:54:32.150,45.620,0.158,-0.978,-0.083
1574114072160,2019-11-18T16:54:32.160,45.630,0.157,-0.979,-0.083
1574114072170,2019-11-18T16:54:32.170,45.640,0.157,-0.984,-0.084
1574114072180,2019-11-18T16:54:32.180,45.650,0.160,-0.990,-0.090
1574114072190,2019-11-18T16:54:32.190,45.660,0.155,-0.979,-0.091
1574114072200,2019-11-18T16:54:32.200,45.670,0.151,-0.971,-0.091
1574114072210,2019-11-18T16:54:32.210,45.680,0.146,-0.973,-0.094
1574114072220,2019-11-18T16:54:32.220,45.690,0.144,-0.984,-0.092
1574114072230,2019-11-18T16:54:32.230,45.700,0.153,-0.997,-0.092
1574114072240,2019-11-18T16:54:32.240,45.710,0.153,-1.001,-0.094
1574114072250,2019-11-18T16:54:32.250,45.720,0.141,-0.991,-0.093
1574114072260,2019-11-18T16:54:32.260,45.730,0.133,-0.970,-0.098
1574114072270,2019-11-18T16:54:32.270,45.740,0.127,-0.973,-0.103
1574114072280,2019-11-18T16:54:32.280,45.750,0.132,-0.988,-0.106
1574114072290,2019-11-18T16:54:32.290,45.760,0.133,-0.999,-0.106
1574114072300,2019-11-18T16:54:32.300,45.770,0.131,-0.982,-0.105
1574114072310,2019-11-18T16:54:32.310,45.780,0.126,-0.972,-0.104
1574114072320,2019-11-18T16:54:32.320,45.790,0.131,-0.975,-0.103
1574114072330,2019-11-18T16:54:32.330,45.800,0.144,-0.981,-0.101
1574114072340,2019-11-18T16:54:32.340,45.810,0.139,-0.985,-0.096
1574114072350,2019-11-18T16:54:32.350,45.820,0.140,-0.984,-0.095
1574114072360,2019-11-18T16:54:32.360,45.830,0.145,-0.979,-0.094
1574114072370,2019-11-18T16:54:32.370,45.840,0.139,-0.986,-0.093
1574114072380,2019-11-18T16:54:32.380,45.850,0.145,-0.985,-0.093
1574114072390,2019-11-18T16:54:32.390,45.860,0.143,-0.965,-0.092
1574114072400,2019-11-18T16:54:32.400,45.870,0.141,-0.963,-0.090
1574114072410,2019-11-18T16:54:32.410,45.880,0.147,-0.973,-0.092
1574114072420,2019-11-18T16:54:32.420,45.890,0.145,-0.982,-0.096
1574114072430,2019-11-18T16:54:32.430,45.900,0.151,-0.978,-0.094
1574114072440,2019-11-18T16:54:32.440,45.910,0.149,-0.983,-0.091
1574114072450,2019-11-18T16:54:32.450,45.920,0.150,-0.984,-0.090
1574114072460,2019-11-18T16:54:32.460,45.930,0.152,-0.972,-0.093
1574114072470,2019-11-18T16:54:32.470,45.940,0.152,-0.967,-0.095
1574114072480,2019-11-18T16:54:32.480,45.950,0.156,-0.964,-0.094
1574114072490,2019-11-18T16:54:32.490,45.960,0.151,-0.964,-0.097
1574114072500,2019-11-18T16:54:32.500,45.970,0.153,-0.968,-0.095
1574114072510,2019-11-18T16:54:32.510,45.980,0.161,-0.970,-0.096
1574114072520,2019-11-18T16:54:32.520,45.990,0.167,-0.975,-0.091
1574114072530,2019-11-18T16:54:32.530,46.000,0.165,-0.978,-0.091
1574114072540,2019-11-18T16:54:32.540,46.010,0.165,-0.979,-0.090
1574114072550,2019-11-18T16:54:32.550,46.020,0.164,-0.984,-0.091
1574114072560,2019-11-18T16:54:32.560,46.030,0.165,-0.992,-0.091
1574114072570,2019-11-18T16:54:32.570,46.040,0.168,-0.999,-0.089
1574114072580,2019-11-18T16:54:32.580,46.050,0.166,-0.997,-0.091
1574114072590,2019-11-18T16:54:32.590,46.060,0.167,-0.984,-0.090
1574114072600,2019-11-18T16:54:32.600,46.070,0.167,-0.978,-0.092
1574114072610,2019-11-18T16:54:32.610,46.080,0.167,-0.977,-0.092
1574114072620,2019-11-18T16:54:32.620,46.090,0.173,-0.970,-0.087
1574114072630,2019-11-18T16:54:32.630,46.100,0.177,-0.964,-0.090
1574114072640,2019-11-18T16:54:32.640,46.110,0.170,-0.966,-0.093
1574114072650,2019-11-18T16:54:32.650,46.120,0.168,-0.966,-0.092
1574114072660,2019-11-18T16:54:32.660,46.130,0.166,-0.974,-0.095
1574114072670,2019-11-18T16:54:32.670,46.140,0.168,-0.987,-0.095
1574114072680,2019-11-18T16:54:32.680,46.150,0.170,-0.992,-0.095
1574114072690,2019-11-18T16:54:32.690,46.160,0.169,-0.983,-0.092
1574114072700,2019-11-18T16:54:32.700,46.170,0.171,-0.976,-0.093
1574114072710,2019-11-18T16:54:32.710,46.180,0.173,-0.971,-0.092
1574114072720,2019-11-18T16:54:32.720,46.190,0.167,-0.967,-0.090
1574114072730,2019-11-18T16:54:32.730,46.200,0.171,-0.962,-0.091
1574114072740,2019-11-18T16:54:32.740,46.210,0.172,-0.966,-0.093
1574114072750,2019-11-18T16:54:32.750,46.220,0.177,-0.979,-0.087
1574114072760,2019-11-18T16:54:32.760,46.230,0.183,-0.977,-0.086
1574114072770,2019-11-18T16:54:32.770,46.240,0.180,-0.967,-0.088
1574114072780,2019-11-18T16:54:32.780,46.250,0.174,-0.979,-0.087
1574114072790,2019-11-18T16:54:32.790,46.260,0.176,-0.988,-0.084
1574114072800,2019-11-18T16:54:32.800,46.270,0.181,-0.995,-0.083
1574114072810,2019-11-18T16:54:32.810,46.280,0.179,-0.986,-0.078
1574114072820,2019-11-18T16:54:32.820,46.290,0.173,-0.980,-0.084
1574114072830,2019-11-18T16:54:32.830,46.300,0.179,-0.986,-0.083
1574114072840,2019-11-18T16:54:32.840,46.310,0.210,-1.003,-0.089
1574114072850,2019-11-18T16:54:32.850,46.320,0.219,-1.011,-0.089
1574114072860,2019-11-18T16:54:32.860,46.330,0.188,-0.972,-0.086
1574114072870,2019-11-18T16:54:32.870,46.340,0.180,-0.939,-0.091
1574114072880,2019-11-18T16:54:32.880,46.350,0.188,-0.940,-0.094
1574114072890,2019-11-18T16:54:32.890,46.360,0.184,-0.939,-0.095
1574114072900,2019-11-18T16:54:32.900,46.370,0.180,-0.933,-0.100
1574114072910,2019-11-18T16:54:32.910,46.380,0.185,-0.946,-0.098
1574114072920,2019-11-18T16:54:32.920,46.390,0.193,-0.969,-0.097
1574114072930,2019-11-18T16:54:32.930,46.400,0.197,-0.985,-0.098
1574114072940,2019-11-18T16:54:32.940,46.410,0.188,-1.000,-0.097
1574114072950,2019-11-18T16:54:32.950,46.420,0.189,-1.011,-0.096
1574114072960,2019-11-18T16:54:32.960,46.430,0.196,-1.011,-0.096
1574114072970,2019-11-18T16:54:32.970,46.440,0.197,-0.998,-0.101
1574114072980,2019-11-18T16:54:32.980,46.450,0.194,-0.977,-0.102
1574114072990,2019-11-18T16:54:32.990,46.460,0.199,-0.974,-0.098
1574114073000,2019-11-18T16:54:33.000,46.470,0.208,-0.966,-0.098
1574114073010,2019-11-18T16:54:33.010,46.480,0.204,-0.955,-0.103
1574114073020,2019-11-18T16:54:33.020,46.490,0.205,-0.959,-0.105
1574114073030,2019-11-18T16:54:33.030,46.500,0.211,-0.978,-0.108
1574114073040,2019-11-18T16:54:33.040,46.510,0.207,-0.974,-0.110
1574114073050,2019-11-18T16:54:33.050,46.520,0.194,-0.966,-0.105
1574114073060,2019-11-18T16:54:33.060,46.530,0.194,-0.969,-0.105
1574114073070,2019-11-18T16:54:33.070,46.540,0.200,-0.971,-0.105
1574114073080,2019-11-18T16:54:33.080,46.550,0.203,-0.987,-0.102
1574114073090,2019-11-18T16:54:33.090,46.560,0.209,-0.992,-0.099
1574114073100,2019-11-18T16:54:33.100,46.570,0.205,-0.986,-0.098
1574114073110,2019-11-18T16:54:33.110,46.580,0.201,-0.987,-0.102
1574114073120,2019-11-18T16:54:33.120,46.590,0.205,-0.989,-0.105
1574114073130,2019-11-18T16:54:33.130,46.600,0.205,-0.976,-0.110
1574114073140,2019-11-18T16:54:33.140,46.610,0.188,-0.958,-0.105
1574114073150,2019-11-18T16:54:33.150,46.620,0.190,-0.960,-0.099
1574114073160,2019-11-18T16:54:33.160,46.630,0.208,-0.980,-0.099
1574114073170,2019-11-18T16:54:33.170,46.640,0.209,-0.994,-0.095
1574114073180,2019-11-18T16:54:33.180,46.650,0.207,-0.969,-0.086
1574114073190,2019-11-18T16:54:33.190,46.660,0.209,-0.958,-0.088
1574114073200,2019-11-18T16:54:33.200,46.670,0.208,-0.961,-0.084
1574114073210,2019-11-18T16:54:33.210,46.680,0.219,-0.972,-0.077
1574114073220,2019-11-18T16:54:33.220,46.690,0.232,-0.960,-0.080
1574114073230,2019-11-18T16:54:33.230,46.700,0.219,-0.946,-0.080
1574114073240,2019-11-18T16:54:33.240,46.710,0.216,-0.978,-0.079
1574114073250,2019-11-18T16:54:33.250,46.720,0.226,-0.992,-0.082
1574114073260,2019-11-18T16:54:33.260,46.730,0.217,-0.976,-0.077
1574114073270,2019-11-18T16:54:33.270,46.740,0.215,-0.975,-0.070
1574114073280,2019-11-18T16:54:33.280,46.750,0.241,-0.973,-0.063
1574114073290,2019-11-18T16:54:33.290,46.760,0.240,-0.976,-0.056
1574114073300,2019-11-18T16:54:33.300,46.770,0.250,-0.990,-0.054
1574114073310,2019-11-18T16:54:33.310,46.780,0.256,-0.977,-0.060
1574114073320,2019-11-18T16:54:33.320,46.790,0.246,-0.962,-0.061
1574114073330,2019-11-18T16:54:33.330,46.800,0.234,-0.955,-0.063
1574114073340,2019-11-18T16:54:33.340,46.810,0.230,-0.964,-0.074
1574114073350,2019-11-18T16:54:33.350,46.820,0.233,-0.969,-0.077
1574114073360,2019-11-18T16:54:33.360,46.830,0.231,-0.966,-0.082
1574114073370,2019-11-18T16:54:33.370,46.840,0.220,-0.959,-0.088
1574114073380,2019-11-18T16:54:33.380,46.850,0.212,-0.964,-0.095
1574114073390,2019-11-18T16:54:33.390,46.860,0.210,-0.983,-0.099
1574114073400,2019-11-18T16:54:33.400,46.870,0.216,-0.980,-0.098
1574114073410,2019-11-18T16:54:33.410,46.880,0.208,-0.975,-0.094
1574114073420,2019-11-18T16:54:33.420,46.890,0.206,-0.985,-0.100
1574114073430,2019-11-18T16:54:33.430,46.900,0.208,-0.982,-0.104
1574114073440,2019-11-18T16:54:33.440,46.910,0.192,-0.974,-0.111
1574114073450,2019-11-18T16:54:33.450,46.920,0.185,-0.935,-0.116
1574114073460,2019-11-18T16:54:33.460,46.930,0.170,-0.907,-0.121
1574114073470,2019-11-18T16:54:33.470,46.940,0.184,-0.948,-0.106
1574114073480,2019-11-18T16:54:33.480,46.950,0.213,-0.959,-0.110
1574114073490,2019-11-18T16:54:33.490,46.960,0.199,-0.909,-0.108
1574114073500,2019-11-18T16:54:33.500,46.970,0.183,-0.879,-0.099
1574114073510,2019-11-18T16:54:33.510,46.980,0.212,-0.948,-0.098
1574114073520,2019-11-18T16:54:33.520,46.990,0.237,-1.000,-0.101
1574114073530,2019-11-18T16:54:33.530,47.000,0.232,-0.984,-0.091
1574114073540,2019-11-18T16:54:33.540,47.010,0.236,-0.954,-0.082
1574114073550,2019-11-18T16:54:33.550,47.020,0.246,-0.946,-0.082
1574114073560,2019-11-18T16:54:33.560,47.030,0.249,-0.943,-0.083
1574114073570,2019-11-18T16:54:33.570,47.040,0.246,-0.954,-0.078
1574114073580,2019-11-18T16:54:33.580,47.050,0.251,-0.969,-0.084
1574114073590,2019-11-18T16:54:33.590,47.060,0.243,-0.986,-0.088
1574114073600,2019-11-18T16:54:33.600,47.070,0.235,-1.001,-0.085
1574114073610,2019-11-18T16:54:33.610,47.080,0.239,-1.017,-0.090
1574114073620,2019-11-18T16:54:33.620,47.090,0.236,-1.020,-0.090
1574114073630,2019-11-18T16:54:33.630,47.100,0.228,-1.003,-0.095
1574114073640,2019-11-18T16:54:33.640,47.110,0.218,-0.993,-0.090
1574114073650,2019-11-18T16:54:33.650,47.120,0.224,-1.003,-0.088
1574114073660,2019-11-18T16:54:33.660,47.130,0.225,-1.012,-0.084
1574114073670,2019-11-18T16:54:33.670,47.140,0.224,-1.023,-0.083
1574114073680,2019-11-18T16:54:33.680,47.150,0.240,-1.025,-0.082
1574114073690,2019-11-18T16:54:33.690,47.160,0.245,-1.000,-0.081
1574114073700,2019-11-18T16:54:33.700,47.170,0.241,-0.969,-0.073
1574114073710,2019-11-18T16:54:33.710,47.180,0.251,-0.962,-0.067
1574114073720,2019-11-18T16:54:33.720,47.190,0.250,-0.936,-0.078
1574114073730,2019-11-18T16:54:33.730,47.200,0.230,-0.875,-0.082
1574114073740,2019-11-18T16:54:33.740,47.210,0.215,-0.858,-0.079
1574114073750,2019-11-18T16:54:33.750,47.220,0.227,-0.901,-0.083
1574114073760,2019-11-18T16:54:33.760,47.230,0.226,-0.952,-0.078
1574114073770,2019-11-18T16:54:33.770,47.240,0.224,-0.975,-0.077
1574114073780,2019-11-18T16:54:33.780,47.250,0.217,-0.971,-0.079
1574114073790,2019-11-18T16:54:33.790,47.260,0.209,-0.969,-0.072
1574114073800,2019-11-18T16:54:33.800,47.270,0.219,-0.956,-0.077
1574114073810,2019-11-18T16:54:33.810,47.280,0.222,-0.944,-0.070
1574114073820,2019-11-18T16:54:33.820,47.290,0.220,-0.966,-0.073
1574114073830,2019-11-18T16:54:33.830,47.300,0.229,-0.995,-0.072
1574114073840,2019-11-18T16:54:33.840,47.310,0.228,-1.017,-0.064
1574114073850,2019-11-18T16:54:33.850,47.320,0.228,-1.029,-0.076
1574114073860,2019-11-18T16:54:33.860,47.330,0.226,-1.018,-0.069
1574114073870,2019-11-18T16:54:33.870,47.340,0.235,-1.007,-0.063
1574114073880,2019-11-18T16:54:33.880,47.350,0.250,-0.983,-0.074
1574114073890,2019-11-18T16:54:33.890,47.360,0.226,-0.909,-0.086
1574114073900,2019-11-18T16:54:33.900,47.370,0.204,-0.844,-0.086
1574114073910,2019-11-18T16:54:33.910,47.380,0.204,-0.891,-0.086
1574114073920,2019-11-18T16:54:33.920,47.390,0.220,-0.974,-0.083
1574114073930,2019-11-18T16:54:33.930,47.400,0.230,-0.969,-0.079
1574114073940,2019-11-18T16:54:33.940,47.410,0.210,-0.936,-0.072
1574114073950,2019-11-18T16:54:33.950,47.420,0.207,-0.939,-0.072
1574114073960,2019-11-18T16:54:33.960,47.430,0.220,-0.946,-0.076
1574114073970,2019-11-18T16:54:33.970,47.440,0.230,-0.950,-0.078
1574114073980,2019-11-18T16:54:33.980,47.450,0.231,-0.935,-0.084
1574114073990,2019-11-18T16:54:33.990,47.460,0.229,-0.927,-0.081
1574114074000,2019-11-18T16:54:34.000,47.470,0.237,-0.934,-0.086
1574114074010,2019-11-18T16:54:34.010,47.480,0.242,-0.933,-0.098
1574114074020,2019-11-18T16:54:34.020,47.490,0.257,-0.938,-0.112
1574114074030,2019-11-18T16:54:34.030,47.500,0.257,-0.939,-0.114
1574114074040,2019-11-18T16:54:34.040,47.510,0.256,-0.955,-0.116
1574114074050,2019-11-18T16:54:34.050,47.520,0.268,-0.937,-0.128
1574114074060,2019-11-18T16:54:34.060,47.530,0.265,-0.917,-0.134
1574114074070,2019-11-18T16:54:34.070,47.540,0.279,-0.944,-0.134
1574114074080,2019-11-18T16:54:34.080,47.550,0.299,-0.991,-0.147
1574114074090,2019-11-18T16:54:34.090,47.560,0.299,-0.967,-0.163
1574114074100,2019-11-18T16:54:34.100,47.570,0.273,-0.920,-0.176
1574114074110,2019-11-18T16:54:34.110,47.580,0.267,-0.920,-0.190
1574114074120,2019-11-18T16:54:34.120,47.590,0.268,-0.958,-0.202
1574114074130,2019-11-18T16:54:34.130,47.600,0.262,-0.992,-0.206
1574114074140,2019-11-18T16:54:34.140,47.610,0.264,-1.012,-0.203
1574114074150,2019-11-18T16:54:34.150,47.620,0.258,-1.008,-0.217
1574114074160,2019-11-18T16:54:34.160,47.630,0.246,-0.975,-0.219
1574114074170,2019-11-18T16:54:34.170,47.640,0.232,-0.962,-0.231
1574114074180,2019-11-18T16:54:34.180,47.650,0.225,-0.958,-0.234
1574114074190,2019-11-18T16:54:34.190,47.660,0.210,-0.952,-0.236
1574114074200,2019-11-18T16:54:34.200,47.670,0.198,-0.981,-0.233
1574114074210,2019-11-18T16:54:34.210,47.680,0.208,-1.023,-0.226
1574114074220,2019-11-18T16:54:34.220,47.690,0.211,-1.024,-0.225
1574114074230,2019-11-18T16:54:34.230,47.700,0.191,-1.019,-0.218
1574114074240,2019-11-18T16:54:34.240,47.710,0.196,-1.047,-0.214
1574114074250,2019-11-18T16:54:34.250,47.720,0.207,-1.054,-0.213
1574114074260,2019-11-18T16:54:34.260,47.730,0.202,-1.023,-0.213
1574114074270,2019-11-18T16:54:34.270,47.740,0.188,-0.997,-0.202
1574114074280,2019-11-18T16:54:34.280,47.750,0.183,-0.995,-0.207
1574114074290,2019-11-18T16:54:34.290,47.760,0.186,-0.977,-0.207
1574114074300,2019-11-18T16:54:34.300,47.770,0.179,-0.943,-0.197
1574114074310,2019-11-18T16:54:34.310,47.780,0.181,-0.908,-0.193
1574114074320,2019-11-18T16:54:34.320,47.790,0.181,-0.916,-0.188
1574114074330,2019-11-18T16:54:34.330,47.800,0.194,-0.958,-0.180
1574114074340,2019-11-18T16:54:34.340,47.810,0.199,-0.956,-0.176
1574114074350,2019-11-18T16:54:34.350,47.820,0.184,-0.925,-0.169
1574114074360,2019-11-18T16:54:34.360,47.830,0.187,-0.925,-0.172
1574114074370,2019-11-18T16:54:34.370,47.840,0.196,-0.936,-0.174
1574114074380,2019-11-18T16:54:34.380,47.850,0.201,-0.945,-0.168
1574114074390,2019-11-18T16:54:34.390,47.860,0.198,-0.946,-0.161
1574114074400,2019-11-18T16:54:34.400,47.870,0.199,-0.936,-0.151
1574114074410,2019-11-18T16:54:34.410,47.880,0.196,-0.930,-0.145
1574114074420,2019-11-18T16:54:34.420,47.890,0.207,-0.933,-0.143
1574114074430,2019-11-18T16:54:34.430,47.900,0.210,-0.952,-0.137
1574114074440,2019-11-18T16:54:34.440,47.910,0.216,-0.967,-0.141
1574114074450,2019-11-18T16:54:34.450,47.920,0.219,-0.974,-0.131
1574114074460,2019-11-18T16:54:34.460,47.930,0.217,-0.969,-0.142
1574114074470,2019-11-18T16:54:34.470,47.940,0.207,-0.963,-0.155
1574114074480,2019-11-18T16:54:34.480,47.950,0.195,-0.957,-0.164
1574114074490,2019-11-18T16:54:34.490,47.960,0.193,-0.963,-0.167
1574114074500,2019-11-18T16:54:34.500,47.970,0.199,-0.967,-0.166
1574114074510,2019-11-18T16:54:34.510,47.980,0.199,-0.971,-0.163
1574114074520,2019-11-18T16:54:34.520,47.990,0.198,-0.968,-0.161
1574114074530,2019-11-18T16:54:34.530,48.000,0.194,-0.974,-0.155
1574114074540,2019-11-18T16:54:34.540,48.010,0.195,-0.977,-0.157
1574114074550,2019-11-18T16:54:34.550,48.020,0.190,-0.974,-0.154
1574114074560,2019-11-18T16:54:34.560,48.030,0.199,-0.981,-0.148
1574114074570,2019-11-18T16:54:34.570,48.040,0.207,-0.981,-0.148
1574114074580,2019-11-18T16:54:34.580,48.050,0.210,-0.971,-0.143
1574114074590,2019-11-18T16:54:34.590,48.060,0.208,-0.962,-0.137
1574114074600,2019-11-18T16:54:34.600,48.070,0.208,-0.965,-0.139
1574114074610,2019-11-18T16:54:34.610,48.080,0.211,-0.974,-0.129
1574114074620,2019-11-18T16:54:34.620,48.090,0.218,-0.983,-0.114
1574114074630,2019-11-18T16:54:34.630,48.100,0.224,-1.000,-0.107
1574114074640,2019-11-18T16:54:34.640,48.110,0.227,-0.998,-0.102
1574114074650,2019-11-18T16:54:34.650,48.120,0.222,-0.984,-0.095
1574114074660,2019-11-18T16:54:34.660,48.130,0.216,-0.974,-0.087
1574114074670,2019-11-18T16:54:34.670,48.140,0.214,-0.975,-0.073
1574114074680,2019-11-18T16:54:34.680,48.150,0.230,-0.966,-0.061
1574114074690,2019-11-18T16:54:34.690,48.160,0.245,-0.950,-0.049
1574114074700,2019-11-18T16:54:34.700,48.170,0.258,-0.933,-0.036
1574114074710,2019-11-18T16:54:34.710,48.180,0.263,-0.931,-0.035
1574114074720,2019-11-18T16:54:34.720,48.190,0.261,-0.937,-0.040
1574114074730,2019-11-18T16:54:34.730,48.200,0.253,-0.948,-0.046
1574114074740,2019-11-18T16:54:34.740,48.210,0.245,-0.972,-0.054
1574114074750,2019-11-18T16:54:34.750,48.220,0.235,-0.980,-0.069
1574114074760,2019-11-18T16:54:34.760,48.230,0.215,-0.967,-0.083
1574114074770,2019-11-18T16:54:34.770,48.240,0.199,-0.960,-0.086
1574114074780,2019-11-18T16:54:34.780,48.250,0.193,-0.959,-0.093
1574114074790,2019-11-18T16:54:34.790,48.260,0.183,-0.948,-0.098
1574114074800,2019-11-18T16:54:34.800,48.270,0.171,-0.940,-0.102
1574114074810,2019-11-18T16:54:34.810,48.280,0.169,-0.950,-0.100
1574114074820,2019-11-18T16:54:34.820,48.290,0.181,-0.958,-0.099
1574114074830,2019-11-18T16:54:34.830,48.300,0.181,-0.959,-0.098
1574114074840,2019-11-18T16:54:34.840,48.310,0.190,-0.951,-0.098
1574114074850,2019-11-18T16:54:34.850,48.320,0.191,-0.943,-0.092
1574114074860,2019-11-18T16:54:34.860,48.330,0.197,-0.941,-0.092
1574114074870,2019-11-18T16:54:34.870,48.340,0.208,-0.951,-0.090
1574114074880,2019-11-18T16:54:34.880,48.350,0.214,-0.971,-0.087
1574114074890,2019-11-18T16:54:34.890,48.360,0.218,-0.982,-0.083
1574114074900,2019-11-18T16:54:34.900,48.370,0.222,-0.977,-0.079
1574114074910,2019-11-18T16:54:34.910,48.380,0.224,-0.974,-0.079
1574114074920,2019-11-18T16:54:34.920,48.390,0.233,-0.984,-0.075
1574114074930,2019-11-18T16:54:34.930,48.400,0.230,-0.989,-0.073
1574114074940,2019-11-18T16:54:34.940,48.410,0.225,-0.980,-0.072
1574114074950,2019-11-18T16:54:34.950,48.420,0.223,-0.974,-0.069
1574114074960,2019-11-18T16:54:34.960,48.430,0.224,-0.979,-0.063
1574114074970,2019-11-18T16:54:34.970,48.440,0.225,-0.979,-0.059
1574114074980,2019-11-18T16:54:34.980,48.450,0.224,-0.962,-0.058
1574114074990,2019-11-18T16:54:34.990,48.460,0.212,-0.961,-0.059
1574114075000,2019-11-18T16:54:35.000,48.470,0.210,-0.975,-0.060
1574114075010,2019-11-18T16:54:35.010,48.480,0.215,-0.978,-0.056
1574114075020,2019-11-18T16:54:35.020,48.490,0.214,-0.970,-0.053
1574114075030,2019-11-18T16:54:35.030,48.500,0.217,-0.979,-0.054
1574114075040,2019-11-18T16:54:35.040,48.510,0.222,-0.987,-0.057
1574114075050,2019-11-18T16:54:35.050,48.520,0.227,-0.978,-0.055
1574114075060,2019-11-18T16:54:35.060,48.530,0.221,-0.962,-0.054
1574114075070,2019-11-18T16:54:35.070,48.540,0.217,-0.958,-0.058
1574114075080,2019-11-18T16:54:35.080,48.550,0.217,-0.956,-0.060
1574114075090,2019-11-18T16:54:35.090,48.560,0.214,-0.961,-0.060
1574114075100,2019-11-18T16:54:35.100,48.570,0.213,-0.966,-0.063
1574114075110,2019-11-18T16:54:35.110,48.580,0.206,-0.966,-0.072
1574114075120,2019-11-18T16:54:35.120,48.590,0.208,-0.972,-0.074
1574114075130,2019-11-18T16:54:35.130,48.600,0.208,-0.962,-0.075
1574114075140,2019-11-18T16:54:35.140,48.610,0.198,-0.935,-0.074
1574114075150,2019-11-18T16:54:35.150,48.620,0.192,-0.935,-0.082
1574114075160,2019-11-18T16:54:35.160,48.630,0.208,-0.977,-0.072
1574114075170,2019-11-18T16:54:35.170,48.640,0.216,-1.005,-0.067
1574114075180,2019-11-18T16:54:35.180,48.650,0.212,-1.019,-0.059
1574114075190,2019-11-18T16:54:35.190,48.660,0.211,-1.021,-0.058
1574114075200,2019-11-18T16:54:35.200,48.670,0.215,-1.003,-0.058
1574114075210,2019-11-18T16:54:35.210,48.680,0.214,-0.988,-0.061
1574114075220,2019-11-18T16:54:35.220,48.690,0.225,-0.974,-0.061
1574114075230,2019-11-18T16:54:35.230,48.700,0.234,-0.965,-0.055
1574114075240,2019-11-18T16:54:35.240,48.710,0.235,-0.957,-0.058
1574114075250,2019-11-18T16:54:35.250,48.720,0.232,-0.950,-0.063
1574114075260,2019-11-18T16:54:35.260,48.730,0.226,-0.965,-0.060
1574114075270,2019-11-18T16:54:35.270,48.740,0.229,-0.966,-0.066
1574114075280,2019-11-18T16:54:35.280,48.750,0.220,-0.949,-0.070
1574114075290,2019-11-18T16:54:35.290,48.760,0.211,-0.956,-0.067
1574114075300,2019-11-18T16:54:35.300,48.770,0.221,-0.988,-0.064
1574114075310,2019-11-18T16:54:35.310,48.780,0.219,-1.010,-0.063
1574114075320,2019-11-18T16:54:35.320,48.790,0.215,-0.996,-0.063
1574114075330,2019-11-18T16:54:35.330,48.800,0.209,-0.977,-0.064
1574114075340,2019-11-18T16:54:35.340,48.810,0.208,-0.967,-0.063
1574114075350,2019-11-18T16:54:35.350,48.820,0.210,-0.972,-0.056
1574114075360,2019-11-18T16:54:35.360,48.830,0.217,-0.977,-0.057
1574114075370,2019-11-18T16:54:35.370,48.840,0.218,-0.964,-0.055
1574114075380,2019-11-18T16:54:35.380,48.850,0.213,-0.953,-0.056
1574114075390,2019-11-18T16:54:35.390,48.860,0.217,-0.945,-0.058
1574114075400,2019-11-18T16:54:35.400,48.870,0.216,-0.952,-0.061
1574114075410,2019-11-18T16:54:35.410,48.880,0.220,-0.985,-0.063
1574114075420,2019-11-18T16:54:35.420,48.890,0.221,-1.020,-0.065
1574114075430,2019-11-18T16:54:35.430,48.900,0.225,-1.006,-0.064
1574114075440,2019-11-18T16:54:35.440,48.910,0.214,-0.981,-0.063
1574114075450,2019-11-18T16:54:35.450,48.920,0.216,-0.980,-0.067
1574114075460,2019-11-18T16:54:35.460,48.930,0.220,-0.986,-0.071
1574114075470,2019-11-18T16:54:35.470,48.940,0.217,-0.986,-0.075
1574114075480,2019-11-18T16:54:35.480,48.950,0.211,-0.965,-0.073
1574114075490,2019-11-18T16:54:35.490,48.960,0.207,-0.955,-0.071
1574114075500,2019-11-18T16:54:35.500,48.970,0.213,-0.951,-0.078
1574114075510,2019-11-18T16:54:35.510,48.980,0.210,-0.944,-0.075
1574114075520,2019-11-18T16:54:35.520,48.990,0.209,-0.950,-0.074
1574114075530,2019-11-18T16:54:35.530,49.000,0.215,-0.962,-0.074
1574114075540,2019-11-18T16:54:35.540,49.010,0.216,-0.955,-0.081
1574114075550,2019-11-18T16:54:35.550,49.020,0.200,-0.962,-0.086
1574114075560,2019-11-18T16:54:35.560,49.030,0.203,-0.987,-0.084
1574114075570,2019-11-18T16:54:35.570,49.040,0.212,-1.002,-0.079
1574114075580,2019-11-18T16:54:35.580,49.050,0.208,-0.987,-0.078
1574114075590,2019-11-18T16:54:35.590,49.060,0.205,-0.972,-0.072
1574114075600,2019-11-18T16:54:35.600,49.070,0.206,-0.993,-0.066
1574114075610,2019-11-18T16:54:35.610,49.080,0.224,-1.020,-0.064
1574114075620,2019-11-18T16:54:35.620,49.090,0.225,-0.994,-0.064
1574114075630,2019-11-18T16:54:35.630,49.100,0.210,-0.978,-0.058
1574114075640,2019-11-18T16:54:35.640,49.110,0.223,-0.994,-0.056
1574114075650,2019-11-18T16:54:35.650,49.120,0.231,-0.983,-0.056
1574114075660,2019-11-18T16:54:35.660,49.130,0.217,-0.951,-0.052
1574114075670,2019-11-18T16:54:35.670,49.140,0.210,-0.945,-0.053
1574114075680,2019-11-18T16:54:35.680,49.150,0.221,-0.951,-0.059
1574114075690,2019-11-18T16:54:35.690,49.160,0.215,-0.947,-0.057
1574114075700,2019-11-18T16:54:35.700,49.170,0.208,-0.962,-0.058
1574114075710,2019-11-18T16:54:35.710,49.180,0.216,-0.986,-0.065
1574114075720,2019-11-18T16:54:35.720,49.190,0.215,-0.983,-0.070
1574114075730,2019-11-18T16:54:35.730,49.200,0.206,-0.983,-0.065
1574114075740,2019-11-18T16:54:35.740,49.210,0.212,-0.989,-0.070
1574114075750,2019-11-18T16:54:35.750,49.220,0.213,-0.973,-0.070
1574114075760,2019-11-18T16:54:35.760,49.230,0.203,-0.949,-0.074
1574114075770,2019-11-18T16:54:35.770,49.240,0.189,-0.935,-0.079
1574114075780,2019-11-18T16:54:35.780,49.250,0.185,-0.949,-0.079
1574114075790,2019-11-18T16:54:35.790,49.260,0.198,-0.978,-0.077
1574114075800,2019-11-18T16:54:35.800,49.270,0.205,-0.996,-0.080
1574114075810,2019-11-18T16:54:35.810,49.280,0.198,-1.001,-0.079
1574114075820,2019-11-18T16:54:35.820,49.290,0.209,-1.004,-0.075
1574114075830,2019-11-18T16:54:35.830,49.300,0.218,-0.995,-0.068
1574114075840,2019-11-18T16:54:35.840,49.310,0.216,-0.992,-0.074
1574114075850,2019-11-18T16:54:35.850,49.320,0.207,-0.972,-0.079
1574114075860,2019-11-18T16:54:35.860,49.330,0.198,-0.965,-0.075
1574114075870,2019-11-18T16:54:35.870,49.340,0.208,-0.978,-0.076
1574114075880,2019-11-18T16:54:35.880,49.350,0.213,-0.973,-0.074
1574114075890,2019-11-18T16:54:35.890,49.360,0.207,-0.948,-0.068
1574114075900,2019-11-18T16:54:35.900,49.370,0.208,-0.935,-0.064
1574114075910,2019-11-18T16:54:35.910,49.380,0.223,-0.944,-0.066
1574114075920,2019-11-18T16:54:35.920,49.390,0.232,-0.964,-0.055
1574114075930,2019-11-18T16:54:35.930,49.400,0.241,-0.958,-0.046
1574114075940,2019-11-18T16:54:35.940,49.410,0.240,-0.946,-0.048
1574114075950,2019-11-18T16:54:35.950,49.420,0.237,-0.963,-0.050
1574114075960,2019-11-18T16:54:35.960,49.430,0.235,-0.985,-0.054
1574114075970,2019-11-18T16:54:35.970,49.440,0.232,-0.985,-0.053
1574114075980,2019-11-18T16:54:35.980,49.450,0.234,-0.976,-0.044
1574114075990,2019-11-18T16:54:35.990,49.460,0.246,-0.978,-0.044
1574114076000,2019-11-18T16:54:36.000,49.470,0.254,-1.002,-0.036
1574114076010,2019-11-18T16:54:36.010,49.480,0.253,-1.009,-0.040
1574114076020,2019-11-18T16:54:36.020,49.490,0.236,-0.971,-0.042
1574114076030,2019-11-18T16:54:36.030,49.500,0.233,-0.942,-0.038
1574114076040,2019-11-18T16:54:36.040,49.510,0.243,-0.948,-0.044
1574114076050,2019-11-18T16:54:36.050,49.520,0.241,-0.946,-0.053
1574114076060,2019-11-18T16:54:36.060,49.530,0.224,-0.937,-0.057
1574114076070,2019-11-18T16:54:36.070,49.540,0.218,-0.954,-0.054
1574114076080,2019-11-18T16:54:36.080,49.550,0.235,-0.980,-0.057
1574114076090,2019-11-18T16:54:36.090,49.560,0.233,-0.976,-0.059
1574114076100,2019-11-18T16:54:36.100,49.570,0.217,-0.962,-0.058
1574114076110,2019-11-18T16:54:36.110,49.580,0.224,-0.965,-0.063
1574114076120,2019-11-18T16:54:36.120,49.590,0.226,-0.973,-0.065
1574114076130,2019-11-18T16:54:36.130,49.600,0.230,-0.985,-0.051
1574114076140,2019-11-18T16:54:36.140,49.610,0.255,-1.011,-0.044
1574114076150,2019-11-18T16:54:36.150,49.620,0.271,-1.015,-0.042
1574114076160,2019-11-18T16:54:36.160,49.630,0.264,-0.987,-0.048
1574114076170,2019-11-18T16:54:36.170,49.640,0.241,-0.962,-0.052
1574114076180,2019-11-18T16:54:36.180,49.650,0.233,-0.950,-0.051
1574114076190,2019-11-18T16:54:36.190,49.660,0.242,-0.962,-0.056
1574114076200,2019-11-18T16:54:36.200,49.670,0.244,-0.960,-0.054
1574114076210,2019-11-18T16:54:36.210,49.680,0.236,-0.952,-0.061
1574114076220,2019-11-18T16:54:36.220,49.690,0.238,-0.962,-0.062
1574114076230,2019-11-18T16:54:36.230,49.700,0.244,-0.971,-0.057
1574114076240,2019-11-18T16:54:36.240,49.710,0.249,-0.974,-0.052
1574114076250,2019-11-18T16:54:36.250,49.720,0.246,-0.976,-0.050
1574114076260,2019-11-18T16:54:36.260,49.730,0.245,-0.977,-0.054
1574114076270,2019-11-18T16:54:36.270,49.740,0.241,-0.968,-0.059
1574114076280,2019-11-18T16:54:36.280,49.750,0.238,-0.965,-0.061
1574114076290,2019-11-18T16:54:36.290,49.760,0.236,-0.968,-0.062
1574114076300,2019-11-18T16:54:36.300,49.770,0.232,-0.969,-0.067
1574114076310,2019-11-18T16:54:36.310,49.780,0.227,-0.960,-0.074
1574114076320,2019-11-18T16:54:36.320,49.790,0.216,-0.958,-0.074
1574114076330,2019-11-18T16:54:36.330,49.800,0.221,-0.973,-0.073
1574114076340,2019-11-18T16:54:36.340,49.810,0.227,-0.979,-0.071
1574114076350,2019-11-18T16:54:36.350,49.820,0.228,-0.984,-0.069
1574114076360,2019-11-18T16:54:36.360,49.830,0.230,-0.974,-0.075
1574114076370,2019-11-18T16:54:36.370,49.840,0.227,-0.958,-0.079
1574114076380,2019-11-18T16:54:36.380,49.850,0.220,-0.972,-0.079
1574114076390,2019-11-18T16:54:36.390,49.860,0.215,-0.994,-0.082
1574114076400,2019-11-18T16:54:36.400,49.870,0.215,-1.001,-0.080
1574114076410,2019-11-18T16:54:36.410,49.880,0.213,-0.975,-0.081
1574114076420,2019-11-18T16:54:36.420,49.890,0.207,-0.950,-0.080
1574114076430,2019-11-18T16:54:36.430,49.900,0.211,-0.979,-0.078
1574114076440,2019-11-18T16:54:36.440,49.910,0.203,-1.009,-0.074
1574114076450,2019-11-18T16:54:36.450,49.920,0.186,-1.006,-0.076
1574114076460,2019-11-18T16:54:36.460,49.930,0.184,-0.932,-0.080
1574114076470,2019-11-18T16:54:36.470,49.940,0.167,-0.902,-0.079
1574114076480,2019-11-18T16:54:36.480,49.950,0.190,-0.971,-0.074
1574114076490,2019-11-18T16:54:36.490,49.960,0.222,-1.002,-0.072
1574114076500,2019-11-18T16:54:36.500,49.970,0.218,-0.975,-0.056
1574114076510,2019-11-18T16:54:36.510,49.980,0.226,-0.982,-0.043
1574114076520,2019-11-18T16:54:36.520,49.990,0.249,-1.018,-0.041
1574114076530,2019-11-18T16:54:36.530,50.000,0.265,-1.018,-0.038
1574114076540,2019-11-18T16:54:36.540,50.010,0.270,-0.964,-0.032
1574114076550,2019-11-18T16:54:36.550,50.020,0.274,-0.940,-0.025
1574114076560,2019-11-18T16:54:36.560,50.030,0.296,-0.925,-0.028
1574114076570,2019-11-18T16:54:36.570,50.040,0.305,-0.908,-0.025
1574114076580,2019-11-18T16:54:36.580,50.050,0.280,-0.930,-0.029
1574114076590,2019-11-18T16:54:36.590,50.060,0.255,-0.948,-0.041
1574114076600,2019-11-18T16:54:36.600,50.070,0.258,-0.949,-0.036
1574114076610,2019-11-18T16:54:36.610,50.080,0.292,-0.968,-0.038
1574114076620,2019-11-18T16:54:36.620,50.090,0.309,-0.959,-0.048
1574114076630,2019-11-18T16:54:36.630,50.100,0.285,-0.931,-0.052
1574114076640,2019-11-18T16:54:36.640,50.110,0.274,-0.938,-0.043
1574114076650,2019-11-18T16:54:36.650,50.120,0.283,-0.955,-0.053
1574114076660,2019-11-18T16:54:36.660,50.130,0.287,-0.962,-0.058
1574114076670,2019-11-18T16:54:36.670,50.140,0.280,-0.963,-0.070
1574114076680,2019-11-18T16:54:36.680,50.150,0.263,-0.978,-0.076
1574114076690,2019-11-18T16:54:36.690,50.160,0.253,-0.992,-0.078
1574114076700,2019-11-18T16:54:36.700,50.170,0.245,-0.979,-0.086
1574114076710,2019-11-18T16:54:36.710,50.180,0.234,-0.961,-0.092
1574114076720,2019-11-18T16:54:36.720,50.190,0.221,-0.969,-0.095
1574114076730,2019-11-18T16:54:36.730,50.200,0.216,-1.000,-0.094
1574114076740,2019-11-18T16:54:36.740,50.210,0.228,-1.038,-0.094
1574114076750,2019-11-18T16:54:36.750,50.220,0.230,-1.047,-0.099
1574114076760,2019-11-18T16:54:36.760,50.230,0.228,-1.032,-0.102
1574114076770,2019-11-18T16:54:36.770,50.240,0.221,-1.019,-0.099
1574114076780,2019-11-18T16:54:36.780,50.250,0.229,-1.006,-0.087
1574114076790,2019-11-18T16:54:36.790,50.260,0.242,-1.016,-0.081
1574114076800,2019-11-18T16:54:36.800,50.270,0.260,-1.013,-0.073
1574114076810,2019-11-18T16:54:36.810,50.280,0.268,-0.983,-0.063
1574114076820,2019-11-18T16:54:36.820,50.290,0.271,-0.967,-0.055
1574114076830,2019-11-18T16:54:36.830,50.300,0.279,-0.965,-0.049
1574114076840,2019-11-18T16:54:36.840,50.310,0.280,-0.975,-0.039
1574114076850,2019-11-18T16:54:36.850,50.320,0.296,-0.995,-0.035
1574114076860,2019-11-18T16:54:36.860,50.330,0.313,-0.969,-0.030
1574114076870,2019-11-18T16:54:36.870,50.340,0.311,-0.912,-0.023
1574114076880,2019-11-18T16:54:36.880,50.350,0.301,-0.886,-0.011
1574114076890,2019-11-18T16:54:36.890,50.360,0.308,-0.907,-0.000
1574114076900,2019-11-18T16:54:36.900,50.370,0.325,-0.920,0.003
1574114076910,2019-11-18T16:54:36.910,50.380,0.319,-0.915,0.009
1574114076920,2019-11-18T16:54:36.920,50.390,0.319,-0.908,0.018
1574114076930,2019-11-18T16:54:36.930,50.400,0.326,-0.921,0.023
1574114076940,2019-11-18T16:54:36.940,50.410,0.331,-0.937,0.029
1574114076950,2019-11-18T16:54:36.950,50.420,0.333,-0.928,0.035
1574114076960,2019-11-18T16:54:36.960,50.430,0.327,-0.928,0.030
1574114076970,2019-11-18T16:54:36.970,50.440,0.316,-0.934,0.025
1574114076980,2019-11-18T16:54:36.980,50.450,0.312,-0.928,0.031
1574114076990,2019-11-18T16:54:36.990,50.460,0.323,-0.929,0.029
1574114077000,2019-11-18T16:54:37.000,50.470,0.314,-0.932,0.028
1574114077010,2019-11-18T16:54:37.010,50.480,0.294,-0.936,0.030
1574114077020,2019-11-18T16:54:37.020,50.490,0.279,-0.942,0.035
1574114077030,2019-11-18T16:54:37.030,50.500,0.269,-0.958,0.035
1574114077040,2019-11-18T16:54:37.040,50.510,0.257,-0.966,0.030
1574114077050,2019-11-18T16:54:37.050,50.520,0.250,-0.989,0.039
1574114077060,2019-11-18T16:54:37.060,50.530,0.261,-1.029,0.036
1574114077070,2019-11-18T16:54:37.070,50.540,0.264,-1.042,0.032
1574114077080,2019-11-18T16:54:37.080,50.550,0.253,-1.026,0.034
1574114077090,2019-11-18T16:54:37.090,50.560,0.246,-1.000,0.039
1574114077100,2019-11-18T16:54:37.100,50.570,0.249,-0.993,0.044
1574114077110,2019-11-18T16:54:37.110,50.580,0.260,-0.990,0.041
1574114077120,2019-11-18T16:54:37.120,50.590,0.259,-0.968,0.046
1574114077130,2019-11-18T16:54:37.130,50.600,0.257,-0.951,0.049
1574114077140,2019-11-18T16:54:37.140,50.610,0.263,-0.963,0.050
1574114077150,2019-11-18T16:54:37.150,50.620,0.267,-0.968,0.053
1574114077160,2019-11-18T16:54:37.160,50.630,0.276,-0.962,0.057
1574114077170,2019-11-18T16:54:37.170,50.640,0.288,-0.962,0.042
1574114077180,2019-11-18T16:54:37.180,50.650,0.285,-0.964,0.033
1574114077190,2019-11-18T16:54:37.190,50.660,0.277,-0.943,0.024
1574114077200,2019-11-18T16:54:37.200,50.670,0.272,-0.918,0.021
1574114077210,2019-11-18T16:54:37.210,50.680,0.285,-0.944,0.022
1574114077220,2019-11-18T16:54:37.220,50.690,0.294,-0.952,0.020
1574114077230,2019-11-18T16:54:37.230,50.700,0.285,-0.929,0.014
1574114077240,2019-11-18T16:54:37.240,50.710,0.274,-0.915,0.013
1574114077250,2019-11-18T16:54:37.250,50.720,0.277,-0.931,0.016
1574114077260,2019-11-18T16:54:37.260,50.730,0.287,-0.962,0.012
1574114077270,2019-11-18T16:54:37.270,50.740,0.282,-0.979,0.013
1574114077280,2019-11-18T16:54:37.280,50.750,0.277,-0.968,0.012
1574114077290,2019-11-18T16:54:37.290,50.760,0.278,-0.959,0.009
1574114077300,2019-11-18T16:54:37.300,50.770,0.269,-0.973,0.004
1574114077310,2019-11-18T16:54:37.310,50.780,0.265,-0.993,-0.002
1574114077320,2019-11-18T16:54:37.320,50.790,0.267,-0.994,-0.011
1574114077330,2019-11-18T16:54:37.330,50.800,0.251,-0.988,-0.013
1574114077340,2019-11-18T16:54:37.340,50.810,0.241,-0.994,-0.013
1574114077350,2019-11-18T16:54:37.350,50.820,0.239,-0.996,-0.016
1574114077360,2019-11-18T16:54:37.360,50.830,0.240,-0.989,-0.021
1574114077370,2019-11-18T16:54:37.370,50.840,0.230,-0.982,-0.022
1574114077380,2019-11-18T16:54:37.380,50.850,0.220,-0.978,-0.021
1574114077390,2019-11-18T16:54:37.390,50.860,0.221,-0.974,-0.017
1574114077400,2019-11-18T16:54:37.400,50.870,0.220,-0.971,-0.019
1574114077410,2019-11-18T16:54:37.410,50.880,0.217,-0.970,-0.021
1574114077420,2019-11-18T16:54:37.420,50.890,0.220,-0.969,-0.016
1574114077430,2019-11-18T16:54:37.430,50.900,0.222,-0.979,-0.013
1574114077440,2019-11-18T16:54:37.440,50.910,0.220,-0.985,-0.008
1574114077450,2019-11-18T16:54:37.450,50.920,0.218,-0.978,-0.004
1574114077460,2019-11-18T16:54:37.460,50.930,0.222,-0.975,0.003
1574114077470,2019-11-18T16:54:37.470,50.940,0.229,-0.980,0.012
1574114077480,2019-11-18T16:54:37.480,50.950,0.230,-0.988,0.021
1574114077490,2019-11-18T16:54:37.490,50.960,0.236,-0.978,0.032
1574114077500,2019-11-18T16:54:37.500,50.970,0.236,-0.955,0.037
1574114077510,2019-11-18T16:54:37.510,50.980,0.234,-0.954,0.038
1574114077520,2019-11-18T16:54:37.520,50.990,0.237,-0.975,0.033
1574114077530,2019-11-18T16:54:37.530,51.000,0.242,-0.971,0.027
1574114077540,2019-11-18T16:54:37.540,51.010,0.232,-0.951,0.028
1574114077550,2019-11-18T16:54:37.550,51.020,0.232,-0.955,0.029
1574114077560,2019-11-18T16:54:37.560,51.030,0.240,-0.966,0.027
1574114077570,2019-11-18T16:54:37.570,51.040,0.233,-0.964,0.029
1574114077580,2019-11-18T16:54:37.580,51.050,0.227,-0.965,0.028
1574114077590,2019-11-18T16:54:37.590,51.060,0.228,-0.971,0.023
1574114077600,2019-11-18T16:54:37.600,51.070,0.226,-0.979,0.018
1574114077610,2019-11-18T16:54:37.610,51.080,0.228,-0.987,0.014
1574114077620,2019-11-18T16:54:37.620,51.090,0.228,-0.990,0.013
1574114077630,2019-11-18T16:54:37.630,51.100,0.221,-0.986,0.011
1574114077640,2019-11-18T16:54:37.640,51.110,0.221,-0.988,0.007
1574114077650,2019-11-18T16:54:37.650,51.120,0.225,-0.995,-0.001
1574114077660,2019-11-18T16:54:37.660,51.130,0.231,-0.984,-0.003
1574114077670,2019-11-18T16:54:37.670,51.140,0.231,-0.976,-0.007
1574114077680,2019-11-18T16:54:37.680,51.150,0.236,-0.980,-0.007
1574114077690,2019-11-18T16:54:37.690,51.160,0.244,-0.986,-0.010
1574114077700,2019-11-18T16:54:37.700,51.170,0.245,-0.978,-0.012
1574114077710,2019-11-18T16:54:37.710,51.180,0.239,-0.975,-0.014
1574114077720,2019-11-18T16:54:37.720,51.190,0.229,-0.966,-0.018
1574114077730,2019-11-18T16:54:37.730,51.200,0.222,-0.965,-0.022
1574114077740,2019-11-18T16:54:37.740,51.210,0.223,-0.984,-0.028
1574114077750,2019-11-18T16:54:37.750,51.220,0.221,-0.986,-0.039
1574114077760,2019-11-18T16:54:37.760,51.230,0.210,-0.977,-0.041
1574114077770,2019-11-18T16:54:37.770,51.240,0.213,-0.996,-0.041
1574114077780,2019-11-18T16:54:37.780,51.250,0.217,-1.008,-0.047
1574114077790,2019-11-18T16:54:37.790,51.260,0.203,-1.001,-0.051
1574114077800,2019-11-18T16:54:37.800,51.270,0.202,-0.985,-0.047
1574114077810,2019-11-18T16:54:37.810,51.280,0.208,-0.990,-0.048
1574114077820,2019-11-18T16:54:37.820,51.290,0.202,-0.998,-0.046
1574114077830,2019-11-18T16:54:37.830,51.300,0.199,-0.990,-0.039
1574114077840,2019-11-18T16:54:37.840,51.310,0.207,-0.978,-0.037
1574114077850,2019-11-18T16:54:37.850,51.320,0.214,-0.974,-0.034
1574114077860,2019-11-18T16:54:37.860,51.330,0.208,-0.978,-0.033
1574114077870,2019-11-18T16:54:37.870,51.340,0.202,-0.976,-0.032
1574114077880,2019-11-18T16:54:37.880,51.350,0.192,-0.961,-0.040
1574114077890,2019-11-18T16:54:37.890,51.360,0.175,-0.958,-0.048
1574114077900,2019-11-18T16:54:37.900,51.370,0.160,-0.993,-0.049
1574114077910,2019-11-18T16:54:37.910,51.380,0.173,-0.992,-0.046
1574114077920,2019-11-18T16:54:37.920,51.390,0.176,-0.961,-0.038
1574114077930,2019-11-18T16:54:37.930,51.400,0.175,-0.957,-0.037
1574114077940,2019-11-18T16:54:37.940,51.410,0.175,-0.961,-0.042
1574114077950,2019-11-18T16:54:37.950,51.420,0.165,-0.964,-0.046
1574114077960,2019-11-18T16:54:37.960,51.430,0.161,-0.959,-0.051
1574114077970,2019-11-18T16:54:37.970,51.440,0.160,-0.957,-0.054
1574114077980,2019-11-18T16:54:37.980,51.450,0.158,-0.965,-0.049
1574114077990,2019-11-18T16:54:37.990,51.460,0.164,-0.973,-0.043
1574114078000,2019-11-18T16:54:38.000,51.470,0.175,-0.971,-0.039
1574114078010,2019-11-18T16:54:38.010,51.480,0.179,-0.973,-0.039
1574114078020,2019-11-18T16:54:38.020,51.490,0.172,-0.981,-0.039
1574114078030,2019-11-18T16:54:38.030,51.500,0.164,-0.995,-0.045
1574114078040,2019-11-18T16:54:38.040,51.510,0.160,-0.995,-0.050
1574114078050,2019-11-18T16:54:38.050,51.520,0.156,-0.986,-0.055
1574114078060,2019-11-18T16:54:38.060,51.530,0.154,-0.988,-0.063
1574114078070,2019-11-18T16:54:38.070,51.540,0.154,-0.997,-0.063
1574114078080,2019-11-18T16:54:38.080,51.550,0.156,-0.991,-0.064
1574114078090,2019-11-18T16:54:38.090,51.560,0.159,-0.990,-0.065
1574114078100,2019-11-18T16:54:38.100,51.570,0.164,-0.997,-0.063
1574114078110,2019-11-18T16:54:38.110,51.580,0.164,-0.995,-0.062
1574114078120,2019-11-18T16:54:38.120,51.590,0.163,-0.978,-0.056
1574114078130,2019-11-18T16:54:38.130,51.600,0.162,-0.972,-0.058
1574114078140,2019-11-18T16:54:38.140,51.610,0.164,-0.977,-0.053
1574114078150,2019-11-18T16:54:38.150,51.620,0.166,-0.980,-0.054
1574114078160,2019-11-18T16:54:38.160,51.630,0.169,-0.982,-0.055
1574114078170,2019-11-18T16:54:38.170,51.640,0.176,-0.979,-0.055
1574114078180,2019-11-18T16:54:38.180,51.650,0.179,-0.973,-0.052
1574114078190,2019-11-18T16:54:38.190,51.660,0.183,-0.970,-0.048
1574114078200,2019-11-18T16:54:38.200,51.670,0.193,-0.979,-0.047
1574114078210,2019-11-18T16:54:38.210,51.680,0.193,-0.976,-0.046
1574114078220,2019-11-18T16:54:38.220,51.690,0.195,-0.976,-0.045
1574114078230,2019-11-18T16:54:38.230,51.700,0.194,-0.979,-0.048
1574114078240,2019-11-18T16:54:38.240,51.710,0.194,-0.977,-0.046
1574114078250,2019-11-18T16:54:38.250,51.720,0.196,-0.978,-0.040
1574114078260,2019-11-18T16:54:38.260,51.730,0.200,-0.977,-0.040
1574114078270,2019-11-18T16:54:38.270,51.740,0.201,-0.980,-0.040
1574114078280,2019-11-18T16:54:38.280,51.750,0.202,-0.981,-0.042
1574114078290,2019-11-18T16:54:38.290,51.760,0.207,-0.979,-0.040
1574114078300,2019-11-18T16:54:38.300,51.770,0.211,-0.983,-0.037
1574114078310,2019-11-18T16:54:38.310,51.780,0.210,-0.981,-0.037
1574114078320,2019-11-18T16:54:38.320,51.790,0.208,-0.976,-0.040
1574114078330,2019-11-18T16:54:38.330,51.800,0.210,-0.974,-0.041
1574114078340,2019-11-18T16:54:38.340,51.810,0.211,-0.973,-0.042
1574114078350,2019-11-18T16:54:38.350,51.820,0.218,-0.979,-0.040
1574114078360,2019-11-18T16:54:38.360,51.830,0.227,-0.981,-0.037
1574114078370,2019-11-18T16:54:38.370,51.840,0.228,-0.976,-0.032
1574114078380,2019-11-18T16:54:38.380,51.850,0.232,-0.974,-0.029
1574114078390,2019-11-18T16:54:38.390,51.860,0.236,-0.980,-0.031
1574114078400,2019-11-18T16:54:38.400,51.870,0.236,-0.977,-0.032
1574114078410,2019-11-18T16:54:38.410,51.880,0.230,-0.976,-0.030
1574114078420,2019-11-18T16:54:38.420,51.890,0.235,-0.986,-0.031
1574114078430,2019-11-18T16:54:38.430,51.900,0.234,-0.986,-0.031
1574114078440,2019-11-18T16:54:38.440,51.910,0.233,-0.980,-0.032
1574114078450,2019-11-18T16:54:38.450,51.920,0.230,-0.986,-0.033
1574114078460,2019-11-18T16:54:38.460,51.930,0.234,-0.985,-0.026
1574114078470,2019-11-18T16:54:38.470,51.940,0.237,-0.979,-0.025
1574114078480,2019-11-18T16:54:38.480,51.950,0.239,-0.971,-0.026
1574114078490,2019-11-18T16:54:38.490,51.960,0.242,-0.968,-0.022
1574114078500,2019-11-18T16:54:38.500,51.970,0.247,-0.970,-0.019
1574114078510,2019-11-18T16:54:38.510,51.980,0.247,-0.968,-0.021
1574114078520,2019-11-18T16:54:38.520,51.990,0.244,-0.963,-0.017
1574114078530,2019-11-18T16:54:38.530,52.000,0.244,-0.962,-0.012
1574114078540,2019-11-18T16:54:38.540,52.010,0.242,-0.964,-0.018
1574114078550,2019-11-18T16:54:38.550,52.020,0.240,-0.959,-0.020
1574114078560,2019-11-18T16:54:38.560,52.030,0.239,-0.957,-0.023
1574114078570,2019-11-18T16:54:38.570,52.040,0.241,-0.963,-0.026
1574114078580,2019-11-18T16:54:38.580,52.050,0.237,-0.970,-0.027
1574114078590,2019-11-18T16:54:38.590,52.060,0.228,-0.972,-0.039
1574114078600,2019-11-18T16:54:38.600,52.070,0.221,-0.975,-0.044
1574114078610,2019-11-18T16:54:38.610,52.080,0.214,-0.975,-0.055
1574114078620,2019-11-18T16:54:38.620,52.090,0.199,-0.965,-0.068
1574114078630,2019-11-18T16:54:38.630,52.100,0.176,-0.961,-0.085
1574114078640,2019-11-18T16:54:38.640,52.110,0.167,-0.965,-0.094
1574114078650,2019-11-18T16:54:38.650,52.120,0.167,-0.973,-0.100
1574114078660,2019-11-18T16:54:38.660,52.130,0.161,-0.975,-0.108
1574114078670,2019-11-18T16:54:38.670,52.140,0.154,-0.975,-0.110
1574114078680,2019-11-18T16:54:38.680,52.150,0.165,-0.975,-0.103
1574114078690,2019-11-18T16:54:38.690,52.160,0.185,-0.971,-0.094
1574114078700,2019-11-18T16:54:38.700,52.170,0.196,-0.971,-0.085
1574114078710,2019-11-18T16:54:38.710,52.180,0.208,-0.968,-0.075
1574114078720,2019-11-18T16:54:38.720,52.190,0.224,-0.965,-0.067
1574114078730,2019-11-18T16:54:38.730,52.200,0.243,-0.967,-0.055
1574114078740,2019-11-18T16:54:38.740,52.210,0.262,-0.968,-0.042
1574114078750,2019-11-18T16:54:38.750,52.220,0.280,-0.969,-0.029
1574114078760,2019-11-18T16:54:38.760,52.230,0.301,-0.968,-0.021
1574114078770,2019-11-18T16:54:38.770,52.240,0.320,-0.967,-0.011
1574114078780,2019-11-18T16:54:38.780,52.250,0.331,-0.959,-0.000
1574114078790,2019-11-18T16:54:38.790,52.260,0.344,-0.956,0.011
1574114078800,2019-11-18T16:54:38.800,52.270,0.357,-0.961,0.017
1574114078810,2019-11-18T16:54:38.810,52.280,0.361,-0.959,0.019
1574114078820,2019-11-18T16:54:38.820,52.290,0.359,-0.951,0.020
1574114078830,2019-11-18T16:54:38.830,52.300,0.360,-0.954,0.021
1574114078840,2019-11-18T16:54:38.840,52.310,0.362,-0.963,0.020
1574114078850,2019-11-18T16:54:38.850,52.320,0.364,-0.962,0.019
1574114078860,2019-11-18T16:54:38.860,52.330,0.360,-0.956,0.017
1574114078870,2019-11-18T16:54:38.870,52.340,0.354,-0.953,0.014
1574114078880,2019-11-18T16:54:38.880,52.350,0.349,-0.959,0.013
1574114078890,2019-11-18T16:54:38.890,52.360,0.344,-0.962,0.006
1574114078900,2019-11-18T16:54:38.900,52.370,0.336,-0.961,0.003
1574114078910,2019-11-18T16:54:38.910,52.380,0.326,-0.973,-0.005
1574114078920,2019-11-18T16:54:38.920,52.390,0.327,-0.982,-0.007
1574114078930,2019-11-18T16:54:38.930,52.400,0.323,-0.977,-0.006
1574114078940,2019-11-18T16:54:38.940,52.410,0.315,-0.967,-0.011
1574114078950,2019-11-18T16:54:38.950,52.420,0.305,-0.959,-0.013
1574114078960,2019-11-18T16:54:38.960,52.430,0.298,-0.954,-0.015
1574114078970,2019-11-18T16:54:38.970,52.440,0.299,-0.954,-0.014
1574114078980,2019-11-18T16:54:38.980,52.450,0.301,-0.956,-0.017
1574114078990,2019-11-18T16:54:38.990,52.460,0.297,-0.955,-0.020
1574114079000,2019-11-18T16:54:39.000,52.470,0.292,-0.952,-0.020
1574114079010,2019-11-18T16:54:39.010,52.480,0.289,-0.950,-0.021
1574114079020,2019-11-18T16:54:39.020,52.490,0.291,-0.951,-0.021
1574114079030,2019-11-18T16:54:39.030,52.500,0.289,-0.948,-0.023
1574114079040,2019-11-18T16:54:39.040,52.510,0.282,-0.943,-0.023
1574114079050,2019-11-18T16:54:39.050,52.520,0.277,-0.945,-0.024
1574114079060,2019-11-18T16:54:39.060,52.530,0.282,-0.950,-0.024
1574114079070,2019-11-18T16:54:39.070,52.540,0.285,-0.951,-0.023
1574114079080,2019-11-18T16:54:39.080,52.550,0.280,-0.951,-0.025
1574114079090,2019-11-18T16:54:39.090,52.560,0.276,-0.952,-0.021
1574114079100,2019-11-18T16:54:39.100,52.570,0.286,-0.958,-0.023
1574114079110,2019-11-18T16:54:39.110,52.580,0.288,-0.962,-0.023
1574114079120,2019-11-18T16:54:39.120,52.590,0.287,-0.959,-0.023
1574114079130,2019-11-18T16:54:39.130,52.600,0.287,-0.962,-0.027
1574114079140,2019-11-18T16:54:39.140,52.610,0.289,-0.965,-0.027
1574114079150,2019-11-18T16:54:39.150,52.620,0.287,-0.950,-0.028
1574114079160,2019-11-18T16:54:39.160,52.630,0.283,-0.940,-0.026
1574114079170,2019-11-18T16:54:39.170,52.640,0.291,-0.957,-0.030
1574114079180,2019-11-18T16:54:39.180,52.650,0.295,-0.966,-0.030
1574114079190,2019-11-18T16:54:39.190,52.660,0.292,-0.965,-0.033
1574114079200,2019-11-18T16:54:39.200,52.670,0.291,-0.966,-0.033
1574114079210,2019-11-18T16:54:39.210,52.680,0.295,-0.972,-0.035
1574114079220,2019-11-18T16:54:39.220,52.690,0.295,-0.973,-0.036
1574114079230,2019-11-18T16:54:39.230,52.700,0.293,-0.972,-0.034
1574114079240,2019-11-18T16:54:39.240,52.710,0.291,-0.971,-0.034
1574114079250,2019-11-18T16:54:39.250,52.720,0.292,-0.973,-0.032
1574114079260,2019-11-18T16:54:39.260,52.730,0.288,-0.972,-0.032
1574114079270,2019-11-18T16:54:39.270,52.740,0.287,-0.968,-0.032
1574114079280,2019-11-18T16:54:39.280,52.750,0.285,-0.968,-0.034
1574114079290,2019-11-18T16:54:39.290,52.760,0.287,-0.967,-0.034
1574114079300,2019-11-18T16:54:39.300,52.770,0.290,-0.965,-0.036
1574114079310,2019-11-18T16:54:39.310,52.780,0.286,-0.962,-0.036
1574114079320,2019-11-18T16:54:39.320,52.790,0.286,-0.958,-0.035
1574114079330,2019-11-18T16:54:39.330,52.800,0.287,-0.954,-0.032
1574114079340,2019-11-18T16:54:39.340,52.810,0.286,-0.955,-0.032
1574114079350,2019-11-18T16:54:39.350,52.820,0.288,-0.958,-0.030
1574114079360,2019-11-18T16:54:39.360,52.830,0.286,-0.961,-0.029
1574114079370,2019-11-18T16:54:39.370,52.840,0.282,-0.953,-0.031
1574114079380,2019-11-18T16:54:39.380,52.850,0.282,-0.954,-0.029
1574114079390,2019-11-18T16:54:39.390,52.860,0.287,-0.964,-0.031
1574114079400,2019-11-18T16:54:39.400,52.870,0.288,-0.967,-0.027
1574114079410,2019-11-18T16:54:39.410,52.880,0.285,-0.961,-0.026
1574114079420,2019-11-18T16:54:39.420,52.890,0.283,-0.958,-0.024
1574114079430,2019-11-18T16:54:39.430,52.900,0.285,-0.958,-0.022
1574114079440,2019-11-18T16:54:39.440,52.910,0.287,-0.961,-0.024
1574114079450,2019-11-18T16:54:39.450,52.920,0.284,-0.960,-0.027
1574114079460,2019-11-18T16:54:39.460,52.930,0.284,-0.958,-0.027
1574114079470,2019-11-18T16:54:39.470,52.940,0.281,-0.962,-0.026
1574114079480,2019-11-18T16:54:39.480,52.950,0.282,-0.960,-0.029
1574114079490,2019-11-18T16:54:39.490,52.960,0.279,-0.955,-0.031
1574114079500,2019-11-18T16:54:39.500,52.970,0.279,-0.954,-0.029
1574114079510,2019-11-18T16:54:39.510,52.980,0.283,-0.957,-0.028
1574114079520,2019-11-18T16:54:39.520,52.990,0.282,-0.956,-0.026
1574114079530,2019-11-18T16:54:39.530,53.000,0.284,-0.952,-0.024
1574114079540,2019-11-18T16:54:39.540,53.010,0.289,-0.958,-0.021
1574114079550,2019-11-18T16:54:39.550,53.020,0.296,-0.965,-0.021
1574114079560,2019-11-18T16:54:39.560,53.030,0.309,-0.968,-0.014
1574114079570,2019-11-18T16:54:39.570,53.040,0.313,-0.964,-0.010
1574114079580,2019-11-18T16:54:39.580,53.050,0.319,-0.966,-0.005
1574114079590,2019-11-18T16:54:39.590,53.060,0.326,-0.972,-0.006
1574114079600,2019-11-18T16:54:39.600,53.070,0.322,-0.967,-0.003
1574114079610,2019-11-18T16:54:39.610,53.080,0.323,-0.960,-0.005
1574114079620,2019-11-18T16:54:39.620,53.090,0.319,-0.957,-0.010
1574114079630,2019-11-18T16:54:39.630,53.100,0.311,-0.953,-0.017
1574114079640,2019-11-18T16:54:39.640,53.110,0.292,-0.948,-0.021
1574114079650,2019-11-18T16:54:39.650,53.120,0.282,-0.938,-0.024
1574114079660,2019-11-18T16:54:39.660,53.130,0.273,-0.938,-0.030
1574114079670,2019-11-18T16:54:39.670,53.140,0.266,-0.938,-0.033
1574114079680,2019-11-18T16:54:39.680,53.150,0.257,-0.935,-0.036
1574114079690,2019-11-18T16:54:39.690,53.160,0.241,-0.926,-0.038
1574114079700,2019-11-18T16:54:39.700,53.170,0.246,-0.936,-0.044
1574114079710,2019-11-18T16:54:39.710,53.180,0.255,-0.962,-0.053
1574114079720,2019-11-18T16:54:39.720,53.190,0.250,-0.972,-0.051
1574114079730,2019-11-18T16:54:39.730,53.200,0.252,-0.970,-0.047
1574114079740,2019-11-18T16:54:39.740,53.210,0.259,-0.979,-0.045
1574114079750,2019-11-18T16:54:39.750,53.220,0.268,-0.993,-0.045
1574114079760,2019-11-18T16:54:39.760,53.230,0.265,-1.004,-0.042
1574114079770,2019-11-18T16:54:39.770,53.240,0.261,-1.021,-0.042
1574114079780,2019-11-18T16:54:39.780,53.250,0.268,-1.032,-0.043
1574114079790,2019-11-18T16:54:39.790,53.260,0.273,-1.022,-0.046
1574114079800,2019-11-18T16:54:39.800,53.270,0.271,-1.004,-0.046
1574114079810,2019-11-18T16:54:39.810,53.280,0.272,-0.990,-0.045
1574114079820,2019-11-18T16:54:39.820,53.290,0.276,-0.973,-0.044
1574114079830,2019-11-18T16:54:39.830,53.300,0.278,-0.951,-0.042
1574114079840,2019-11-18T16:54:39.840,53.310,0.273,-0.931,-0.035
1574114079850,2019-11-18T16:54:39.850,53.320,0.272,-0.928,-0.033
1574114079860,2019-11-18T16:54:39.860,53.330,0.274,-0.935,-0.035
1574114079870,2019-11-18T16:54:39.870,53.340,0.271,-0.930,-0.031
1574114079880,2019-11-18T16:54:39.880,53.350,0.273,-0.926,-0.025
1574114079890,2019-11-18T16:54:39.890,53.360,0.273,-0.937,-0.021
1574114079900,2019-11-18T16:54:39.900,53.370,0.272,-0.948,-0.018
1574114079910,2019-11-18T16:54:39.910,53.380,0.273,-0.954,-0.015
1574114079920,2019-11-18T16:54:39.920,53.390,0.272,-0.958,-0.015
1574114079930,2019-11-18T16:54:39.930,53.400,0.275,-0.954,-0.011
1574114079940,2019-11-18T16:54:39.940,53.410,0.277,-0.951,-0.012
1574114079950,2019-11-18T16:54:39.950,53.420,0.278,-0.949,-0.012
1574114079960,2019-11-18T16:54:39.960,53.430,0.280,-0.957,-0.010
1574114079970,2019-11-18T16:54:39.970,53.440,0.283,-0.958,-0.012
1574114079980,2019-11-18T16:54:39.980,53.450,0.286,-0.953,-0.010
1574114079990,2019-11-18T16:54:39.990,53.460,0.289,-0.953,-0.012
1574114080000,2019-11-18T16:54:40.000,53.470,0.289,-0.954,-0.013
1574114080010,2019-11-18T16:54:40.010,53.480,0.292,-0.954,-0.012
1574114080020,2019-11-18T16:54:40.020,53.490,0.291,-0.954,-0.012
1574114080030,2019-11-18T16:54:40.030,53.500,0.290,-0.958,-0.013
1574114080040,2019-11-18T16:54:40.040,53.510,0.292,-0.961,-0.016
1574114080050,2019-11-18T16:54:40.050,53.520,0.292,-0.960,-0.017
1574114080060,2019-11-18T16:54:40.060,53.530,0.288,-0.956,-0.017
1574114080070,2019-11-18T16:54:40.070,53.540,0.290,-0.960,-0.023
1574114080080,2019-11-18T16:54:40.080,53.550,0.292,-0.964,-0.025
1574114080090,2019-11-18T16:54:40.090,53.560,0.292,-0.964,-0.023
1574114080100,2019-11-18T16:54:40.100,53.570,0.290,-0.962,-0.024
1574114080110,2019-11-18T16:54:40.110,53.580,0.289,-0.961,-0.022
1574114080120,2019-11-18T16:54:40.120,53.590,0.291,-0.961,-0.023
1574114080130,2019-11-18T16:54:40.130,53.600,0.293,-0.962,-0.026
1574114080140,2019-11-18T16:54:40.140,53.610,0.290,-0.963,-0.028
1574114080150,2019-11-18T16:54:40.150,53.620,0.289,-0.961,-0.026
1574114080160,2019-11-18T16:54:40.160,53.630,0.293,-0.965,-0.024
1574114080170,2019-11-18T16:54:40.170,53.640,0.294,-0.968,-0.028
1574114080180,2019-11-18T16:54:40.180,53.650,0.294,-0.963,-0.028
1574114080190,2019-11-18T16:54:40.190,53.660,0.292,-0.965,-0.028
1574114080200,2019-11-18T16:54:40.200,53.670,0.297,-0.966,-0.029
1574114080210,2019-11-18T16:54:40.210,53.680,0.296,-0.967,-0.027
1574114080220,2019-11-18T16:54:40.220,53.690,0.296,-0.961,-0.027
1574114080230,2019-11-18T16:54:40.230,53.700,0.296,-0.958,-0.027
1574114080240,2019-11-18T16:54:40.240,53.710,0.295,-0.955,-0.027
1574114080250,2019-11-18T16:54:40.250,53.720,0.294,-0.954,-0.026
1574114080260,2019-11-18T16:54:40.260,53.730,0.294,-0.955,-0.024
1574114080270,2019-11-18T16:54:40.270,53.740,0.292,-0.953,-0.025
1574114080280,2019-11-18T16:54:40.280,53.750,0.291,-0.955,-0.024
1574114080290,2019-11-18T16:54:40.290,53.760,0.292,-0.958,-0.024
1574114080300,2019-11-18T16:54:40.300,53.770,0.298,-0.952,-0.022
1574114080310,2019-11-18T16:54:40.310,53.780,0.302,-0.951,-0.025
1574114080320,2019-11-18T16:54:40.320,53.790,0.302,-0.953,-0.024
1574114080330,2019-11-18T16:54:40.330,53.800,0.302,-0.953,-0.024
1574114080340,2019-11-18T16:54:40.340,53.810,0.302,-0.952,-0.022
1574114080350,2019-11-18T16:54:40.350,53.820,0.302,-0.954,-0.022
1574114080360,2019-11-18T16:54:40.360,53.830,0.303,-0.955,-0.024
1574114080370,2019-11-18T16:54:40.370,53.840,0.305,-0.958,-0.023
1574114080380,2019-11-18T16:54:40.380,53.850,0.301,-0.957,-0.023
1574114080390,2019-11-18T16:54:40.390,53.860,0.302,-0.959,-0.024
1574114080400,2019-11-18T16:54:40.400,53.870,0.301,-0.962,-0.022
1574114080410,2019-11-18T16:54:40.410,53.880,0.301,-0.961,-0.025
1574114080420,2019-11-18T16:54:40.420,53.890,0.300,-0.957,-0.025
1574114080430,2019-11-18T16:54:40.430,53.900,0.301,-0.953,-0.025
1574114080440,2019-11-18T16:54:40.440,53.910,0.303,-0.948,-0.027
1574114080450,2019-11-18T16:54:40.450,53.920,0.297,-0.943,-0.026
1574114080460,2019-11-18T16:54:40.460,53.930,0.299,-0.943,-0.024
1574114080470,2019-11-18T16:54:40.470,53.940,0.306,-0.947,-0.023
1574114080480,2019-11-18T16:54:40.480,53.950,0.310,-0.953,-0.027
1574114080490,2019-11-18T16:54:40.490,53.960,0.310,-0.956,-0.024
1574114080500,2019-11-18T16:54:40.500,53.970,0.311,-0.953,-0.026
1574114080510,2019-11-18T16:54:40.510,53.980,0.308,-0.948,-0.025
1574114080520,2019-11-18T16:54:40.520,53.990,0.308,-0.948,-0.028
1574114080530,2019-11-18T16:54:40.530,54.000,0.308,-0.953,-0.030
1574114080540,2019-11-18T16:54:40.540,54.010,0.311,-0.959,-0.031
1574114080550,2019-11-18T16:54:40.550,54.020,0.308,-0.958,-0.033
1574114080560,2019-11-18T16:54:40.560,54.030,0.305,-0.954,-0.034
1574114080570,2019-11-18T16:54:40.570,54.040,0.303,-0.952,-0.036
1574114080580,2019-11-18T16:54:40.580,54.050,0.304,-0.951,-0.035
1574114080590,2019-11-18T16:54:40.590,54.060,0.307,-0.951,-0.037
1574114080600,2019-11-18T16:54:40.600,54.070,0.306,-0.951,-0.037
1574114080610,2019-11-18T16:54:40.610,54.080,0.303,-0.952,-0.039
1574114080620,2019-11-18T16:54:40.620,54.090,0.302,-0.954,-0.038
1574114080630,2019-11-18T16:54:40.630,54.100,0.300,-0.955,-0.040
1574114080640,2019-11-18T16:54:40.640,54.110,0.302,-0.954,-0.038
1574114080650,2019-11-18T16:54:40.650,54.120,0.303,-0.958,-0.043
1574114080660,2019-11-18T16:54:40.660,54.130,0.299,-0.956,-0.046
1574114080670,2019-11-18T16:54:40.670,54.140,0.302,-0.958,-0.043
1574114080680,2019-11-18T16:54:40.680,54.150,0.304,-0.953,-0.044
1574114080690,2019-11-18T16:54:40.690,54.160,0.304,-0.957,-0.045
1574114080700,2019-11-18T16:54:40.700,54.170,0.305,-0.955,-0.046
1574114080710,2019-11-18T16:54:40.710,54.180,0.304,-0.955,-0.044
1574114080720,2019-11-18T16:54:40.720,54.190,0.304,-0.954,-0.043
1574114080730,2019-11-18T16:54:40.730,54.200,0.304,-0.952,-0.043
1574114080740,2019-11-18T16:54:40.740,54.210,0.305,-0.959,-0.044
1574114080750,2019-11-18T16:54:40.750,54.220,0.308,-0.959,-0.042
1574114080760,2019-11-18T16:54:40.760,54.230,0.311,-0.954,-0.043
1574114080770,2019-11-18T16:54:40.770,54.240,0.309,-0.953,-0.042
1574114080780,2019-11-18T16:54:40.780,54.250,0.307,-0.954,-0.043
1574114080790,2019-11-18T16:54:40.790,54.260,0.309,-0.953,-0.042
1574114080800,2019-11-18T16:54:40.800,54.270,0.307,-0.954,-0.042
1574114080810,2019-11-18T16:54:40.810,54.280,0.307,-0.956,-0.045
1574114080820,2019-11-18T16:54:40.820,54.290,0.311,-0.957,-0.045
1574114080830,2019-11-18T16:54:40.830,54.300,0.310,-0.956,-0.043
1574114080840,2019-11-18T16:54:40.840,54.310,0.303,-0.949,-0.043
1574114080850,2019-11-18T16:54:40.850,54.320,0.303,-0.946,-0.044
1574114080860,2019-11-18T16:54:40.860,54.330,0.308,-0.953,-0.046
1574114080870,2019-11-18T16:54:40.870,54.340,0.309,-0.954,-0.046
1574114080880,2019-11-18T16:54:40.880,54.350,0.307,-0.952,-0.046
1574114080890,2019-11-18T16:54:40.890,54.360,0.306,-0.958,-0.045
1574114080900,2019-11-18T16:54:40.900,54.370,0.308,-0.959,-0.047
1574114080910,2019-11-18T16:54:40.910,54.380,0.306,-0.958,-0.044
1574114080920,2019-11-18T16:54:40.920,54.390,0.309,-0.959,-0.044
1574114080930,2019-11-18T16:54:40.930,54.400,0.307,-0.959,-0.042
1574114080940,2019-11-18T16:54:40.940,54.410,0.303,-0.958,-0.040
1574114080950,2019-11-18T16:54:40.950,54.420,0.304,-0.959,-0.041
1574114080960,2019-11-18T16:54:40.960,54.430,0.307,-0.954,-0.042
1574114080970,2019-11-18T16:54:40.970,54.440,0.304,-0.946,-0.041
1574114080980,2019-11-18T16:54:40.980,54.450,0.303,-0.936,-0.039
1574114080990,2019-11-18T16:54:40.990,54.460,0.306,-0.942,-0.039
1574114081000,2019-11-18T16:54:41.000,54.470,0.307,-0.949,-0.039
1574114081010,2019-11-18T16:54:41.010,54.480,0.311,-0.948,-0.040
1574114081020,2019-11-18T16:54:41.020,54.490,0.312,-0.944,-0.038
1574114081030,2019-11-18T16:54:41.030,54.500,0.313,-0.946,-0.039
1574114081040,2019-11-18T16:54:41.040,54.510,0.317,-0.947,-0.039
1574114081050,2019-11-18T16:54:41.050,54.520,0.315,-0.947,-0.037
1574114081060,2019-11-18T16:54:41.060,54.530,0.319,-0.948,-0.037
1574114081070,2019-11-18T16:54:41.070,54.540,0.319,-0.951,-0.038
1574114081080,2019-11-18T16:54:41.080,54.550,0.323,-0.955,-0.039
1574114081090,2019-11-18T16:54:41.090,54.560,0.321,-0.955,-0.038
1574114081100,2019-11-18T16:54:41.100,54.570,0.323,-0.957,-0.037
1574114081110,2019-11-18T16:54:41.110,54.580,0.321,-0.957,-0.040
1574114081120,2019-11-18T16:54:41.120,54.590,0.318,-0.955,-0.044
1574114081130,2019-11-18T16:54:41.130,54.600,0.316,-0.957,-0.045
1574114081140,2019-11-18T16:54:41.140,54.610,0.317,-0.957,-0.043
1574114081150,2019-11-18T16:54:41.150,54.620,0.316,-0.952,-0.040
1574114081160,2019-11-18T16:54:41.160,54.630,0.319,-0.955,-0.043
1574114081170,2019-11-18T16:54:41.170,54.640,0.319,-0.955,-0.044
1574114081180,2019-11-18T16:54:41.180,54.650,0.317,-0.950,-0.042
1574114081190,2019-11-18T16:54:41.190,54.660,0.317,-0.952,-0.039
1574114081200,2019-11-18T16:54:41.200,54.670,0.318,-0.951,-0.038
1574114081210,2019-11-18T16:54:41.210,54.680,0.320,-0.951,-0.038
1574114081220,2019-11-18T16:54:41.220,54.690,0.320,-0.953,-0.039
1574114081230,2019-11-18T16:54:41.230,54.700,0.317,-0.952,-0.038
1574114081240,2019-11-18T16:54:41.240,54.710,0.315,-0.951,-0.039
1574114081250,2019-11-18T16:54:41.250,54.720,0.315,-0.953,-0.040
1574114081260,2019-11-18T16:54:41.260,54.730,0.314,-0.952,-0.040
1574114081270,2019-11-18T16:54:41.270,54.740,0.312,-0.953,-0.040
1574114081280,2019-11-18T16:54:41.280,54.750,0.308,-0.950,-0.045
1574114081290,2019-11-18T16:54:41.290,54.760,0.307,-0.952,-0.043
1574114081300,2019-11-18T16:54:41.300,54.770,0.311,-0.954,-0.042
1574114081310,2019-11-18T16:54:41.310,54.780,0.312,-0.952,-0.044
1574114081320,2019-11-18T16:54:41.320,54.790,0.311,-0.946,-0.042
1574114081330,2019-11-18T16:54:41.330,54.800,0.314,-0.955,-0.042
1574114081340,2019-11-18T16:54:41.340,54.810,0.315,-0.957,-0.042
1574114081350,2019-11-18T16:54:41.350,54.820,0.310,-0.951,-0.042
1574114081360,2019-11-18T16:54:41.360,54.830,0.313,-0.968,-0.047
1574114081370,2019-11-18T16:54:41.370,54.840,0.320,-0.988,-0.051
1574114081380,2019-11-18T16:54:41.380,54.850,0.322,-0.970,-0.053
1574114081390,2019-11-18T16:54:41.390,54.860,0.319,-0.956,-0.050
1574114081400,2019-11-18T16:54:41.400,54.870,0.299,-0.954,-0.054
1574114081410,2019-11-18T16:54:41.410,54.880,0.283,-0.926,-0.053
1574114081420,2019-11-18T16:54:41.420,54.890,0.292,-0.917,-0.051
1574114081430,2019-11-18T16:54:41.430,54.900,0.306,-0.945,-0.050
1574114081440,2019-11-18T16:54:41.440,54.910,0.305,-0.969,-0.046
1574114081450,2019-11-18T16:54:41.450,54.920,0.298,-0.970,-0.044
1574114081460,2019-11-18T16:54:41.460,54.930,0.295,-0.950,-0.047
1574114081470,2019-11-18T16:54:41.470,54.940,0.290,-0.939,-0.042
1574114081480,2019-11-18T16:54:41.480,54.950,0.295,-0.944,-0.040
1574114081490,2019-11-18T16:54:41.490,54.960,0.301,-0.952,-0.042
1574114081500,2019-11-18T16:54:41.500,54.970,0.296,-0.947,-0.046
1574114081510,2019-11-18T16:54:41.510,54.980,0.296,-0.941,-0.039
1574114081520,2019-11-18T16:54:41.520,54.990,0.303,-0.950,-0.038
1574114081530,2019-11-18T16:54:41.530,55.000,0.304,-0.953,-0.037
1574114081540,2019-11-18T16:54:41.540,55.010,0.296,-0.941,-0.040
1574114081550,2019-11-18T16:54:41.550,55.020,0.301,-0.943,-0.039
1574114081560,2019-11-18T16:54:41.560,55.030,0.307,-0.952,-0.037
1574114081570,2019-11-18T16:54:41.570,55.040,0.309,-0.946,-0.038
1574114081580,2019-11-18T16:54:41.580,55.050,0.306,-0.938,-0.034
1574114081590,2019-11-18T16:54:41.590,55.060,0.306,-0.943,-0.032
1574114081600,2019-11-18T16:54:41.600,55.070,0.310,-0.946,-0.034
1574114081610,2019-11-18T16:54:41.610,55.080,0.307,-0.948,-0.037
1574114081620,2019-11-18T16:54:41.620,55.090,0.312,-0.954,-0.031
1574114081630,2019-11-18T16:54:41.630,55.100,0.316,-0.963,-0.033
1574114081640,2019-11-18T16:54:41.640,55.110,0.310,-0.956,-0.034
1574114081650,2019-11-18T16:54:41.650,55.120,0.305,-0.951,-0.032
1574114081660,2019-11-18T16:54:41.660,55.130,0.307,-0.951,-0.032
1574114081670,2019-11-18T16:54:41.670,55.140,0.311,-0.956,-0.033
1574114081680,2019-11-18T16:54:41.680,55.150,0.315,-0.959,-0.035
1574114081690,2019-11-18T16:54:41.690,55.160,0.312,-0.958,-0.035
1574114081700,2019-11-18T16:54:41.700,55.170,0.306,-0.960,-0.036
1574114081710,2019-11-18T16:54:41.710,55.180,0.306,-0.961,-0.035
1574114081720,2019-11-18T16:54:41.720,55.190,0.309,-0.958,-0.035
1574114081730,2019-11-18T16:54:41.730,55.200,0.312,-0.956,-0.036
1574114081740,2019-11-18T16:54:41.740,55.210,0.309,-0.959,-0.037
1574114081750,2019-11-18T16:54:41.750,55.220,0.306,-0.961,-0.038
1574114081760,2019-11-18T16:54:41.760,55.230,0.306,-0.954,-0.037
1574114081770,2019-11-18T16:54:41.770,55.240,0.301,-0.950,-0.040
1574114081780,2019-11-18T16:54:41.780,55.250,0.300,-0.944,-0.045
1574114081790,2019-11-18T16:54:41.790,55.260,0.295,-0.947,-0.045
1574114081800,2019-11-18T16:54:41.800,55.270,0.295,-0.956,-0.050
1574114081810,2019-11-18T16:54:41.810,55.280,0.290,-0.958,-0.052
1574114081820,2019-11-18T16:54:41.820,55.290,0.277,-0.963,-0.063
1574114081830,2019-11-18T16:54:41.830,55.300,0.255,-0.969,-0.085
1574114081840,2019-11-18T16:54:41.840,55.310,0.239,-0.974,-0.096
1574114081850,2019-11-18T16:54:41.850,55.320,0.237,-0.976,-0.107
1574114081860,2019-11-18T16:54:41.860,55.330,0.238,-0.980,-0.111
1574114081870,2019-11-18T16:54:41.870,55.340,0.243,-0.986,-0.108
1574114081880,2019-11-18T16:54:41.880,55.350,0.240,-0.990,-0.116
1574114081890,2019-11-18T16:54:41.890,55.360,0.211,-1.013,-0.136
1574114081900,2019-11-18T16:54:41.900,55.370,0.187,-1.038,-0.173
1574114081910,2019-11-18T16:54:41.910,55.380,0.163,-1.048,-0.201
1574114081920,2019-11-18T16:54:41.920,55.390,0.152,-1.045,-0.216
1574114081930,2019-11-18T16:54:41.930,55.400,0.160,-1.010,-0.216
1574114081940,2019-11-18T16:54:41.940,55.410,0.183,-0.969,-0.200
1574114081950,2019-11-18T16:54:41.950,55.420,0.203,-0.958,-0.183
1574114081960,2019-11-18T16:54:41.960,55.430,0.223,-0.965,-0.166
1574114081970,2019-11-18T16:54:41.970,55.440,0.241,-0.969,-0.154
1574114081980,2019-11-18T16:54:41.980,55.450,0.235,-0.981,-0.158
1574114081990,2019-11-18T16:54:41.990,55.460,0.199,-1.015,-0.192
1574114082000,2019-11-18T16:54:42.000,55.470,0.150,-1.063,-0.245
1574114082010,2019-11-18T16:54:42.010,55.480,0.134,-1.083,-0.289
1574114082020,2019-11-18T16:54:42.020,55.490,0.159,-1.023,-0.296
1574114082030,2019-11-18T16:54:42.030,55.500,0.188,-0.951,-0.257
1574114082040,2019-11-18T16:54:42.040,55.510,0.220,-0.954,-0.235
1574114082050,2019-11-18T16:54:42.050,55.520,0.261,-0.982,-0.227
1574114082060,2019-11-18T16:54:42.060,55.530,0.298,-0.984,-0.199
1574114082070,2019-11-18T16:54:42.070,55.540,0.282,-0.975,-0.196
1574114082080,2019-11-18T16:54:42.080,55.550,0.251,-0.988,-0.213
1574114082090,2019-11-18T16:54:42.090,55.560,0.254,-1.008,-0.228
1574114082100,2019-11-18T16:54:42.100,55.570,0.267,-0.998,-0.237
1574114082110,2019-11-18T16:54:42.110,55.580,0.251,-0.975,-0.251
1574114082120,2019-11-18T16:54:42.120,55.590,0.242,-0.940,-0.256
1574114082130,2019-11-18T16:54:42.130,55.600,0.259,-0.910,-0.231
1574114082140,2019-11-18T16:54:42.140,55.610,0.296,-0.899,-0.203
1574114082150,2019-11-18T16:54:42.150,55.620,0.325,-0.887,-0.184
1574114082160,2019-11-18T16:54:42.160,55.630,0.343,-0.902,-0.143
1574114082170,2019-11-18T16:54:42.170,55.640,0.369,-0.936,-0.130
1574114082180,2019-11-18T16:54:42.180,55.650,0.391,-0.940,-0.112
1574114082190,2019-11-18T16:54:42.190,55.660,0.403,-0.927,-0.082
1574114082200,2019-11-18T16:54:42.200,55.670,0.422,-0.927,-0.055
1574114082210,2019-11-18T16:54:42.210,55.680,0.421,-0.941,-0.040
1574114082220,2019-11-18T16:54:42.220,55.690,0.419,-0.934,-0.035
1574114082230,2019-11-18T16:54:42.230,55.700,0.438,-0.927,-0.015
1574114082240,2019-11-18T16:54:42.240,55.710,0.460,-0.927,0.015
1574114082250,2019-11-18T16:54:42.250,55.720,0.474,-0.906,0.043
1574114082260,2019-11-18T16:54:42.260,55.730,0.460,-0.874,0.073
1574114082270,2019-11-18T16:54:42.270,55.740,0.442,-0.861,0.097
1574114082280,2019-11-18T16:54:42.280,55.750,0.433,-0.885,0.108
1574114082290,2019-11-18T16:54:42.290,55.760,0.437,-0.932,0.121
1574114082300,2019-11-18T16:54:42.300,55.770,0.443,-0.947,0.144
1574114082310,2019-11-18T16:54:42.310,55.780,0.429,-0.918,0.156
1574114082320,2019-11-18T16:54:42.320,55.790,0.414,-0.876,0.159
1574114082330,2019-11-18T16:54:42.330,55.800,0.393,-0.848,0.157
1574114082340,2019-11-18T16:54:42.340,55.810,0.368,-0.841,0.153
1574114082350,2019-11-18T16:54:42.350,55.820,0.346,-0.873,0.136
1574114082360,2019-11-18T16:54:42.360,55.830,0.342,-0.915,0.118
1574114082370,2019-11-18T16:54:42.370,55.840,0.345,-0.933,0.116
1574114082380,2019-11-18T16:54:42.380,55.850,0.342,-0.930,0.115
1574114082390,2019-11-18T16:54:42.390,55.860,0.325,-0.914,0.120
1574114082400,2019-11-18T16:54:42.400,55.870,0.310,-0.913,0.125
1574114082410,2019-11-18T16:54:42.410,55.880,0.307,-0.935,0.118
1574114082420,2019-11-18T16:54:42.420,55.890,0.306,-0.934,0.110
1574114082430,2019-11-18T16:54:42.430,55.900,0.302,-0.933,0.102
1574114082440,2019-11-18T16:54:42.440,55.910,0.301,-0.958,0.094
1574114082450,2019-11-18T16:54:42.450,55.920,0.316,-0.974,0.090
1574114082460,2019-11-18T16:54:42.460,55.930,0.322,-0.969,0.092
1574114082470,2019-11-18T16:54:42.470,55.940,0.316,-0.958,0.097
1574114082480,2019-11-18T16:54:42.480,55.950,0.312,-0.961,0.099
1574114082490,2019-11-18T16:54:42.490,55.960,0.311,-0.956,0.101
1574114082500,2019-11-18T16:54:42.500,55.970,0.296,-0.968,0.096
1574114082510,2019-11-18T16:54:42.510,55.980,0.276,-0.985,0.085
1574114082520,2019-11-18T16:54:42.520,55.990,0.283,-0.988,0.077
1574114082530,2019-11-18T16:54:42.530,56.000,0.298,-0.979,0.080
1574114082540,2019-11-18T16:54:42.540,56.010,0.299,-0.964,0.082
1574114082550,2019-11-18T16:54:42.550,56.020,0.299,-0.946,0.091
1574114082560,2019-11-18T16:54:42.560,56.030,0.297,-0.943,0.100
1574114082570,2019-11-18T16:54:42.570,56.040,0.293,-0.966,0.101
1574114082580,2019-11-18T16:54:42.580,56.050,0.292,-0.984,0.091
1574114082590,2019-11-18T16:54:42.590,56.060,0.294,-0.985,0.088
1574114082600,2019-11-18T16:54:42.600,56.070,0.310,-0.975,0.098
1574114082610,2019-11-18T16:54:42.610,56.080,0.315,-0.957,0.104
1574114082620,2019-11-18T16:54:42.620,56.090,0.303,-0.932,0.118
1574114082630,2019-11-18T16:54:42.630,56.100,0.298,-0.946,0.115
1574114082640,2019-11-18T16:54:42.640,56.110,0.299,-0.977,0.104
1574114082650,2019-11-18T16:54:42.650,56.120,0.302,-0.966,0.105
1574114082660,2019-11-18T16:54:42.660,56.130,0.305,-0.955,0.111
1574114082670,2019-11-18T16:54:42.670,56.140,0.310,-0.951,0.119
1574114082680,2019-11-18T16:54:42.680,56.150,0.319,-0.946,0.132
1574114082690,2019-11-18T16:54:42.690,56.160,0.320,-0.932,0.141
1574114082700,2019-11-18T16:54:42.700,56.170,0.316,-0.920,0.143
1574114082710,2019-11-18T16:54:42.710,56.180,0.317,-0.930,0.146
1574114082720,2019-11-18T16:54:42.720,56.190,0.319,-0.941,0.140
1574114082730,2019-11-18T16:54:42.730,56.200,0.317,-0.945,0.126
1574114082740,2019-11-18T16:54:42.740,56.210,0.316,-0.949,0.124
1574114082750,2019-11-18T16:54:42.750,56.220,0.321,-0.952,0.126
1574114082760,2019-11-18T16:54:42.760,56.230,0.330,-0.942,0.133
1574114082770,2019-11-18T16:54:42.770,56.240,0.327,-0.932,0.146
1574114082780,2019-11-18T16:54:42.780,56.250,0.331,-0.934,0.146
1574114082790,2019-11-18T16:54:42.790,56.260,0.334,-0.935,0.146
1574114082800,2019-11-18T16:54:42.800,56.270,0.339,-0.937,0.153
1574114082810,2019-11-18T16:54:42.810,56.280,0.350,-0.940,0.152
1574114082820,2019-11-18T16:54:42.820,56.290,0.356,-0.933,0.155
1574114082830,2019-11-18T16:54:42.830,56.300,0.354,-0.915,0.163
1574114082840,2019-11-18T16:54:42.840,56.310,0.344,-0.910,0.163
1574114082850,2019-11-18T16:54:42.850,56.320,0.343,-0.921,0.165
1574114082860,2019-11-18T16:54:42.860,56.330,0.350,-0.938,0.155
1574114082870,2019-11-18T16:54:42.870,56.340,0.355,-0.941,0.142
1574114082880,2019-11-18T16:54:42.880,56.350,0.347,-0.949,0.130
1574114082890,2019-11-18T16:54:42.890,56.360,0.341,-0.950,0.128
1574114082900,2019-11-18T16:54:42.900,56.370,0.344,-0.940,0.135
1574114082910,2019-11-18T16:54:42.910,56.380,0.351,-0.938,0.134
1574114082920,2019-11-18T16:54:42.920,56.390,0.351,-0.939,0.137
1574114082930,2019-11-18T16:54:42.930,56.400,0.349,-0.937,0.137
1574114082940,2019-11-18T16:54:42.940,56.410,0.360,-0.933,0.145
1574114082950,2019-11-18T16:54:42.950,56.420,0.368,-0.929,0.152
1574114082960,2019-11-18T16:54:42.960,56.430,0.375,-0.932,0.145
1574114082970,2019-11-18T16:54:42.970,56.440,0.369,-0.935,0.141
1574114082980,2019-11-18T16:54:42.980,56.450,0.366,-0.934,0.143
1574114082990,2019-11-18T16:54:42.990,56.460,0.369,-0.937,0.146
1574114083000,2019-11-18T16:54:43.000,56.470,0.378,-0.937,0.148
1574114083010,2019-11-18T16:54:43.010,56.480,0.381,-0.928,0.156
1574114083020,2019-11-18T16:54:43.020,56.490,0.382,-0.930,0.158
1574114083030,2019-11-18T16:54:43.030,56.500,0.388,-0.924,0.157
1574114083040,2019-11-18T16:54:43.040,56.510,0.384,-0.917,0.155
1574114083050,2019-11-18T16:54:43.050,56.520,0.381,-0.931,0.146
1574114083060,2019-11-18T16:54:43.060,56.530,0.387,-0.939,0.154
1574114083070,2019-11-18T16:54:43.070,56.540,0.401,-0.936,0.161
1574114083080,2019-11-18T16:54:43.080,56.550,0.405,-0.937,0.172
1574114083090,2019-11-18T16:54:43.090,56.560,0.409,-0.938,0.179
1574114083100,2019-11-18T16:54:43.100,56.570,0.412,-0.925,0.179
1574114083110,2019-11-18T16:54:43.110,56.580,0.397,-0.920,0.178
1574114083120,2019-11-18T16:54:43.120,56.590,0.387,-0.930,0.176
1574114083130,2019-11-18T16:54:43.130,56.600,0.396,-0.930,0.176
1574114083140,2019-11-18T16:54:43.140,56.610,0.402,-0.917,0.171
1574114083150,2019-11-18T16:54:43.150,56.620,0.394,-0.906,0.167
1574114083160,2019-11-18T16:54:43.160,56.630,0.379,-0.917,0.156
1574114083170,2019-11-18T16:54:43.170,56.640,0.375,-0.921,0.152
1574114083180,2019-11-18T16:54:43.180,56.650,0.376,-0.927,0.151
1574114083190,2019-11-18T16:54:43.190,56.660,0.379,-0.943,0.143
1574114083200,2019-11-18T16:54:43.200,56.670,0.374,-0.941,0.135
1574114083210,2019-11-18T16:54:43.210,56.680,0.367,-0.943,0.133
1574114083220,2019-11-18T16:54:43.220,56.690,0.364,-0.955,0.125
1574114083230,2019-11-18T16:54:43.230,56.700,0.363,-0.948,0.125
1574114083240,2019-11-18T16:54:43.240,56.710,0.363,-0.938,0.127
1574114083250,2019-11-18T16:54:43.250,56.720,0.371,-0.937,0.132
1574114083260,2019-11-18T16:54:43.260,56.730,0.381,-0.926,0.133
1574114083270,2019-11-18T16:54:43.270,56.740,0.375,-0.903,0.139
1574114083280,2019-11-18T16:54:43.280,56.750,0.364,-0.902,0.138
1574114083290,2019-11-18T16:54:43.290,56.760,0.370,-0.935,0.133
1574114083300,2019-11-18T16:54:43.300,56.770,0.383,-0.941,0.131
1574114083310,2019-11-18T16:54:43.310,56.780,0.394,-0.928,0.141
1574114083320,2019-11-18T16:54:43.320,56.790,0.400,-0.921,0.148
1574114083330,2019-11-18T16:54:43.330,56.800,0.406,-0.919,0.157
1574114083340,2019-11-18T16:54:43.340,56.810,0.415,-0.919,0.161
1574114083350,2019-11-18T16:54:43.350,56.820,0.422,-0.918,0.158
1574114083360,2019-11-18T16:54:43.360,56.830,0.422,-0.914,0.167
1574114083370,2019-11-18T16:54:43.370,56.840,0.425,-0.914,0.167
1574114083380,2019-11-18T16:54:43.380,56.850,0.433,-0.917,0.167
1574114083390,2019-11-18T16:54:43.390,56.860,0.439,-0.918,0.163
1574114083400,2019-11-18T16:54:43.400,56.870,0.442,-0.921,0.156
1574114083410,2019-11-18T16:54:43.410,56.880,0.444,-0.916,0.159
1574114083420,2019-11-18T16:54:43.420,56.890,0.441,-0.909,0.160
1574114083430,2019-11-18T16:54:43.430,56.900,0.438,-0.911,0.160
1574114083440,2019-11-18T16:54:43.440,56.910,0.432,-0.909,0.163
1574114083450,2019-11-18T16:54:43.450,56.920,0.428,-0.907,0.162
1574114083460,2019-11-18T16:54:43.460,56.930,0.425,-0.912,0.154
1574114083470,2019-11-18T16:54:43.470,56.940,0.422,-0.913,0.155
1574114083480,2019-11-18T16:54:43.480,56.950,0.416,-0.913,0.144
1574114083490,2019-11-18T16:54:43.490,56.960,0.414,-0.911,0.141
1574114083500,2019-11-18T16:54:43.500,56.970,0.412,-0.919,0.140
1574114083510,2019-11-18T16:54:43.510,56.980,0.408,-0.927,0.132
1574114083520,2019-11-18T16:54:43.520,56.990,0.399,-0.925,0.132
1574114083530,2019-11-18T16:54:43.530,57.000,0.394,-0.930,0.130
1574114083540,2019-11-18T16:54:43.540,57.010,0.397,-0.935,0.121
1574114083550,2019-11-18T16:54:43.550,57.020,0.396,-0.930,0.118
1574114083560,2019-11-18T16:54:43.560,57.030,0.396,-0.919,0.117
1574114083570,2019-11-18T16:54:43.570,57.040,0.400,-0.909,0.118
1574114083580,2019-11-18T16:54:43.580,57.050,0.414,-0.903,0.124
1574114083590,2019-11-18T16:54:43.590,57.060,0.420,-0.903,0.126
1574114083600,2019-11-18T16:54:43.600,57.070,0.416,-0.914,0.125
1574114083610,2019-11-18T16:54:43.610,57.080,0.421,-0.930,0.123
1574114083620,2019-11-18T16:54:43.620,57.090,0.431,-0.925,0.130
1574114083630,2019-11-18T16:54:43.630,57.100,0.433,-0.923,0.132
1574114083640,2019-11-18T16:54:43.640,57.110,0.433,-0.924,0.125
1574114083650,2019-11-18T16:54:43.650,57.120,0.432,-0.917,0.125
1574114083660,2019-11-18T16:54:43.660,57.130,0.433,-0.920,0.125
1574114083670,2019-11-18T16:54:43.670,57.140,0.435,-0.937,0.115
1574114083680,2019-11-18T16:54:43.680,57.150,0.433,-0.955,0.108
1574114083690,2019-11-18T16:54:43.690,57.160,0.431,-0.962,0.100
1574114083700,2019-11-18T16:54:43.700,57.170,0.421,-0.957,0.096
1574114083710,2019-11-18T16:54:43.710,57.180,0.415,-0.966,0.090
1574114083720,2019-11-18T16:54:43.720,57.190,0.417,-0.971,0.082
1574114083730,2019-11-18T16:54:43.730,57.200,0.418,-0.953,0.083
1574114083740,2019-11-18T16:54:43.740,57.210,0.420,-0.936,0.091
1574114083750,2019-11-18T16:54:43.750,57.220,0.431,-0.924,0.102
1574114083760,2019-11-18T16:54:43.760,57.230,0.440,-0.909,0.117
1574114083770,2019-11-18T16:54:43.770,57.240,0.466,-0.896,0.137
1574114083780,2019-11-18T16:54:43.780,57.250,0.495,-0.888,0.157
1574114083790,2019-11-18T16:54:43.790,57.260,0.527,-0.872,0.181
1574114083800,2019-11-18T16:54:43.800,57.270,0.568,-0.856,0.211
1574114083810,2019-11-18T16:54:43.810,57.280,0.612,-0.860,0.244
1574114083820,2019-11-18T16:54:43.820,57.290,0.669,-0.856,0.292
1574114083830,2019-11-18T16:54:43.830,57.300,0.732,-0.824,0.334
1574114083840,2019-11-18T16:54:43.840,57.310,0.775,-0.809,0.360
1574114083850,2019-11-18T16:54:43.850,57.320,0.797,-0.829,0.363
1574114083860,2019-11-18T16:54:43.860,57.330,0.807,-0.835,0.358
1574114083870,2019-11-18T16:54:43.870,57.340,0.805,-0.819,0.333
1574114083880,2019-11-18T16:54:43.880,57.350,0.782,-0.825,0.289
1574114083890,2019-11-18T16:54:43.890,57.360,0.758,-0.833,0.250
1574114083900,2019-11-18T16:54:43.900,57.370,0.750,-0.827,0.212
1574114083910,2019-11-18T16:54:43.910,57.380,0.756,-0.813,0.177
1574114083920,2019-11-18T16:54:43.920,57.390,0.763,-0.802,0.151
1574114083930,2019-11-18T16:54:43.930,57.400,0.751,-0.804,0.115
1574114083940,2019-11-18T16:54:43.940,57.410,0.718,-0.820,0.073
1574114083950,2019-11-18T16:54:43.950,57.420,0.697,-0.847,0.032
1574114083960,2019-11-18T16:54:43.960,57.430,0.659,-0.872,-0.008
1574114083970,2019-11-18T16:54:43.970,57.440,0.605,-0.887,-0.043
1574114083980,2019-11-18T16:54:43.980,57.450,0.583,-0.873,-0.060
1574114083990,2019-11-18T16:54:43.990,57.460,0.570,-0.859,-0.072
1574114084000,2019-11-18T16:54:44.000,57.470,0.545,-0.867,-0.101
1574114084010,2019-11-18T16:54:44.010,57.480,0.489,-0.887,-0.149
1574114084020,2019-11-18T16:54:44.020,57.490,0.420,-0.905,-0.178
1574114084030,2019-11-18T16:54:44.030,57.500,0.382,-0.894,-0.173
1574114084040,2019-11-18T16:54:44.040,57.510,0.374,-0.858,-0.149
1574114084050,2019-11-18T16:54:44.050,57.520,0.372,-0.850,-0.135
1574114084060,2019-11-18T16:54:44.060,57.530,0.352,-0.872,-0.138
1574114084070,2019-11-18T16:54:44.070,57.540,0.324,-0.881,-0.137
1574114084080,2019-11-18T16:54:44.080,57.550,0.302,-0.890,-0.134
1574114084090,2019-11-18T16:54:44.090,57.560,0.281,-0.918,-0.133
1574114084100,2019-11-18T16:54:44.100,57.570,0.261,-0.936,-0.130
1574114084110,2019-11-18T16:54:44.110,57.580,0.250,-0.939,-0.131
1574114084120,2019-11-18T16:54:44.120,57.590,0.244,-0.939,-0.127
1574114084130,2019-11-18T16:54:44.130,57.600,0.225,-0.928,-0.117
1574114084140,2019-11-18T16:54:44.140,57.610,0.212,-0.925,-0.118
1574114084150,2019-11-18T16:54:44.150,57.620,0.193,-0.945,-0.127
1574114084160,2019-11-18T16:54:44.160,57.630,0.181,-0.948,-0.127
1574114084170,2019-11-18T16:54:44.170,57.640,0.190,-0.934,-0.116
1574114084180,2019-11-18T16:54:44.180,57.650,0.187,-0.932,-0.110
1574114084190,2019-11-18T16:54:44.190,57.660,0.172,-0.943,-0.109
1574114084200,2019-11-18T16:54:44.200,57.670,0.177,-0.952,-0.103
1574114084210,2019-11-18T16:54:44.210,57.680,0.171,-0.967,-0.100
1574114084220,2019-11-18T16:54:44.220,57.690,0.156,-0.976,-0.100
1574114084230,2019-11-18T16:54:44.230,57.700,0.153,-0.984,-0.095
1574114084240,2019-11-18T16:54:44.240,57.710,0.163,-0.994,-0.085
1574114084250,2019-11-18T16:54:44.250,57.720,0.170,-0.999,-0.076
1574114084260,2019-11-18T16:54:44.260,57.730,0.171,-1.003,-0.074
1574114084270,2019-11-18T16:54:44.270,57.740,0.165,-1.005,-0.075
1574114084280,2019-11-18T16:54:44.280,57.750,0.156,-1.006,-0.076
1574114084290,2019-11-18T16:54:44.290,57.760,0.162,-1.004,-0.075
1574114084300,2019-11-18T16:54:44.300,57.770,0.168,-1.012,-0.073
1574114084310,2019-11-18T16:54:44.310,57.780,0.172,-1.015,-0.075
1574114084320,2019-11-18T16:54:44.320,57.790,0.177,-1.009,-0.077
1574114084330,2019-11-18T16:54:44.330,57.800,0.171,-0.998,-0.074
1574114084340,2019-11-18T16:54:44.340,57.810,0.167,-0.997,-0.076
1574114084350,2019-11-18T16:54:44.350,57.820,0.171,-0.999,-0.078
1574114084360,2019-11-18T16:54:44.360,57.830,0.166,-1.004,-0.078
1574114084370,2019-11-18T16:54:44.370,57.840,0.169,-1.015,-0.080
1574114084380,2019-11-18T16:54:44.380,57.850,0.182,-1.020,-0.067
1574114084390,2019-11-18T16:54:44.390,57.860,0.193,-1.014,-0.056
1574114084400,2019-11-18T16:54:44.400,57.870,0.200,-1.000,-0.047
1574114084410,2019-11-18T16:54:44.410,57.880,0.203,-0.994,-0.046
1574114084420,2019-11-18T16:54:44.420,57.890,0.202,-1.000,-0.049
1574114084430,2019-11-18T16:54:44.430,57.900,0.199,-1.009,-0.050
1574114084440,2019-11-18T16:54:44.440,57.910,0.198,-1.002,-0.047
1574114084450,2019-11-18T16:54:44.450,57.920,0.201,-0.998,-0.045
1574114084460,2019-11-18T16:54:44.460,57.930,0.207,-1.009,-0.042
1574114084470,2019-11-18T16:54:44.470,57.940,0.204,-1.003,-0.042
1574114084480,2019-11-18T16:54:44.480,57.950,0.200,-0.979,-0.038
1574114084490,2019-11-18T16:54:44.490,57.960,0.203,-0.974,-0.039
1574114084500,2019-11-18T16:54:44.500,57.970,0.209,-0.978,-0.041
1574114084510,2019-11-18T16:54:44.510,57.980,0.205,-0.981,-0.036
1574114084520,2019-11-18T16:54:44.520,57.990,0.213,-0.979,-0.034
1574114084530,2019-11-18T16:54:44.530,58.000,0.217,-0.983,-0.031
1574114084540,2019-11-18T16:54:44.540,58.010,0.220,-0.998,-0.023
1574114084550,2019-11-18T16:54:44.550,58.020,0.224,-0.991,-0.023
1574114084560,2019-11-18T16:54:44.560,58.030,0.213,-0.975,-0.023
1574114084570,2019-11-18T16:54:44.570,58.040,0.209,-0.985,-0.017
1574114084580,2019-11-18T16:54:44.580,58.050,0.228,-1.004,-0.012
1574114084590,2019-11-18T16:54:44.590,58.060,0.230,-0.988,-0.011
1574114084600,2019-11-18T16:54:44.600,58.070,0.226,-0.980,-0.004
1574114084610,2019-11-18T16:54:44.610,58.080,0.232,-0.982,-0.002
1574114084620,2019-11-18T16:54:44.620,58.090,0.237,-0.987,-0.003
1574114084630,2019-11-18T16:54:44.630,58.100,0.239,-0.970,-0.009
1574114084640,2019-11-18T16:54:44.640,58.110,0.228,-0.953,-0.003
1574114084650,2019-11-18T16:54:44.650,58.120,0.235,-0.973,-0.003
1574114084660,2019-11-18T16:54:44.660,58.130,0.244,-0.966,-0.007
1574114084670,2019-11-18T16:54:44.670,58.140,0.228,-0.945,-0.000
1574114084680,2019-11-18T16:54:44.680,58.150,0.229,-0.954,0.006
1574114084690,2019-11-18T16:54:44.690,58.160,0.251,-0.990,0.006
1574114084700,2019-11-18T16:54:44.700,58.170,0.256,-0.980,0.005
1574114084710,2019-11-18T16:54:44.710,58.180,0.241,-0.953,0.011
1574114084720,2019-11-18T16:54:44.720,58.190,0.242,-0.958,0.010
1574114084730,2019-11-18T16:54:44.730,58.200,0.246,-0.959,0.009
1574114084740,2019-11-18T16:54:44.740,58.210,0.247,-0.966,0.008
1574114084750,2019-11-18T16:54:44.750,58.220,0.250,-0.980,0.005
1574114084760,2019-11-18T16:54:44.760,58.230,0.252,-0.969,0.006
1574114084770,2019-11-18T16:54:44.770,58.240,0.246,-0.970,0.000
1574114084780,2019-11-18T16:54:44.780,58.250,0.248,-0.977,-0.003
1574114084790,2019-11-18T16:54:44.790,58.260,0.241,-0.965,-0.005
1574114084800,2019-11-18T16:54:44.800,58.270,0.237,-0.977,-0.010
1574114084810,2019-11-18T16:54:44.810,58.280,0.232,-0.982,-0.011
1574114084820,2019-11-18T16:54:44.820,58.290,0.231,-0.962,-0.012
1574114084830,2019-11-18T16:54:44.830,58.300,0.237,-0.964,-0.007
1574114084840,2019-11-18T16:54:44.840,58.310,0.242,-0.982,-0.008
1574114084850,2019-11-18T16:54:44.850,58.320,0.245,-0.975,-0.013
1574114084860,2019-11-18T16:54:44.860,58.330,0.242,-0.966,-0.013
1574114084870,2019-11-18T16:54:44.870,58.340,0.248,-0.990,-0.012
1574114084880,2019-11-18T16:54:44.880,58.350,0.248,-0.993,-0.013
1574114084890,2019-11-18T16:54:44.890,58.360,0.236,-0.966,-0.014
1574114084900,2019-11-18T16:54:44.900,58.370,0.233,-0.963,-0.014
1574114084910,2019-11-18T16:54:44.910,58.380,0.241,-0.969,-0.017
1574114084920,2019-11-18T16:54:44.920,58.390,0.244,-0.970,-0.013
1574114084930,2019-11-18T16:54:44.930,58.400,0.244,-0.978,-0.013
1574114084940,2019-11-18T16:54:44.940,58.410,0.248,-0.975,-0.014
1574114084950,2019-11-18T16:54:44.950,58.420,0.247,-0.977,-0.013
1574114084960,2019-11-18T16:54:44.960,58.430,0.251,-0.987,-0.012
1574114084970,2019-11-18T16:54:44.970,58.440,0.246,-0.984,-0.012
1574114084980,2019-11-18T16:54:44.980,58.450,0.244,-0.977,-0.010
1574114084990,2019-11-18T16:54:44.990,58.460,0.244,-0.980,-0.011
1574114085000,2019-11-18T16:54:45.000,58.470,0.249,-0.984,-0.010
1574114085010,2019-11-18T16:54:45.010,58.480,0.250,-0.974,-0.007
1574114085020,2019-11-18T16:54:45.020,58.490,0.253,-0.963,-0.007
1574114085030,2019-11-18T16:54:45.030,58.500,0.258,-0.965,-0.004
1574114085040,2019-11-18T16:54:45.040,58.510,0.255,-0.960,-0.004
1574114085050,2019-11-18T16:54:45.050,58.520,0.254,-0.963,-0.005
1574114085060,2019-11-18T16:54:45.060,58.530,0.258,-0.971,-0.006
1574114085070,2019-11-18T16:54:45.070,58.540,0.243,-0.975,-0.012
1574114085080,2019-11-18T16:54:45.080,58.550,0.240,-0.978,-0.011
1574114085090,2019-11-18T16:54:45.090,58.560,0.244,-0.988,-0.011
1574114085100,2019-11-18T16:54:45.100,58.570,0.238,-0.984,-0.011
1574114085110,2019-11-18T16:54:45.110,58.580,0.236,-0.975,-0.007
1574114085120,2019-11-18T16:54:45.120,58.590,0.239,-0.969,-0.007
1574114085130,2019-11-18T16:54:45.130,58.600,0.238,-0.964,-0.006
1574114085140,2019-11-18T16:54:45.140,58.610,0.238,-0.965,-0.006
1574114085150,2019-11-18T16:54:45.150,58.620,0.239,-0.966,-0.008
1574114085160,2019-11-18T16:54:45.160,58.630,0.238,-0.969,-0.009
1574114085170,2019-11-18T16:54:45.170,58.640,0.239,-0.968,-0.012
1574114085180,2019-11-18T16:54:45.180,58.650,0.236,-0.967,-0.014
1574114085190,2019-11-18T16:54:45.190,58.660,0.231,-0.963,-0.015
1574114085200,2019-11-18T16:54:45.200,58.670,0.227,-0.961,-0.018
1574114085210,2019-11-18T16:54:45.210,58.680,0.227,-0.960,-0.021
1574114085220,2019-11-18T16:54:45.220,58.690,0.226,-0.959,-0.025
1574114085230,2019-11-18T16:54:45.230,58.700,0.227,-0.958,-0.027
1574114085240,2019-11-18T16:54:45.240,58.710,0.231,-0.959,-0.025
1574114085250,2019-11-18T16:54:45.250,58.720,0.235,-0.960,-0.022
1574114085260,2019-11-18T16:54:45.260,58.730,0.244,-0.958,-0.022
1574114085270,2019-11-18T16:54:45.270,58.740,0.250,-0.960,-0.021
1574114085280,2019-11-18T16:54:45.280,58.750,0.255,-0.957,-0.018
1574114085290,2019-11-18T16:54:45.290,58.760,0.260,-0.957,-0.019
1574114085300,2019-11-18T16:54:45.300,58.770,0.269,-0.963,-0.019
1574114085310,2019-11-18T16:54:45.310,58.780,0.277,-0.973,-0.019
1574114085320,2019-11-18T16:54:45.320,58.790,0.280,-0.969,-0.015
1574114085330,2019-11-18T16:54:45.330,58.800,0.288,-0.961,-0.013
1574114085340,2019-11-18T16:54:45.340,58.810,0.291,-0.957,-0.010
1574114085350,2019-11-18T16:54:45.350,58.820,0.302,-0.947,-0.006
1574114085360,2019-11-18T16:54:45.360,58.830,0.306,-0.951,-0.004
1574114085370,2019-11-18T16:54:45.370,58.840,0.315,-0.957,-0.005
1574114085380,2019-11-18T16:54:45.380,58.850,0.325,-0.951,-0.001
1574114085390,2019-11-18T16:54:45.390,58.860,0.331,-0.953,-0.001
1574114085400,2019-11-18T16:54:45.400,58.870,0.331,-0.955,0.001
1574114085410,2019-11-18T16:54:45.410,58.880,0.333,-0.952,0.002
1574114085420,2019-11-18T16:54:45.420,58.890,0.334,-0.949,0.006
1574114085430,2019-11-18T16:54:45.430,58.900,0.338,-0.952,0.005
1574114085440,2019-11-18T16:54:45.440,58.910,0.340,-0.953,0.006
1574114085450,2019-11-18T16:54:45.450,58.920,0.339,-0.948,0.003
1574114085460,2019-11-18T16:54:45.460,58.930,0.341,-0.944,0.003
1574114085470,2019-11-18T16:54:45.470,58.940,0.343,-0.944,0.001
1574114085480,2019-11-18T16:54:45.480,58.950,0.346,-0.943,-0.000
1574114085490,2019-11-18T16:54:45.490,58.960,0.351,-0.943,0.001
1574114085500,2019-11-18T16:54:45.500,58.970,0.353,-0.940,-0.002
1574114085510,2019-11-18T16:54:45.510,58.980,0.345,-0.939,0.000
1574114085520,2019-11-18T16:54:45.520,58.990,0.346,-0.941,-0.001
1574114085530,2019-11-18T16:54:45.530,59.000,0.354,-0.938,-0.001
1574114085540,2019-11-18T16:54:45.540,59.010,0.355,-0.933,0.002
1574114085550,2019-11-18T16:54:45.550,59.020,0.358,-0.925,-0.002
1574114085560,2019-11-18T16:54:45.560,59.030,0.357,-0.916,-0.000
1574114085570,2019-11-18T16:54:45.570,59.040,0.363,-0.923,0.003
1574114085580,2019-11-18T16:54:45.580,59.050,0.370,-0.935,-0.004
1574114085590,2019-11-18T16:54:45.590,59.060,0.372,-0.936,-0.006
1574114085600,2019-11-18T16:54:45.600,59.070,0.369,-0.927,-0.010
1574114085610,2019-11-18T16:54:45.610,59.080,0.370,-0.926,-0.011
1574114085620,2019-11-18T16:54:45.620,59.090,0.377,-0.928,-0.012
1574114085630,2019-11-18T16:54:45.630,59.100,0.383,-0.933,-0.011
1574114085640,2019-11-18T16:54:45.640,59.110,0.384,-0.930,-0.008
1574114085650,2019-11-18T16:54:45.650,59.120,0.388,-0.928,-0.010
1574114085660,2019-11-18T16:54:45.660,59.130,0.391,-0.922,-0.012
1574114085670,2019-11-18T16:54:45.670,59.140,0.394,-0.922,-0.010
1574114085680,2019-11-18T16:54:45.680,59.150,0.396,-0.919,-0.014
1574114085690,2019-11-18T16:54:45.690,59.160,0.397,-0.917,-0.015
1574114085700,2019-11-18T16:54:45.700,59.170,0.401,-0.918,-0.014
1574114085710,2019-11-18T16:54:45.710,59.180,0.411,-0.916,-0.009
1574114085720,2019-11-18T16:54:45.720,59.190,0.416,-0.916,-0.012
1574114085730,2019-11-18T16:54:45.730,59.200,0.419,-0.916,-0.013
1574114085740,2019-11-18T16:54:45.740,59.210,0.427,-0.914,-0.008
1574114085750,2019-11-18T16:54:45.750,59.220,0.431,-0.906,-0.009
1574114085760,2019-11-18T16:54:45.760,59.230,0.434,-0.902,-0.006
1574114085770,2019-11-18T16:54:45.770,59.240,0.440,-0.911,-0.004
1574114085780,2019-11-18T16:54:45.780,59.250,0.448,-0.915,-0.002
1574114085790,2019-11-18T16:54:45.790,59.260,0.458,-0.908,0.000
1574114085800,2019-11-18T16:54:45.800,59.270,0.465,-0.907,0.001
1574114085810,2019-11-18T16:54:45.810,59.280,0.474,-0.912,0.008
1574114085820,2019-11-18T16:54:45.820,59.290,0.477,-0.910,0.011
1574114085830,2019-11-18T16:54:45.830,59.300,0.476,-0.904,0.014
1574114085840,2019-11-18T16:54:45.840,59.310,0.478,-0.911,0.016
1574114085850,2019-11-18T16:54:45.850,59.320,0.483,-0.920,0.018
1574114085860,2019-11-18T16:54:45.860,59.330,0.488,-0.918,0.017
1574114085870,2019-11-18T16:54:45.870,59.340,0.487,-0.909,0.017
1574114085880,2019-11-18T16:54:45.880,59.350,0.483,-0.897,0.019
1574114085890,2019-11-18T16:54:45.890,59.360,0.485,-0.897,0.021
1574114085900,2019-11-18T16:54:45.900,59.370,0.490,-0.900,0.016
1574114085910,2019-11-18T16:54:45.910,59.380,0.492,-0.901,0.016
1574114085920,2019-11-18T16:54:45.920,59.390,0.488,-0.901,0.015
1574114085930,2019-11-18T16:54:45.930,59.400,0.487,-0.898,0.011
1574114085940,2019-11-18T16:54:45.940,59.410,0.490,-0.896,0.013
1574114085950,2019-11-18T16:54:45.950,59.420,0.488,-0.891,0.010
1574114085960,2019-11-18T16:54:45.960,59.430,0.483,-0.888,0.013
1574114085970,2019-11-18T16:54:45.970,59.440,0.482,-0.887,0.008
1574114085980,2019-11-18T16:54:45.980,59.450,0.480,-0.887,0.005
1574114085990,2019-11-18T16:54:45.990,59.460,0.482,-0.894,0.002
1574114086000,2019-11-18T16:54:46.000,59.470,0.479,-0.896,0.003
1574114086010,2019-11-18T16:54:46.010,59.480,0.475,-0.896,-0.003
1574114086020,2019-11-18T16:54:46.020,59.490,0.470,-0.894,-0.005
1574114086030,2019-11-18T16:54:46.030,59.500,0.462,-0.896,-0.009
1574114086040,2019-11-18T16:54:46.040,59.510,0.460,-0.898,-0.011
1574114086050,2019-11-18T16:54:46.050,59.520,0.459,-0.897,-0.011
1574114086060,2019-11-18T16:54:46.060,59.530,0.459,-0.900,-0.012
1574114086070,2019-11-18T16:54:46.070,59.540,0.463,-0.908,-0.011
1574114086080,2019-11-18T16:54:46.080,59.550,0.464,-0.907,-0.012
1574114086090,2019-11-18T16:54:46.090,59.560,0.466,-0.901,-0.012
1574114086100,2019-11-18T16:54:46.100,59.570,0.464,-0.904,-0.008
1574114086110,2019-11-18T16:54:46.110,59.580,0.466,-0.913,-0.010
1574114086120,2019-11-18T16:54:46.120,59.590,0.465,-0.910,-0.013
1574114086130,2019-11-18T16:54:46.130,59.600,0.462,-0.906,-0.008
1574114086140,2019-11-18T16:54:46.140,59.610,0.460,-0.904,-0.007
1574114086150,2019-11-18T16:54:46.150,59.620,0.463,-0.905,-0.009
1574114086160,2019-11-18T16:54:46.160,59.630,0.465,-0.900,-0.005
1574114086170,2019-11-18T16:54:46.170,59.640,0.466,-0.901,-0.002
1574114086180,2019-11-18T16:54:46.180,59.650,0.470,-0.907,-0.001
1574114086190,2019-11-18T16:54:46.190,59.660,0.473,-0.907,0.001
1574114086200,2019-11-18T16:54:46.200,59.670,0.470,-0.901,0.003
1574114086210,2019-11-18T16:54:46.210,59.680,0.468,-0.899,0.006
1574114086220,2019-11-18T16:54:46.220,59.690,0.467,-0.899,0.009
1574114086230,2019-11-18T16:54:46.230,59.700,0.463,-0.892,0.011
1574114086240,2019-11-18T16:54:46.240,59.710,0.467,-0.886,0.013
1574114086250,2019-11-18T16:54:46.250,59.720,0.465,-0.884,0.012
1574114086260,2019-11-18T16:54:46.260,59.730,0.466,-0.880,0.014
1574114086270,2019-11-18T16:54:46.270,59.740,0.461,-0.881,0.012
1574114086280,2019-11-18T16:54:46.280,59.750,0.455,-0.888,0.010
1574114086290,2019-11-18T16:54:46.290,59.760,0.455,-0.890,0.010
1574114086300,2019-11-18T16:54:46.300,59.770,0.452,-0.888,0.007
1574114086310,2019-11-18T16:54:46.310,59.780,0.447,-0.889,0.007
1574114086320,2019-11-18T16:54:46.320,59.790,0.447,-0.896,0.006
1574114086330,2019-11-18T16:54:46.330,59.800,0.449,-0.899,0.005
1574114086340,2019-11-18T16:54:46.340,59.810,0.449,-0.893,-0.000
1574114086350,2019-11-18T16:54:46.350,59.820,0.452,-0.892,-0.004
1574114086360,2019-11-18T16:54:46.360,59.830,0.449,-0.897,-0.007
1574114086370,2019-11-18T16:54:46.370,59.840,0.446,-0.904,-0.005
1574114086380,2019-11-18T16:54:46.380,59.850,0.449,-0.910,-0.004
1574114086390,2019-11-18T16:54:46.390,59.860,0.446,-0.918,-0.002
1574114086400,2019-11-18T16:54:46.400,59.870,0.445,-0.916,-0.004
1574114086410,2019-11-18T16:54:46.410,59.880,0.448,-0.902,-0.006
1574114086420,2019-11-18T16:54:46.420,59.890,0.447,-0.889,-0.002
1574114086430,2019-11-18T16:54:46.430,59.900,0.445,-0.888,-0.002
1574114086440,2019-11-18T16:54:46.440,59.910,0.455,-0.894,-0.004
1574114086450,2019-11-18T16:54:46.450,59.920,0.456,-0.890,-0.004
1574114086460,2019-11-18T16:54:46.460,59.930,0.455,-0.882,-0.003
1574114086470,2019-11-18T16:54:46.470,59.940,0.457,-0.881,-0.003
1574114086480,2019-11-18T16:54:46.480,59.950,0.458,-0.887,-0.002
1574114086490,2019-11-18T16:54:46.490,59.960,0.461,-0.890,0.001
1574114086500,2019-11-18T16:54:46.500,59.970,0.465,-0.891,0.001
1574114086510,2019-11-18T16:54:46.510,59.980,0.465,-0.889,-0.000
1574114086520,2019-11-18T16:54:46.520,59.990,0.468,-0.889,0.003
1574114086530,2019-11-18T16:54:46.530,60.000,0.472,-0.894,0.005
1574114086540,2019-11-18T16:54:46.540,60.010,0.474,-0.896,0.005
1574114086550,2019-11-18T16:54:46.550,60.020,0.475,-0.900,0.002
1574114086560,2019-11-18T16:54:46.560,60.030,0.473,-0.894,0.001
1574114086570,2019-11-18T16:54:46.570,60.040,0.471,-0.890,0.002
1574114086580,2019-11-18T16:54:46.580,60.050,0.469,-0.897,-0.001
1574114086590,2019-11-18T16:54:46.590,60.060,0.470,-0.904,-0.003
1574114086600,2019-11-18T16:54:46.600,60.070,0.466,-0.900,-0.003
1574114086610,2019-11-18T16:54:46.610,60.080,0.462,-0.902,-0.004
1574114086620,2019-11-18T16:54:46.620,60.090,0.461,-0.901,-0.007
1574114086630,2019-11-18T16:54:46.630,60.100,0.460,-0.897,-0.005
1574114086640,2019-11-18T16:54:46.640,60.110,0.463,-0.895,-0.005
1574114086650,2019-11-18T16:54:46.650,60.120,0.465,-0.895,-0.002
1574114086660,2019-11-18T16:54:46.660,60.130,0.470,-0.895,-0.003
1574114086670,2019-11-18T16:54:46.670,60.140,0.472,-0.896,0.000
1574114086680,2019-11-18T16:54:46.680,60.150,0.468,-0.895,-0.002
1574114086690,2019-11-18T16:54:46.690,60.160,0.465,-0.895,0.002
1574114086700,2019-11-18T16:54:46.700,60.170,0.467,-0.899,0.002
1574114086710,2019-11-18T16:54:46.710,60.180,0.469,-0.899,0.004
1574114086720,2019-11-18T16:54:46.720,60.190,0.464,-0.892,0.005
1574114086730,2019-11-18T16:54:46.730,60.200,0.462,-0.896,0.002
1574114086740,2019-11-18T16:54:46.740,60.210,0.465,-0.895,0.003
1574114086750,2019-11-18T16:54:46.750,60.220,0.462,-0.888,0.007
1574114086760,2019-11-18T16:54:46.760,60.230,0.462,-0.890,0.005
1574114086770,2019-11-18T16:54:46.770,60.240,0.465,-0.889,0.003
1574114086780,2019-11-18T16:54:46.780,60.250,0.463,-0.890,0.002
1574114086790,2019-11-18T16:54:46.790,60.260,0.461,-0.891,0.000
1574114086800,2019-11-18T16:54:46.800,60.270,0.462,-0.892,-0.003
1574114086810,2019-11-18T16:54:46.810,60.280,0.462,-0.890,-0.002
1574114086820,2019-11-18T16:54:46.820,60.290,0.462,-0.896,-0.004
1574114086830,2019-11-18T16:54:46.830,60.300,0.462,-0.901,-0.005
1574114086840,2019-11-18T16:54:46.840,60.310,0.461,-0.898,-0.007
1574114086850,2019-11-18T16:54:46.850,60.320,0.459,-0.904,-0.007
1574114086860,2019-11-18T16:54:46.860,60.330,0.461,-0.908,-0.007
1574114086870,2019-11-18T16:54:46.870,60.340,0.461,-0.904,-0.005
1574114086880,2019-11-18T16:54:46.880,60.350,0.459,-0.896,-0.004
1574114086890,2019-11-18T16:54:46.890,60.360,0.460,-0.892,-0.002
1574114086900,2019-11-18T16:54:46.900,60.370,0.463,-0.897,-0.001
1574114086910,2019-11-18T16:54:46.910,60.380,0.463,-0.897,-0.004
1574114086920,2019-11-18T16:54:46.920,60.390,0.461,-0.893,-0.005
1574114086930,2019-11-18T16:54:46.930,60.400,0.456,-0.898,-0.003
1574114086940,2019-11-18T16:54:46.940,60.410,0.459,-0.907,-0.003
1574114086950,2019-11-18T16:54:46.950,60.420,0.462,-0.901,-0.002
1574114086960,2019-11-18T16:54:46.960,60.430,0.454,-0.893,-0.004
1574114086970,2019-11-18T16:54:46.970,60.440,0.447,-0.884,-0.004
1574114086980,2019-11-18T16:54:46.980,60.450,0.450,-0.893,-0.002
1574114086990,2019-11-18T16:54:46.990,60.460,0.456,-0.900,-0.006
1574114087000,2019-11-18T16:54:47.000,60.470,0.454,-0.892,-0.008
1574114087010,2019-11-18T16:54:47.010,60.480,0.449,-0.890,-0.007
1574114087020,2019-11-18T16:54:47.020,60.490,0.453,-0.893,-0.005
1574114087030,2019-11-18T16:54:47.030,60.500,0.456,-0.895,-0.008
1574114087040,2019-11-18T16:54:47.040,60.510,0.456,-0.893,-0.006
1574114087050,2019-11-18T16:54:47.050,60.520,0.454,-0.890,-0.006
1574114087060,2019-11-18T16:54:47.060,60.530,0.456,-0.894,-0.008
1574114087070,2019-11-18T16:54:47.070,60.540,0.456,-0.892,-0.007
1574114087080,2019-11-18T16:54:47.080,60.550,0.454,-0.891,-0.006
1574114087090,2019-11-18T16:54:47.090,60.560,0.460,-0.896,-0.006
1574114087100,2019-11-18T16:54:47.100,60.570,0.463,-0.898,-0.006
1574114087110,2019-11-18T16:54:47.110,60.580,0.465,-0.897,-0.003
1574114087120,2019-11-18T16:54:47.120,60.590,0.465,-0.897,-0.004
1574114087130,2019-11-18T16:54:47.130,60.600,0.463,-0.897,-0.006
1574114087140,2019-11-18T16:54:47.140,60.610,0.465,-0.897,-0.005
1574114087150,2019-11-18T16:54:47.150,60.620,0.467,-0.897,-0.006
1574114087160,2019-11-18T16:54:47.160,60.630,0.462,-0.899,-0.007
1574114087170,2019-11-18T16:54:47.170,60.640,0.462,-0.897,-0.006
1574114087180,2019-11-18T16:54:47.180,60.650,0.460,-0.896,-0.007
1574114087190,2019-11-18T16:54:47.190,60.660,0.460,-0.896,-0.014
1574114087200,2019-11-18T16:54:47.200,60.670,0.459,-0.892,-0.018
1574114087210,2019-11-18T16:54:47.210,60.680,0.455,-0.892,-0.015
1574114087220,2019-11-18T16:54:47.220,60.690,0.456,-0.897,-0.016
1574114087230,2019-11-18T16:54:47.230,60.700,0.453,-0.902,-0.020
1574114087240,2019-11-18T16:54:47.240,60.710,0.451,-0.899,-0.019
1574114087250,2019-11-18T16:54:47.250,60.720,0.447,-0.903,-0.024
1574114087260,2019-11-18T16:54:47.260,60.730,0.440,-0.912,-0.027
1574114087270,2019-11-18T16:54:47.270,60.740,0.441,-0.906,-0.030
1574114087280,2019-11-18T16:54:47.280,60.750,0.442,-0.904,-0.027
1574114087290,2019-11-18T16:54:47.290,60.760,0.444,-0.901,-0.024
1574114087300,2019-11-18T16:54:47.300,60.770,0.452,-0.900,-0.022
1574114087310,2019-11-18T16:54:47.310,60.780,0.459,-0.900,-0.022
1574114087320,2019-11-18T16:54:47.320,60.790,0.459,-0.900,-0.018
1574114087330,2019-11-18T16:54:47.330,60.800,0.453,-0.902,-0.024
1574114087340,2019-11-18T16:54:47.340,60.810,0.443,-0.906,-0.029
1574114087350,2019-11-18T16:54:47.350,60.820,0.441,-0.915,-0.034
1574114087360,2019-11-18T16:54:47.360,60.830,0.443,-0.909,-0.035
1574114087370,2019-11-18T16:54:47.370,60.840,0.430,-0.907,-0.044
1574114087380,2019-11-18T16:54:47.380,60.850,0.416,-0.915,-0.059
1574114087390,2019-11-18T16:54:47.390,60.860,0.384,-0.940,-0.100
1574114087400,2019-11-18T16:54:47.400,60.870,0.331,-1.016,-0.172
1574114087410,2019-11-18T16:54:47.410,60.880,0.289,-1.063,-0.225
1574114087420,2019-11-18T16:54:47.420,60.890,0.250,-1.034,-0.266
1574114087430,2019-11-18T16:54:47.430,60.900,0.199,-1.001,-0.307
1574114087440,2019-11-18T16:54:47.440,60.910,0.162,-1.022,-0.348
1574114087450,2019-11-18T16:54:47.450,60.920,0.155,-1.037,-0.387
1574114087460,2019-11-18T16:54:47.460,60.930,0.143,-1.026,-0.440
1574114087470,2019-11-18T16:54:47.470,60.940,0.129,-1.045,-0.491
1574114087480,2019-11-18T16:54:47.480,60.950,0.157,-1.083,-0.522
1574114087490,2019-11-18T16:54:47.490,60.960,0.213,-1.073,-0.538
1574114087500,2019-11-18T16:54:47.500,60.970,0.237,-1.009,-0.539
1574114087510,2019-11-18T16:54:47.510,60.980,0.254,-0.950,-0.517
1574114087520,2019-11-18T16:54:47.520,60.990,0.322,-0.934,-0.497
1574114087530,2019-11-18T16:54:47.530,61.000,0.391,-0.945,-0.469
1574114087540,2019-11-18T16:54:47.540,61.010,0.439,-0.952,-0.437
1574114087550,2019-11-18T16:54:47.550,61.020,0.491,-0.942,-0.427
1574114087560,2019-11-18T16:54:47.560,61.030,0.551,-0.924,-0.408
1574114087570,2019-11-18T16:54:47.570,61.040,0.598,-0.872,-0.359
1574114087580,2019-11-18T16:54:47.580,61.050,0.639,-0.795,-0.302
1574114087590,2019-11-18T16:54:47.590,61.060,0.655,-0.752,-0.258
1574114087600,2019-11-18T16:54:47.600,61.070,0.672,-0.754,-0.210
1574114087610,2019-11-18T16:54:47.610,61.080,0.692,-0.754,-0.149
1574114087620,2019-11-18T16:54:47.620,61.090,0.711,-0.755,-0.105
1574114087630,2019-11-18T16:54:47.630,61.100,0.723,-0.760,-0.065
1574114087640,2019-11-18T16:54:47.640,61.110,0.714,-0.770,-0.029
1574114087650,2019-11-18T16:54:47.650,61.120,0.725,-0.782,-0.005
1574114087660,2019-11-18T16:54:47.660,61.130,0.728,-0.765,0.032
1574114087670,2019-11-18T16:54:47.670,61.140,0.690,-0.751,0.067
1574114087680,2019-11-18T16:54:47.680,61.150,0.662,-0.750,0.095
1574114087690,2019-11-18T16:54:47.690,61.160,0.659,-0.737,0.118
1574114087700,2019-11-18T16:54:47.700,61.170,0.661,-0.730,0.143
1574114087710,2019-11-18T16:54:47.710,61.180,0.656,-0.750,0.178
1574114087720,2019-11-18T16:54:47.720,61.190,0.650,-0.773,0.172
1574114087730,2019-11-18T16:54:47.730,61.200,0.620,-0.801,0.167
1574114087740,2019-11-18T16:54:47.740,61.210,0.592,-0.834,0.167
1574114087750,2019-11-18T16:54:47.750,61.220,0.581,-0.838,0.148
1574114087760,2019-11-18T16:54:47.760,61.230,0.539,-0.844,0.128
1574114087770,2019-11-18T16:54:47.770,61.240,0.501,-0.842,0.111
1574114087780,2019-11-18T16:54:47.780,61.250,0.472,-0.841,0.100
1574114087790,2019-11-18T16:54:47.790,61.260,0.427,-0.897,0.033
1574114087800,2019-11-18T16:54:47.800,61.270,0.403,-0.963,-0.026
1574114087810,2019-11-18T16:54:47.810,61.280,0.418,-0.965,-0.029
1574114087820,2019-11-18T16:54:47.820,61.290,0.423,-0.937,-0.023
1574114087830,2019-11-18T16:54:47.830,61.300,0.407,-0.927,-0.021
1574114087840,2019-11-18T16:54:47.840,61.310,0.387,-0.940,-0.034
1574114087850,2019-11-18T16:54:47.850,61.320,0.346,-0.990,-0.078
1574114087860,2019-11-18T16:54:47.860,61.330,0.339,-0.995,-0.082
1574114087870,2019-11-18T16:54:47.870,61.340,0.400,-0.970,-0.042
1574114087880,2019-11-18T16:54:47.880,61.350,0.444,-0.958,-0.020
1574114087890,2019-11-18T16:54:47.890,61.360,0.445,-0.887,0.014
1574114087900,2019-11-18T16:54:47.900,61.370,0.426,-0.795,0.050
1574114087910,2019-11-18T16:54:47.910,61.380,0.423,-0.803,0.044
1574114087920,2019-11-18T16:54:47.920,61.390,0.412,-0.878,0.018
1574114087930,2019-11-18T16:54:47.930,61.400,0.419,-0.927,0.022
1574114087940,2019-11-18T16:54:47.940,61.410,0.448,-0.906,0.042
1574114087950,2019-11-18T16:54:47.950,61.420,0.452,-0.844,0.085
1574114087960,2019-11-18T16:54:47.960,61.430,0.457,-0.835,0.100
1574114087970,2019-11-18T16:54:47.970,61.440,0.452,-0.871,0.090
1574114087980,2019-11-18T16:54:47.980,61.450,0.451,-0.938,0.054
1574114087990,2019-11-18T16:54:47.990,61.460,0.434,-0.962,0.026
1574114088000,2019-11-18T16:54:48.000,61.470,0.436,-0.961,0.016
1574114088010,2019-11-18T16:54:48.010,61.480,0.458,-0.908,0.043
1574114088020,2019-11-18T16:54:48.020,61.490,0.475,-0.872,0.070
1574114088030,2019-11-18T16:54:48.030,61.500,0.483,-0.879,0.084
1574114088040,2019-11-18T16:54:48.040,61.510,0.479,-0.880,0.077
1574114088050,2019-11-18T16:54:48.050,61.520,0.443,-0.916,0.035
1574114088060,2019-11-18T16:54:48.060,61.530,0.407,-0.978,-0.008
1574114088070,2019-11-18T16:54:48.070,61.540,0.415,-1.000,-0.021
1574114088080,2019-11-18T16:54:48.080,61.550,0.438,-0.967,0.000
1574114088090,2019-11-18T16:54:48.090,61.560,0.443,-0.925,0.018
1574114088100,2019-11-18T16:54:48.100,61.570,0.437,-0.903,0.035
1574114088110,2019-11-18T16:54:48.110,61.580,0.439,-0.862,0.064
1574114088120,2019-11-18T16:54:48.120,61.590,0.432,-0.863,0.071
1574114088130,2019-11-18T16:54:48.130,61.600,0.427,-0.943,0.045
1574114088140,2019-11-18T16:54:48.140,61.610,0.431,-0.997,0.005
1574114088150,2019-11-18T16:54:48.150,61.620,0.427,-0.957,0.010
1574114088160,2019-11-18T16:54:48.160,61.630,0.430,-0.911,0.035
1574114088170,2019-11-18T16:54:48.170,61.640,0.427,-0.905,0.052
1574114088180,2019-11-18T16:54:48.180,61.650,0.427,-0.890,0.071
1574114088190,2019-11-18T16:54:48.190,61.660,0.434,-0.893,0.072
1574114088200,2019-11-18T16:54:48.200,61.670,0.421,-0.939,0.037
1574114088210,2019-11-18T16:54:48.210,61.680,0.403,-1.008,-0.017
1574114088220,2019-11-18T16:54:48.220,61.690,0.392,-0.960,-0.013
1574114088230,2019-11-18T16:54:48.230,61.700,0.386,-0.900,0.022
1574114088240,2019-11-18T16:54:48.240,61.710,0.380,-0.916,0.035
1574114088250,2019-11-18T16:54:48.250,61.720,0.384,-0.910,0.045
1574114088260,2019-11-18T16:54:48.260,61.730,0.399,-0.899,0.055
1574114088270,2019-11-18T16:54:48.270,61.740,0.408,-0.926,0.046
1574114088280,2019-11-18T16:54:48.280,61.750,0.402,-0.964,0.022
1574114088290,2019-11-18T16:54:48.290,61.760,0.394,-0.972,0.008
1574114088300,2019-11-18T16:54:48.300,61.770,0.390,-0.942,0.030
1574114088310,2019-11-18T16:54:48.310,61.780,0.385,-0.929,0.039
1574114088320,2019-11-18T16:54:48.320,61.790,0.371,-0.929,0.034
1574114088330,2019-11-18T16:54:48.330,61.800,0.367,-0.914,0.036
1574114088340,2019-11-18T16:54:48.340,61.810,0.380,-0.912,0.048
1574114088350,2019-11-18T16:54:48.350,61.820,0.382,-0.923,0.053
1574114088360,2019-11-18T16:54:48.360,61.830,0.392,-0.939,0.042
1574114088370,2019-11-18T16:54:48.370,61.840,0.392,-0.949,0.030
1574114088380,2019-11-18T16:54:48.380,61.850,0.386,-0.944,0.038
1574114088390,2019-11-18T16:54:48.390,61.860,0.386,-0.936,0.048
1574114088400,2019-11-18T16:54:48.400,61.870,0.393,-0.939,0.052
1574114088410,2019-11-18T16:54:48.410,61.880,0.387,-0.921,0.062
1574114088420,2019-11-18T16:54:48.420,61.890,0.379,-0.911,0.067
1574114088430,2019-11-18T16:54:48.430,61.900,0.383,-0.932,0.058
1574114088440,2019-11-18T16:54:48.440,61.910,0.387,-0.965,0.045
1574114088450,2019-11-18T16:54:48.450,61.920,0.386,-0.962,0.037
1574114088460,2019-11-18T16:54:48.460,61.930,0.387,-0.953,0.040
1574114088470,2019-11-18T16:54:48.470,61.940,0.378,-0.941,0.045
1574114088480,2019-11-18T16:54:48.480,61.950,0.364,-0.911,0.056
1574114088490,2019-11-18T16:54:48.490,61.960,0.360,-0.911,0.051
1574114088500,2019-11-18T16:54:48.500,61.970,0.367,-0.931,0.059
1574114088510,2019-11-18T16:54:48.510,61.980,0.375,-0.934,0.053
1574114088520,2019-11-18T16:54:48.520,61.990,0.376,-0.949,0.040
1574114088530,2019-11-18T16:54:48.530,62.000,0.382,-0.959,0.035
1574114088540,2019-11-18T16:54:48.540,62.010,0.378,-0.945,0.039
1574114088550,2019-11-18T16:54:48.550,62.020,0.363,-0.920,0.052
1574114088560,2019-11-18T16:54:48.560,62.030,0.362,-0.929,0.056
1574114088570,2019-11-18T16:54:48.570,62.040,0.369,-0.920,0.061
1574114088580,2019-11-18T16:54:48.580,62.050,0.375,-0.922,0.064
1574114088590,2019-11-18T16:54:48.590,62.060,0.380,-0.941,0.057
1574114088600,2019-11-18T16:54:48.600,62.070,0.374,-0.938,0.047
1574114088610,2019-11-18T16:54:48.610,62.080,0.369,-0.931,0.051
1574114088620,2019-11-18T16:54:48.620,62.090,0.367,-0.944,0.048
1574114088630,2019-11-18T16:54:48.630,62.100,0.368,-0.942,0.046
1574114088640,2019-11-18T16:54:48.640,62.110,0.363,-0.914,0.047
1574114088650,2019-11-18T16:54:48.650,62.120,0.354,-0.928,0.044
1574114088660,2019-11-18T16:54:48.660,62.130,0.355,-0.936,0.041
1574114088670,2019-11-18T16:54:48.670,62.140,0.366,-0.943,0.042
1574114088680,2019-11-18T16:54:48.680,62.150,0.378,-0.958,0.048
1574114088690,2019-11-18T16:54:48.690,62.160,0.387,-0.939,0.062
1574114088700,2019-11-18T16:54:48.700,62.170,0.384,-0.919,0.064
1574114088710,2019-11-18T16:54:48.710,62.180,0.368,-0.913,0.061
1574114088720,2019-11-18T16:54:48.720,62.190,0.356,-0.919,0.052
1574114088730,2019-11-18T16:54:48.730,62.200,0.360,-0.938,0.048
1574114088740,2019-11-18T16:54:48.740,62.210,0.369,-0.931,0.047
1574114088750,2019-11-18T16:54:48.750,62.220,0.373,-0.935,0.053
1574114088760,2019-11-18T16:54:48.760,62.230,0.374,-0.938,0.051
1574114088770,2019-11-18T16:54:48.770,62.240,0.369,-0.921,0.057
1574114088780,2019-11-18T16:54:48.780,62.250,0.370,-0.920,0.058
1574114088790,2019-11-18T16:54:48.790,62.260,0.363,-0.923,0.058
1574114088800,2019-11-18T16:54:48.800,62.270,0.358,-0.933,0.055
1574114088810,2019-11-18T16:54:48.810,62.280,0.358,-0.940,0.047
1574114088820,2019-11-18T16:54:48.820,62.290,0.354,-0.930,0.036
1574114088830,2019-11-18T16:54:48.830,62.300,0.342,-0.944,0.028
1574114088840,2019-11-18T16:54:48.840,62.310,0.332,-0.942,0.009
1574114088850,2019-11-18T16:54:48.850,62.320,0.319,-0.924,0.009
1574114088860,2019-11-18T16:54:48.860,62.330,0.319,-0.917,0.012
1574114088870,2019-11-18T16:54:48.870,62.340,0.320,-0.926,0.009
1574114088880,2019-11-18T16:54:48.880,62.350,0.326,-0.938,-0.001
1574114088890,2019-11-18T16:54:48.890,62.360,0.318,-0.943,-0.013
1574114088900,2019-11-18T16:54:48.900,62.370,0.316,-0.959,-0.021
1574114088910,2019-11-18T16:54:48.910,62.380,0.333,-0.956,-0.010
1574114088920,2019-11-18T16:54:48.920,62.390,0.359,-0.933,0.032
1574114088930,2019-11-18T16:54:48.930,62.400,0.391,-0.926,0.062
1574114088940,2019-11-18T16:54:48.940,62.410,0.402,-0.911,0.075
1574114088950,2019-11-18T16:54:48.950,62.420,0.408,-0.893,0.083
1574114088960,2019-11-18T16:54:48.960,62.430,0.408,-0.903,0.074
1574114088970,2019-11-18T16:54:48.970,62.440,0.413,-0.930,0.073
1574114088980,2019-11-18T16:54:48.980,62.450,0.434,-0.916,0.093
1574114088990,2019-11-18T16:54:48.990,62.460,0.444,-0.896,0.098
1574114089000,2019-11-18T16:54:49.000,62.470,0.439,-0.902,0.102
1574114089010,2019-11-18T16:54:49.010,62.480,0.437,-0.924,0.089
1574114089020,2019-11-18T16:54:49.020,62.490,0.437,-0.942,0.071
1574114089030,2019-11-18T16:54:49.030,62.500,0.437,-0.933,0.070
1574114089040,2019-11-18T16:54:49.040,62.510,0.434,-0.906,0.083
1574114089050,2019-11-18T16:54:49.050,62.520,0.437,-0.895,0.100
1574114089060,2019-11-18T16:54:49.060,62.530,0.445,-0.890,0.104
1574114089070,2019-11-18T16:54:49.070,62.540,0.448,-0.874,0.095
1574114089080,2019-11-18T16:54:49.080,62.550,0.438,-0.887,0.085
1574114089090,2019-11-18T16:54:49.090,62.560,0.441,-0.916,0.083
1574114089100,2019-11-18T16:54:49.100,62.570,0.459,-0.904,0.094
1574114089110,2019-11-18T16:54:49.110,62.580,0.476,-0.896,0.104
1574114089120,2019-11-18T16:54:49.120,62.590,0.478,-0.911,0.104
1574114089130,2019-11-18T16:54:49.130,62.600,0.469,-0.901,0.097
1574114089140,2019-11-18T16:54:49.140,62.610,0.459,-0.894,0.094
1574114089150,2019-11-18T16:54:49.150,62.620,0.456,-0.910,0.083
1574114089160,2019-11-18T16:54:49.160,62.630,0.467,-0.936,0.081
1574114089170,2019-11-18T16:54:49.170,62.640,0.481,-0.925,0.092
1574114089180,2019-11-18T16:54:49.180,62.650,0.488,-0.898,0.113
1574114089190,2019-11-18T16:54:49.190,62.660,0.493,-0.880,0.121
1574114089200,2019-11-18T16:54:49.200,62.670,0.487,-0.874,0.104
1574114089210,2019-11-18T16:54:49.210,62.680,0.467,-0.899,0.084
1574114089220,2019-11-18T16:54:49.220,62.690,0.459,-0.905,0.074
1574114089230,2019-11-18T16:54:49.230,62.700,0.473,-0.890,0.080
1574114089240,2019-11-18T16:54:49.240,62.710,0.484,-0.896,0.087
1574114089250,2019-11-18T16:54:49.250,62.720,0.490,-0.889,0.098
1574114089260,2019-11-18T16:54:49.260,62.730,0.492,-0.858,0.108
1574114089270,2019-11-18T16:54:49.270,62.740,0.488,-0.846,0.116
1574114089280,2019-11-18T16:54:49.280,62.750,0.477,-0.876,0.097
1574114089290,2019-11-18T16:54:49.290,62.760,0.475,-0.903,0.072
1574114089300,2019-11-18T16:54:49.300,62.770,0.479,-0.922,0.061
1574114089310,2019-11-18T16:54:49.310,62.780,0.476,-0.922,0.063
1574114089320,2019-11-18T16:54:49.320,62.790,0.480,-0.897,0.075
1574114089330,2019-11-18T16:54:49.330,62.800,0.485,-0.875,0.087
1574114089340,2019-11-18T16:54:49.340,62.810,0.485,-0.865,0.099
1574114089350,2019-11-18T16:54:49.350,62.820,0.485,-0.863,0.099
1574114089360,2019-11-18T16:54:49.360,62.830,0.489,-0.880,0.085
1574114089370,2019-11-18T16:54:49.370,62.840,0.488,-0.913,0.067
1574114089380,2019-11-18T16:54:49.380,62.850,0.494,-0.922,0.060
1574114089390,2019-11-18T16:54:49.390,62.860,0.502,-0.903,0.068
1574114089400,2019-11-18T16:54:49.400,62.870,0.499,-0.880,0.078
1574114089410,2019-11-18T16:54:49.410,62.880,0.492,-0.865,0.086
1574114089420,2019-11-18T16:54:49.420,62.890,0.493,-0.862,0.092
1574114089430,2019-11-18T16:54:49.430,62.900,0.508,-0.858,0.102
1574114089440,2019-11-18T16:54:49.440,62.910,0.525,-0.868,0.104
1574114089450,2019-11-18T16:54:49.450,62.920,0.538,-0.893,0.100
1574114089460,2019-11-18T16:54:49.460,62.930,0.541,-0.871,0.111
1574114089470,2019-11-18T16:54:49.470,62.940,0.536,-0.844,0.127
1574114089480,2019-11-18T16:54:49.480,62.950,0.532,-0.851,0.126
1574114089490,2019-11-18T16:54:49.490,62.960,0.525,-0.843,0.131
1574114089500,2019-11-18T16:54:49.500,62.970,0.530,-0.830,0.136
1574114089510,2019-11-18T16:54:49.510,62.980,0.532,-0.853,0.110
1574114089520,2019-11-18T16:54:49.520,62.990,0.528,-0.897,0.072
1574114089530,2019-11-18T16:54:49.530,63.000,0.516,-0.910,0.041
1574114089540,2019-11-18T16:54:49.540,63.010,0.486,-0.904,0.020
1574114089550,2019-11-18T16:54:49.550,63.020,0.456,-0.882,0.031
1574114089560,2019-11-18T16:54:49.560,63.030,0.440,-0.885,0.042
1574114089570,2019-11-18T16:54:49.570,63.040,0.451,-0.886,0.045
1574114089580,2019-11-18T16:54:49.580,63.050,0.459,-0.859,0.055
1574114089590,2019-11-18T16:54:49.590,63.060,0.456,-0.849,0.041
1574114089600,2019-11-18T16:54:49.600,63.070,0.440,-0.914,-0.009
1574114089610,2019-11-18T16:54:49.610,63.080,0.445,-0.983,-0.038
1574114089620,2019-11-18T16:54:49.620,63.090,0.459,-0.938,-0.016
1574114089630,2019-11-18T16:54:49.630,63.100,0.459,-0.890,0.025
1574114089640,2019-11-18T16:54:49.640,63.110,0.467,-0.912,0.041
1574114089650,2019-11-18T16:54:49.650,63.120,0.477,-0.899,0.061
1574114089660,2019-11-18T16:54:49.660,63.130,0.480,-0.862,0.077
1574114089670,2019-11-18T16:54:49.670,63.140,0.487,-0.859,0.074
1574114089680,2019-11-18T16:54:49.680,63.150,0.498,-0.879,0.068
1574114089690,2019-11-18T16:54:49.690,63.160,0.514,-0.880,0.073
1574114089700,2019-11-18T16:54:49.700,63.170,0.528,-0.869,0.075
1574114089710,2019-11-18T16:54:49.710,63.180,0.532,-0.868,0.073
1574114089720,2019-11-18T16:54:49.720,63.190,0.517,-0.863,0.078
1574114089730,2019-11-18T16:54:49.730,63.200,0.507,-0.866,0.081
1574114089740,2019-11-18T16:54:49.740,63.210,0.511,-0.878,0.085
1574114089750,2019-11-18T16:54:49.750,63.220,0.515,-0.875,0.082
1574114089760,2019-11-18T16:54:49.760,63.230,0.514,-0.859,0.074
1574114089770,2019-11-18T16:54:49.770,63.240,0.510,-0.872,0.058
1574114089780,2019-11-18T16:54:49.780,63.250,0.519,-0.892,0.038
1574114089790,2019-11-18T16:54:49.790,63.260,0.527,-0.880,0.030
1574114089800,2019-11-18T16:54:49.800,63.270,0.515,-0.857,0.036
1574114089810,2019-11-18T16:54:49.810,63.280,0.503,-0.873,0.037
1574114089820,2019-11-18T16:54:49.820,63.290,0.506,-0.895,0.032
1574114089830,2019-11-18T16:54:49.830,63.300,0.508,-0.905,0.036
1574114089840,2019-11-18T16:54:49.840,63.310,0.516,-0.899,0.038
1574114089850,2019-11-18T16:54:49.850,63.320,0.522,-0.890,0.035
1574114089860,2019-11-18T16:54:49.860,63.330,0.534,-0.884,0.040
1574114089870,2019-11-18T16:54:49.870,63.340,0.550,-0.883,0.042
1574114089880,2019-11-18T16:54:49.880,63.350,0.563,-0.886,0.048
1574114089890,2019-11-18T16:54:49.890,63.360,0.573,-0.870,0.060
1574114089900,2019-11-18T16:54:49.900,63.370,0.588,-0.857,0.075
1574114089910,2019-11-18T16:54:49.910,63.380,0.604,-0.865,0.083
1574114089920,2019-11-18T16:54:49.920,63.390,0.623,-0.866,0.099
1574114089930,2019-11-18T16:54:49.930,63.400,0.665,-0.841,0.125
1574114089940,2019-11-18T16:54:49.940,63.410,0.724,-0.832,0.165
1574114089950,2019-11-18T16:54:49.950,63.420,0.793,-0.887,0.192
1574114089960,2019-11-18T16:54:49.960,63.430,0.856,-0.952,0.192
1574114089970,2019-11-18T16:54:49.970,63.440,0.884,-0.959,0.202
1574114089980,2019-11-18T16:54:49.980,63.450,0.884,-0.921,0.194
1574114089990,2019-11-18T16:54:49.990,63.460,0.868,-0.871,0.176
1574114090000,2019-11-18T16:54:50.000,63.470,0.829,-0.811,0.167
1574114090010,2019-11-18T16:54:50.010,63.480,0.801,-0.758,0.169
1574114090020,2019-11-18T16:54:50.020,63.490,0.783,-0.742,0.150
1574114090030,2019-11-18T16:54:50.030,63.500,0.748,-0.750,0.112
1574114090040,2019-11-18T16:54:50.040,63.510,0.681,-0.808,0.048
1574114090050,2019-11-18T16:54:50.050,63.520,0.623,-0.857,0.000
1574114090060,2019-11-18T16:54:50.060,63.530,0.577,-0.847,-0.015
1574114090070,2019-11-18T16:54:50.070,63.540,0.530,-0.855,-0.029
1574114090080,2019-11-18T16:54:50.080,63.550,0.489,-0.885,-0.045
1574114090090,2019-11-18T16:54:50.090,63.560,0.453,-0.889,-0.054
1574114090100,2019-11-18T16:54:50.100,63.570,0.416,-0.880,-0.055
1574114090110,2019-11-18T16:54:50.110,63.580,0.387,-0.873,-0.057
1574114090120,2019-11-18T16:54:50.120,63.590,0.362,-0.860,-0.054
1574114090130,2019-11-18T16:54:50.130,63.600,0.348,-0.851,-0.053
1574114090140,2019-11-18T16:54:50.140,63.610,0.333,-0.861,-0.049
1574114090150,2019-11-18T16:54:50.150,63.620,0.322,-0.888,-0.049
1574114090160,2019-11-18T16:54:50.160,63.630,0.322,-0.897,-0.039
1574114090170,2019-11-18T16:54:50.170,63.640,0.320,-0.896,-0.021
1574114090180,2019-11-18T16:54:50.180,63.650,0.322,-0.895,-0.002
1574114090190,2019-11-18T16:54:50.190,63.660,0.336,-0.882,0.029
1574114090200,2019-11-18T16:54:50.200,63.670,0.355,-0.879,0.054
1574114090210,2019-11-18T16:54:50.210,63.680,0.372,-0.894,0.080
1574114090220,2019-11-18T16:54:50.220,63.690,0.386,-0.897,0.095
1574114090230,2019-11-18T16:54:50.230,63.700,0.395,-0.890,0.114
1574114090240,2019-11-18T16:54:50.240,63.710,0.402,-0.895,0.131
1574114090250,2019-11-18T16:54:50.250,63.720,0.411,-0.899,0.141
1574114090260,2019-11-18T16:54:50.260,63.730,0.422,-0.890,0.146
1574114090270,2019-11-18T16:54:50.270,63.740,0.438,-0.874,0.158
1574114090280,2019-11-18T16:54:50.280,63.750,0.464,-0.864,0.179
1574114090290,2019-11-18T16:54:50.290,63.760,0.487,-0.870,0.193
1574114090300,2019-11-18T16:54:50.300,63.770,0.494,-0.887,0.199
1574114090310,2019-11-18T16:54:50.310,63.780,0.506,-0.880,0.213
1574114090320,2019-11-18T16:54:50.320,63.790,0.527,-0.850,0.229
1574114090330,2019-11-18T16:54:50.330,63.800,0.545,-0.841,0.233
1574114090340,2019-11-18T16:54:50.340,63.810,0.574,-0.843,0.240
1574114090350,2019-11-18T16:54:50.350,63.820,0.599,-0.828,0.238
1574114090360,2019-11-18T16:54:50.360,63.830,0.614,-0.830,0.237
1574114090370,2019-11-18T16:54:50.370,63.840,0.620,-0.846,0.212
1574114090380,2019-11-18T16:54:50.380,63.850,0.604,-0.856,0.175
1574114090390,2019-11-18T16:54:50.390,63.860,0.576,-0.870,0.138
1574114090400,2019-11-18T16:54:50.400,63.870,0.549,-0.877,0.105
1574114090410,2019-11-18T16:54:50.410,63.880,0.533,-0.880,0.084
1574114090420,2019-11-18T16:54:50.420,63.890,0.530,-0.877,0.065
1574114090430,2019-11-18T16:54:50.430,63.900,0.529,-0.856,0.048
1574114090440,2019-11-18T16:54:50.440,63.910,0.519,-0.846,0.026
1574114090450,2019-11-18T16:54:50.450,63.920,0.495,-0.865,-0.002
1574114090460,2019-11-18T16:54:50.460,63.930,0.458,-0.868,-0.035
1574114090470,2019-11-18T16:54:50.470,63.940,0.431,-0.826,-0.053
1574114090480,2019-11-18T16:54:50.480,63.950,0.414,-0.779,-0.058
1574114090490,2019-11-18T16:54:50.490,63.960,0.392,-0.783,-0.063
1574114090500,2019-11-18T16:54:50.500,63.970,0.360,-0.846,-0.084
1574114090510,2019-11-18T16:54:50.510,63.980,0.324,-0.924,-0.110
1574114090520,2019-11-18T16:54:50.520,63.990,0.296,-0.970,-0.133
1574114090530,2019-11-18T16:54:50.530,64.000,0.265,-0.988,-0.153
1574114090540,2019-11-18T16:54:50.540,64.010,0.231,-0.999,-0.179
1574114090550,2019-11-18T16:54:50.550,64.020,0.212,-0.985,-0.189
1574114090560,2019-11-18T16:54:50.560,64.030,0.208,-0.956,-0.188
1574114090570,2019-11-18T16:54:50.570,64.040,0.210,-0.923,-0.192
1574114090580,2019-11-18T16:54:50.580,64.050,0.210,-0.908,-0.195
1574114090590,2019-11-18T16:54:50.590,64.060,0.196,-0.906,-0.204
1574114090600,2019-11-18T16:54:50.600,64.070,0.179,-0.915,-0.211
1574114090610,2019-11-18T16:54:50.610,64.080,0.169,-0.929,-0.212
1574114090620,2019-11-18T16:54:50.620,64.090,0.167,-0.949,-0.213
1574114090630,2019-11-18T16:54:50.630,64.100,0.167,-0.966,-0.213
1574114090640,2019-11-18T16:54:50.640,64.110,0.167,-0.965,-0.206
1574114090650,2019-11-18T16:54:50.650,64.120,0.170,-0.953,-0.191
1574114090660,2019-11-18T16:54:50.660,64.130,0.183,-0.966,-0.178
1574114090670,2019-11-18T16:54:50.670,64.140,0.200,-1.003,-0.178
1574114090680,2019-11-18T16:54:50.680,64.150,0.195,-1.014,-0.173
1574114090690,2019-11-18T16:54:50.690,64.160,0.193,-1.002,-0.167
1574114090700,2019-11-18T16:54:50.700,64.170,0.201,-0.996,-0.163
1574114090710,2019-11-18T16:54:50.710,64.180,0.208,-1.001,-0.162
1574114090720,2019-11-18T16:54:50.720,64.190,0.205,-0.990,-0.158
1574114090730,2019-11-18T16:54:50.730,64.200,0.204,-0.983,-0.156
1574114090740,2019-11-18T16:54:50.740,64.210,0.210,-0.979,-0.160
1574114090750,2019-11-18T16:54:50.750,64.220,0.220,-0.977,-0.161
1574114090760,2019-11-18T16:54:50.760,64.230,0.218,-0.983,-0.165
1574114090770,2019-11-18T16:54:50.770,64.240,0.217,-0.984,-0.164
1574114090780,2019-11-18T16:54:50.780,64.250,0.223,-0.971,-0.159
1574114090790,2019-11-18T16:54:50.790,64.260,0.223,-0.964,-0.162
1574114090800,2019-11-18T16:54:50.800,64.270,0.227,-0.977,-0.167
1574114090810,2019-11-18T16:54:50.810,64.280,0.239,-0.982,-0.168
1574114090820,2019-11-18T16:54:50.820,64.290,0.245,-0.984,-0.169
1574114090830,2019-11-18T16:54:50.830,64.300,0.244,-0.992,-0.172
1574114090840,2019-11-18T16:54:50.840,64.310,0.245,-0.980,-0.174
1574114090850,2019-11-18T16:54:50.850,64.320,0.248,-0.971,-0.169
1574114090860,2019-11-18T16:54:50.860,64.330,0.255,-0.971,-0.166
1574114090870,2019-11-18T16:54:50.870,64.340,0.259,-0.977,-0.168
1574114090880,2019-11-18T16:54:50.880,64.350,0.253,-0.989,-0.169
1574114090890,2019-11-18T16:54:50.890,64.360,0.246,-0.987,-0.163
1574114090900,2019-11-18T16:54:50.900,64.370,0.255,-0.991,-0.159
1574114090910,2019-11-18T16:54:50.910,64.380,0.268,-1.009,-0.156
1574114090920,2019-11-18T16:54:50.920,64.390,0.266,-1.001,-0.160
1574114090930,2019-11-18T16:54:50.930,64.400,0.261,-0.988,-0.152
1574114090940,2019-11-18T16:54:50.940,64.410,0.258,-0.985,-0.150
1574114090950,2019-11-18T16:54:50.950,64.420,0.247,-0.980,-0.148
1574114090960,2019-11-18T16:54:50.960,64.430,0.243,-0.975,-0.148
1574114090970,2019-11-18T16:54:50.970,64.440,0.250,-0.979,-0.146
1574114090980,2019-11-18T16:54:50.980,64.450,0.256,-0.991,-0.137
1574114090990,2019-11-18T16:54:50.990,64.460,0.248,-0.964,-0.132
1574114091000,2019-11-18T16:54:51.000,64.470,0.238,-0.930,-0.124
1574114091010,2019-11-18T16:54:51.010,64.480,0.244,-0.940,-0.122
1574114091020,2019-11-18T16:54:51.020,64.490,0.255,-0.967,-0.118
1574114091030,2019-11-18T16:54:51.030,64.500,0.259,-0.968,-0.114
1574114091040,2019-11-18T16:54:51.040,64.510,0.257,-0.975,-0.109
1574114091050,2019-11-18T16:54:51.050,64.520,0.257,-0.983,-0.105
1574114091060,2019-11-18T16:54:51.060,64.530,0.260,-0.979,-0.099
1574114091070,2019-11-18T16:54:51.070,64.540,0.261,-0.971,-0.096
1574114091080,2019-11-18T16:54:51.080,64.550,0.266,-0.973,-0.087
1574114091090,2019-11-18T16:54:51.090,64.560,0.269,-0.974,-0.084
1574114091100,2019-11-18T16:54:51.100,64.570,0.264,-0.960,-0.079
1574114091110,2019-11-18T16:54:51.110,64.580,0.261,-0.958,-0.077
1574114091120,2019-11-18T16:54:51.120,64.590,0.264,-0.964,-0.072
1574114091130,2019-11-18T16:54:51.130,64.600,0.259,-0.966,-0.069
1574114091140,2019-11-18T16:54:51.140,64.610,0.250,-0.959,-0.072
1574114091150,2019-11-18T16:54:51.150,64.620,0.246,-0.960,-0.069
1574114091160,2019-11-18T16:54:51.160,64.630,0.248,-0.967,-0.070
1574114091170,2019-11-18T16:54:51.170,64.640,0.248,-0.966,-0.071
1574114091180,2019-11-18T16:54:51.180,64.650,0.245,-0.963,-0.066
1574114091190,2019-11-18T16:54:51.190,64.660,0.245,-0.957,-0.067
1574114091200,2019-11-18T16:54:51.200,64.670,0.241,-0.958,-0.067
1574114091210,2019-11-18T16:54:51.210,64.680,0.239,-0.964,-0.067
1574114091220,2019-11-18T16:54:51.220,64.690,0.238,-0.951,-0.065
1574114091230,2019-11-18T16:54:51.230,64.700,0.241,-0.951,-0.065
1574114091240,2019-11-18T16:54:51.240,64.710,0.242,-0.955,-0.066
1574114091250,2019-11-18T16:54:51.250,64.720,0.242,-0.946,-0.066
1574114091260,2019-11-18T16:54:51.260,64.730,0.241,-0.943,-0.063
1574114091270,2019-11-18T16:54:51.270,64.740,0.241,-0.948,-0.065
1574114091280,2019-11-18T16:54:51.280,64.750,0.243,-0.954,-0.058
1574114091290,2019-11-18T16:54:51.290,64.760,0.240,-0.952,-0.057
1574114091300,2019-11-18T16:54:51.300,64.770,0.237,-0.958,-0.054
1574114091310,2019-11-18T16:54:51.310,64.780,0.240,-0.963,-0.057
1574114091320,2019-11-18T16:54:51.320,64.790,0.243,-0.959,-0.058
1574114091330,2019-11-18T16:54:51.330,64.800,0.245,-0.952,-0.056
1574114091340,2019-11-18T16:54:51.340,64.810,0.252,-0.946,-0.053
1574114091350,2019-11-18T16:54:51.350,64.820,0.259,-0.938,-0.050
1574114091360,2019-11-18T16:54:51.360,64.830,0.265,-0.931,-0.047
1574114091370,2019-11-18T16:54:51.370,64.840,0.268,-0.933,-0.043
1574114091380,2019-11-18T16:54:51.380,64.850,0.271,-0.948,-0.046
1574114091390,2019-11-18T16:54:51.390,64.860,0.271,-0.957,-0.043
1574114091400,2019-11-18T16:54:51.400,64.870,0.277,-0.963,-0.046
1574114091410,2019-11-18T16:54:51.410,64.880,0.280,-0.970,-0.048
1574114091420,2019-11-18T16:54:51.420,64.890,0.285,-0.970,-0.048
1574114091430,2019-11-18T16:54:51.430,64.900,0.285,-0.964,-0.049
1574114091440,2019-11-18T16:54:51.440,64.910,0.281,-0.962,-0.048
1574114091450,2019-11-18T16:54:51.450,64.920,0.281,-0.967,-0.050
1574114091460,2019-11-18T16:54:51.460,64.930,0.281,-0.961,-0.049
1574114091470,2019-11-18T16:54:51.470,64.940,0.280,-0.966,-0.051
1574114091480,2019-11-18T16:54:51.480,64.950,0.283,-0.956,-0.049
1574114091490,2019-11-18T16:54:51.490,64.960,0.282,-0.949,-0.046
1574114091500,2019-11-18T16:54:51.500,64.970,0.284,-0.951,-0.046
1574114091510,2019-11-18T16:54:51.510,64.980,0.287,-0.948,-0.045
1574114091520,2019-11-18T16:54:51.520,64.990,0.289,-0.944,-0.047
1574114091530,2019-11-18T16:54:51.530,65.000,0.291,-0.946,-0.050
1574114091540,2019-11-18T16:54:51.540,65.010,0.292,-0.949,-0.049
1574114091550,2019-11-18T16:54:51.550,65.020,0.292,-0.953,-0.048
1574114091560,2019-11-18T16:54:51.560,65.030,0.294,-0.956,-0.050
1574114091570,2019-11-18T16:54:51.570,65.040,0.293,-0.954,-0.048
1574114091580,2019-11-18T16:54:51.580,65.050,0.298,-0.948,-0.048
1574114091590,2019-11-18T16:54:51.590,65.060,0.309,-0.944,-0.043
1574114091600,2019-11-18T16:54:51.600,65.070,0.318,-0.942,-0.040
1574114091610,2019-11-18T16:54:51.610,65.080,0.331,-0.938,-0.037
1574114091620,2019-11-18T16:54:51.620,65.090,0.335,-0.933,-0.033
1574114091630,2019-11-18T16:54:51.630,65.100,0.338,-0.930,-0.029
1574114091640,2019-11-18T16:54:51.640,65.110,0.340,-0.928,-0.028
1574114091650,2019-11-18T16:54:51.650,65.120,0.345,-0.937,-0.026
1574114091660,2019-11-18T16:54:51.660,65.130,0.351,-0.945,-0.025
1574114091670,2019-11-18T16:54:51.670,65.140,0.362,-0.951,-0.026
1574114091680,2019-11-18T16:54:51.680,65.150,0.365,-0.946,-0.021
1574114091690,2019-11-18T16:54:51.690,65.160,0.361,-0.945,-0.024
1574114091700,2019-11-18T16:54:51.700,65.170,0.360,-0.941,-0.026
1574114091710,2019-11-18T16:54:51.710,65.180,0.362,-0.938,-0.024
1574114091720,2019-11-18T16:54:51.720,65.190,0.363,-0.942,-0.028
1574114091730,2019-11-18T16:54:51.730,65.200,0.365,-0.944,-0.030
1574114091740,2019-11-18T16:54:51.740,65.210,0.365,-0.944,-0.028
1574114091750,2019-11-18T16:54:51.750,65.220,0.362,-0.943,-0.030
1574114091760,2019-11-18T16:54:51.760,65.230,0.366,-0.945,-0.030
1574114091770,2019-11-18T16:54:51.770,65.240,0.370,-0.949,-0.031
1574114091780,2019-11-18T16:54:51.780,65.250,0.370,-0.944,-0.031
1574114091790,2019-11-18T16:54:51.790,65.260,0.371,-0.941,-0.031
1574114091800,2019-11-18T16:54:51.800,65.270,0.369,-0.938,-0.031
1574114091810,2019-11-18T16:54:51.810,65.280,0.371,-0.938,-0.029
1574114091820,2019-11-18T16:54:51.820,65.290,0.371,-0.938,-0.029
1574114091830,2019-11-18T16:54:51.830,65.300,0.370,-0.937,-0.031
1574114091840,2019-11-18T16:54:51.840,65.310,0.368,-0.936,-0.033
1574114091850,2019-11-18T16:54:51.850,65.320,0.365,-0.935,-0.034
1574114091860,2019-11-18T16:54:51.860,65.330,0.365,-0.937,-0.037
1574114091870,2019-11-18T16:54:51.870,65.340,0.371,-0.946,-0.038
1574114091880,2019-11-18T16:54:51.880,65.350,0.374,-0.944,-0.037
1574114091890,2019-11-18T16:54:51.890,65.360,0.372,-0.942,-0.037
1574114091900,2019-11-18T16:54:51.900,65.370,0.368,-0.940,-0.039
1574114091910,2019-11-18T16:54:51.910,65.380,0.367,-0.939,-0.041
1574114091920,2019-11-18T16:54:51.920,65.390,0.367,-0.938,-0.042
1574114091930,2019-11-18T16:54:51.930,65.400,0.365,-0.936,-0.043
1574114091940,2019-11-18T16:54:51.940,65.410,0.366,-0.933,-0.042
1574114091950,2019-11-18T16:54:51.950,65.420,0.370,-0.934,-0.047
1574114091960,2019-11-18T16:54:51.960,65.430,0.372,-0.938,-0.046
1574114091970,2019-11-18T16:54:51.970,65.440,0.371,-0.935,-0.042
1574114091980,2019-11-18T16:54:51.980,65.450,0.373,-0.933,-0.040
1574114091990,2019-11-18T16:54:51.990,65.460,0.372,-0.938,-0.042
1574114092000,2019-11-18T16:54:52.000,65.470,0.374,-0.948,-0.042
1574114092010,2019-11-18T16:54:52.010,65.480,0.371,-0.948,-0.041
1574114092020,2019-11-18T16:54:52.020,65.490,0.368,-0.947,-0.039
1574114092030,2019-11-18T16:54:52.030,65.500,0.367,-0.941,-0.037
1574114092040,2019-11-18T16:54:52.040,65.510,0.366,-0.939,-0.036
1574114092050,2019-11-18T16:54:52.050,65.520,0.369,-0.934,-0.036
1574114092060,2019-11-18T16:54:52.060,65.530,0.370,-0.925,-0.037
1574114092070,2019-11-18T16:54:52.070,65.540,0.369,-0.926,-0.035
1574114092080,2019-11-18T16:54:52.080,65.550,0.371,-0.934,-0.031
1574114092090,2019-11-18T16:54:52.090,65.560,0.367,-0.932,-0.031
1574114092100,2019-11-18T16:54:52.100,65.570,0.368,-0.932,-0.030
1574114092110,2019-11-18T16:54:52.110,65.580,0.373,-0.935,-0.031
1574114092120,2019-11-18T16:54:52.120,65.590,0.371,-0.933,-0.029
1574114092130,2019-11-18T16:54:52.130,65.600,0.366,-0.928,-0.029
1574114092140,2019-11-18T16:54:52.140,65.610,0.367,-0.928,-0.028
1574114092150,2019-11-18T16:54:52.150,65.620,0.369,-0.931,-0.028
1574114092160,2019-11-18T16:54:52.160,65.630,0.364,-0.926,-0.029
1574114092170,2019-11-18T16:54:52.170,65.640,0.364,-0.923,-0.030
1574114092180,2019-11-18T16:54:52.180,65.650,0.364,-0.927,-0.028
1574114092190,2019-11-18T16:54:52.190,65.660,0.363,-0.930,-0.031
1574114092200,2019-11-18T16:54:52.200,65.670,0.366,-0.933,-0.031
1574114092210,2019-11-18T16:54:52.210,65.680,0.364,-0.931,-0.031
1574114092220,2019-11-18T16:54:52.220,65.690,0.363,-0.929,-0.034
1574114092230,2019-11-18T16:54:52.230,65.700,0.362,-0.932,-0.032
1574114092240,2019-11-18T16:54:52.240,65.710,0.364,-0.934,-0.035
1574114092250,2019-11-18T16:54:52.250,65.720,0.365,-0.932,-0.036
1574114092260,2019-11-18T16:54:52.260,65.730,0.366,-0.933,-0.034
1574114092270,2019-11-18T16:54:52.270,65.740,0.367,-0.940,-0.038
1574114092280,2019-11-18T16:54:52.280,65.750,0.371,-0.941,-0.039
1574114092290,2019-11-18T16:54:52.290,65.760,0.376,-0.942,-0.034
1574114092300,2019-11-18T16:54:52.300,65.770,0.377,-0.941,-0.033
1574114092310,2019-11-18T16:54:52.310,65.780,0.380,-0.937,-0.033
1574114092320,2019-11-18T16:54:52.320,65.790,0.381,-0.936,-0.030
1574114092330,2019-11-18T16:54:52.330,65.800,0.382,-0.935,-0.032
1574114092340,2019-11-18T16:54:52.340,65.810,0.383,-0.936,-0.031
1574114092350,2019-11-18T16:54:52.350,65.820,0.383,-0.936,-0.032
1574114092360,2019-11-18T16:54:52.360,65.830,0.383,-0.936,-0.031
1574114092370,2019-11-18T16:54:52.370,65.840,0.381,-0.935,-0.030
1574114092380,2019-11-18T16:54:52.380,65.850,0.379,-0.929,-0.032
1574114092390,2019-11-18T16:54:52.390,65.860,0.376,-0.929,-0.032
1574114092400,2019-11-18T16:54:52.400,65.870,0.374,-0.930,-0.029
1574114092410,2019-11-18T16:54:52.410,65.880,0.377,-0.930,-0.030
1574114092420,2019-11-18T16:54:52.420,65.890,0.375,-0.924,-0.030
1574114092430,2019-11-18T16:54:52.430,65.900,0.375,-0.925,-0.029
1574114092440,2019-11-18T16:54:52.440,65.910,0.373,-0.928,-0.028
1574114092450,2019-11-18T16:54:52.450,65.920,0.373,-0.929,-0.026
1574114092460,2019-11-18T16:54:52.460,65.930,0.376,-0.929,-0.026
1574114092470,2019-11-18T16:54:52.470,65.940,0.378,-0.930,-0.025
1574114092480,2019-11-18T16:54:52.480,65.950,0.380,-0.934,-0.026
1574114092490,2019-11-18T16:54:52.490,65.960,0.378,-0.933,-0.026
1574114092500,2019-11-18T16:54:52.500,65.970,0.378,-0.928,-0.021
1574114092510,2019-11-18T16:54:52.510,65.980,0.378,-0.923,-0.023
1574114092520,2019-11-18T16:54:52.520,65.990,0.381,-0.926,-0.024
1574114092530,2019-11-18T16:54:52.530,66.000,0.384,-0.929,-0.023
1574114092540,2019-11-18T16:54:52.540,66.010,0.386,-0.927,-0.023
1574114092550,2019-11-18T16:54:52.550,66.020,0.387,-0.927,-0.018
1574114092560,2019-11-18T16:54:52.560,66.030,0.390,-0.924,-0.020
1574114092570,2019-11-18T16:54:52.570,66.040,0.388,-0.921,-0.019
1574114092580,2019-11-18T16:54:52.580,66.050,0.389,-0.926,-0.018
1574114092590,2019-11-18T16:54:52.590,66.060,0.390,-0.930,-0.016
1574114092600,2019-11-18T16:54:52.600,66.070,0.392,-0.933,-0.014
1574114092610,2019-11-18T16:54:52.610,66.080,0.389,-0.932,-0.016
1574114092620,2019-11-18T16:54:52.620,66.090,0.388,-0.933,-0.019
1574114092630,2019-11-18T16:54:52.630,66.100,0.388,-0.938,-0.016
1574114092640,2019-11-18T16:54:52.640,66.110,0.392,-0.931,-0.013
1574114092650,2019-11-18T16:54:52.650,66.120,0.391,-0.921,-0.014
1574114092660,2019-11-18T16:54:52.660,66.130,0.385,-0.917,-0.015
1574114092670,2019-11-18T16:54:52.670,66.140,0.388,-0.920,-0.014
1574114092680,2019-11-18T16:54:52.680,66.150,0.392,-0.925,-0.013
1574114092690,2019-11-18T16:54:52.690,66.160,0.393,-0.928,-0.015
1574114092700,2019-11-18T16:54:52.700,66.170,0.394,-0.926,-0.016
1574114092710,2019-11-18T16:54:52.710,66.180,0.394,-0.928,-0.012
1574114092720,2019-11-18T16:54:52.720,66.190,0.393,-0.930,-0.014
1574114092730,2019-11-18T16:54:52.730,66.200,0.393,-0.929,-0.015
1574114092740,2019-11-18T16:54:52.740,66.210,0.389,-0.925,-0.012
1574114092750,2019-11-18T16:54:52.750,66.220,0.386,-0.924,-0.015
1574114092760,2019-11-18T16:54:52.760,66.230,0.385,-0.921,-0.015
1574114092770,2019-11-18T16:54:52.770,66.240,0.387,-0.920,-0.015
1574114092780,2019-11-18T16:54:52.780,66.250,0.385,-0.924,-0.012
1574114092790,2019-11-18T16:54:52.790,66.260,0.387,-0.926,-0.014
1574114092800,2019-11-18T16:54:52.800,66.270,0.387,-0.925,-0.016
1574114092810,2019-11-18T16:54:52.810,66.280,0.386,-0.926,-0.014
1574114092820,2019-11-18T16:54:52.820,66.290,0.387,-0.926,-0.013
1574114092830,2019-11-18T16:54:52.830,66.300,0.386,-0.928,-0.015
1574114092840,2019-11-18T16:54:52.840,66.310,0.387,-0.928,-0.017
1574114092850,2019-11-18T16:54:52.850,66.320,0.386,-0.927,-0.015
1574114092860,2019-11-18T16:54:52.860,66.330,0.388,-0.928,-0.015
1574114092870,2019-11-18T16:54:52.870,66.340,0.390,-0.928,-0.015
1574114092880,2019-11-18T16:54:52.880,66.350,0.389,-0.923,-0.016
1574114092890,2019-11-18T16:54:52.890,66.360,0.389,-0.926,-0.015
1574114092900,2019-11-18T16:54:52.900,66.370,0.393,-0.928,-0.016
1574114092910,2019-11-18T16:54:52.910,66.380,0.394,-0.930,-0.017
1574114092920,2019-11-18T16:54:52.920,66.390,0.391,-0.929,-0.015
1574114092930,2019-11-18T16:54:52.930,66.400,0.389,-0.927,-0.017
1574114092940,2019-11-18T16:54:52.940,66.410,0.390,-0.928,-0.017
1574114092950,2019-11-18T16:54:52.950,66.420,0.391,-0.928,-0.013
1574114092960,2019-11-18T16:54:52.960,66.430,0.393,-0.927,-0.013
1574114092970,2019-11-18T16:54:52.970,66.440,0.394,-0.927,-0.011
1574114092980,2019-11-18T16:54:52.980,66.450,0.391,-0.929,-0.013
1574114092990,2019-11-18T16:54:52.990,66.460,0.391,-0.924,-0.015
1574114093000,2019-11-18T16:54:53.000,66.470,0.389,-0.924,-0.016
1574114093010,2019-11-18T16:54:53.010,66.480,0.391,-0.931,-0.016
1574114093020,2019-11-18T16:54:53.020,66.490,0.393,-0.930,-0.015
1574114093030,2019-11-18T16:54:53.030,66.500,0.385,-0.926,-0.015
1574114093040,2019-11-18T16:54:53.040,66.510,0.383,-0.929,-0.019
1574114093050,2019-11-18T16:54:53.050,66.520,0.385,-0.932,-0.018
1574114093060,2019-11-18T16:54:53.060,66.530,0.384,-0.927,-0.015
1574114093070,2019-11-18T16:54:53.070,66.540,0.385,-0.926,-0.018
1574114093080,2019-11-18T16:54:53.080,66.550,0.383,-0.927,-0.020
1574114093090,2019-11-18T16:54:53.090,66.560,0.383,-0.923,-0.020
1574114093100,2019-11-18T16:54:53.100,66.570,0.386,-0.922,-0.019
1574114093110,2019-11-18T16:54:53.110,66.580,0.386,-0.928,-0.023
1574114093120,2019-11-18T16:54:53.120,66.590,0.383,-0.927,-0.024
1574114093130,2019-11-18T16:54:53.130,66.600,0.381,-0.932,-0.025
1574114093140,2019-11-18T16:54:53.140,66.610,0.383,-0.937,-0.025
1574114093150,2019-11-18T16:54:53.150,66.620,0.384,-0.938,-0.023
1574114093160,2019-11-18T16:54:53.160,66.630,0.386,-0.938,-0.023
1574114093170,2019-11-18T16:54:53.170,66.640,0.387,-0.936,-0.022
1574114093180,2019-11-18T16:54:53.180,66.650,0.382,-0.933,-0.023
1574114093190,2019-11-18T16:54:53.190,66.660,0.384,-0.928,-0.021
1574114093200,2019-11-18T16:54:53.200,66.670,0.383,-0.928,-0.021
1574114093210,2019-11-18T16:54:53.210,66.680,0.381,-0.933,-0.022
1574114093220,2019-11-18T16:54:53.220,66.690,0.382,-0.933,-0.019
1574114093230,2019-11-18T16:54:53.230,66.700,0.380,-0.934,-0.019
1574114093240,2019-11-18T16:54:53.240,66.710,0.381,-0.941,-0.017
1574114093250,2019-11-18T16:54:53.250,66.720,0.381,-0.942,-0.016
1574114093260,2019-11-18T16:54:53.260,66.730,0.383,-0.936,-0.016
1574114093270,2019-11-18T16:54:53.270,66.740,0.379,-0.928,-0.014
1574114093280,2019-11-18T16:54:53.280,66.750,0.377,-0.926,-0.017
1574114093290,2019-11-18T16:54:53.290,66.760,0.379,-0.935,-0.018
1574114093300,2019-11-18T16:54:53.300,66.770,0.375,-0.933,-0.020
1574114093310,2019-11-18T16:54:53.310,66.780,0.374,-0.927,-0.022
1574114093320,2019-11-18T16:54:53.320,66.790,0.373,-0.930,-0.022
1574114093330,2019-11-18T16:54:53.330,66.800,0.371,-0.933,-0.022
1574114093340,2019-11-18T16:54:53.340,66.810,0.374,-0.932,-0.022
1574114093350,2019-11-18T16:54:53.350,66.820,0.373,-0.927,-0.023
1574114093360,2019-11-18T16:54:53.360,66.830,0.370,-0.929,-0.026
1574114093370,2019-11-18T16:54:53.370,66.840,0.368,-0.931,-0.026
1574114093380,2019-11-18T16:54:53.380,66.850,0.366,-0.935,-0.025
1574114093390,2019-11-18T16:54:53.390,66.860,0.363,-0.935,-0.027
1574114093400,2019-11-18T16:54:53.400,66.870,0.364,-0.938,-0.028
1574114093410,2019-11-18T16:54:53.410,66.880,0.364,-0.939,-0.028
1574114093420,2019-11-18T16:54:53.420,66.890,0.364,-0.937,-0.027
1574114093430,2019-11-18T16:54:53.430,66.900,0.363,-0.937,-0.028
1574114093440,2019-11-18T16:54:53.440,66.910,0.361,-0.937,-0.026
1574114093450,2019-11-18T16:54:53.450,66.920,0.360,-0.935,-0.026
1574114093460,2019-11-18T16:54:53.460,66.930,0.360,-0.926,-0.026
1574114093470,2019-11-18T16:54:53.470,66.940,0.360,-0.926,-0.024
1574114093480,2019-11-18T16:54:53.480,66.950,0.358,-0.930,-0.021
1574114093490,2019-11-18T16:54:53.490,66.960,0.360,-0.926,-0.019
1574114093500,2019-11-18T16:54:53.500,66.970,0.362,-0.929,-0.017
1574114093510,2019-11-18T16:54:53.510,66.980,0.366,-0.931,-0.020
1574114093520,2019-11-18T16:54:53.520,66.990,0.368,-0.932,-0.017
1574114093530,2019-11-18T16:54:53.530,67.000,0.372,-0.932,-0.012
1574114093540,2019-11-18T16:54:53.540,67.010,0.376,-0.933,-0.013
1574114093550,2019-11-18T16:54:53.550,67.020,0.377,-0.930,-0.012
1574114093560,2019-11-18T16:54:53.560,67.030,0.376,-0.929,-0.012
1574114093570,2019-11-18T16:54:53.570,67.040,0.379,-0.928,-0.008
1574114093580,2019-11-18T16:54:53.580,67.050,0.382,-0.935,-0.006
1574114093590,2019-11-18T16:54:53.590,67.060,0.384,-0.936,-0.006
1574114093600,2019-11-18T16:54:53.600,67.070,0.383,-0.935,-0.006
1574114093610,2019-11-18T16:54:53.610,67.080,0.381,-0.932,-0.008
1574114093620,2019-11-18T16:54:53.620,67.090,0.382,-0.932,-0.006
1574114093630,2019-11-18T16:54:53.630,67.100,0.381,-0.932,-0.006
1574114093640,2019-11-18T16:54:53.640,67.110,0.382,-0.932,-0.004
1574114093650,2019-11-18T16:54:53.650,67.120,0.380,-0.929,-0.003
1574114093660,2019-11-18T16:54:53.660,67.130,0.381,-0.929,-0.004
1574114093670,2019-11-18T16:54:53.670,67.140,0.380,-0.931,-0.003
1574114093680,2019-11-18T16:54:53.680,67.150,0.381,-0.930,-0.005
1574114093690,2019-11-18T16:54:53.690,67.160,0.378,-0.929,-0.007
1574114093700,2019-11-18T16:54:53.700,67.170,0.377,-0.931,-0.007
1574114093710,2019-11-18T16:54:53.710,67.180,0.378,-0.931,-0.007
1574114093720,2019-11-18T16:54:53.720,67.190,0.378,-0.931,-0.006
1574114093730,2019-11-18T16:54:53.730,67.200,0.377,-0.930,-0.005
1574114093740,2019-11-18T16:54:53.740,67.210,0.377,-0.930,-0.010
1574114093750,2019-11-18T16:54:53.750,67.220,0.376,-0.930,-0.010
1574114093760,2019-11-18T16:54:53.760,67.230,0.380,-0.930,-0.008
1574114093770,2019-11-18T16:54:53.770,67.240,0.381,-0.929,-0.010
1574114093780,2019-11-18T16:54:53.780,67.250,0.380,-0.932,-0.009
1574114093790,2019-11-18T16:54:53.790,67.260,0.382,-0.932,-0.012
1574114093800,2019-11-18T16:54:53.800,67.270,0.384,-0.931,-0.008
1574114093810,2019-11-18T16:54:53.810,67.280,0.383,-0.935,-0.009
1574114093820,2019-11-18T16:54:53.820,67.290,0.384,-0.937,-0.007
1574114093830,2019-11-18T16:54:53.830,67.300,0.380,-0.936,-0.009
1574114093840,2019-11-18T16:54:53.840,67.310,0.376,-0.941,-0.010
1574114093850,2019-11-18T16:54:53.850,67.320,0.375,-0.939,-0.009
1574114093860,2019-11-18T16:54:53.860,67.330,0.376,-0.933,-0.009
1574114093870,2019-11-18T16:54:53.870,67.340,0.375,-0.924,-0.012
1574114093880,2019-11-18T16:54:53.880,67.350,0.371,-0.920,-0.008
1574114093890,2019-11-18T16:54:53.890,67.360,0.376,-0.931,-0.009
1574114093900,2019-11-18T16:54:53.900,67.370,0.376,-0.932,-0.014
1574114093910,2019-11-18T16:54:53.910,67.380,0.375,-0.927,-0.010
1574114093920,2019-11-18T16:54:53.920,67.390,0.376,-0.928,-0.011
1574114093930,2019-11-18T16:54:53.930,67.400,0.375,-0.933,-0.012
1574114093940,2019-11-18T16:54:53.940,67.410,0.375,-0.933,-0.012
1574114093950,2019-11-18T16:54:53.950,67.420,0.376,-0.930,-0.010
1574114093960,2019-11-18T16:54:53.960,67.430,0.380,-0.930,-0.007
1574114093970,2019-11-18T16:54:53.970,67.440,0.378,-0.930,-0.008
1574114093980,2019-11-18T16:54:53.980,67.450,0.379,-0.929,-0.006
1574114093990,2019-11-18T16:54:53.990,67.460,0.381,-0.926,-0.004
1574114094000,2019-11-18T16:54:54.000,67.470,0.384,-0.926,-0.006
1574114094010,2019-11-18T16:54:54.010,67.480,0.382,-0.928,-0.006
1574114094020,2019-11-18T16:54:54.020,67.490,0.384,-0.933,-0.008
1574114094030,2019-11-18T16:54:54.030,67.500,0.381,-0.934,-0.009
1574114094040,2019-11-18T16:54:54.040,67.510,0.378,-0.938,-0.009
1574114094050,2019-11-18T16:54:54.050,67.520,0.378,-0.942,-0.009
1574114094060,2019-11-18T16:54:54.060,67.530,0.377,-0.935,-0.008
1574114094070,2019-11-18T16:54:54.070,67.540,0.380,-0.932,-0.007
1574114094080,2019-11-18T16:54:54.080,67.550,0.380,-0.930,-0.009
1574114094090,2019-11-18T16:54:54.090,67.560,0.376,-0.924,-0.009
1574114094100,2019-11-18T16:54:54.100,67.570,0.378,-0.924,-0.007
1574114094110,2019-11-18T16:54:54.110,67.580,0.379,-0.929,-0.009
1574114094120,2019-11-18T16:54:54.120,67.590,0.380,-0.931,-0.010
1574114094130,2019-11-18T16:54:54.130,67.600,0.379,-0.931,-0.010
1574114094140,2019-11-18T16:54:54.140,67.610,0.379,-0.931,-0.013
1574114094150,2019-11-18T16:54:54.150,67.620,0.381,-0.929,-0.011
1574114094160,2019-11-18T16:54:54.160,67.630,0.381,-0.929,-0.009
1574114094170,2019-11-18T16:54:54.170,67.640,0.382,-0.928,-0.009
1574114094180,2019-11-18T16:54:54.180,67.650,0.383,-0.928,-0.010
1574114094190,2019-11-18T16:54:54.190,67.660,0.385,-0.929,-0.009
1574114094200,2019-11-18T16:54:54.200,67.670,0.386,-0.931,-0.010
1574114094210,2019-11-18T16:54:54.210,67.680,0.384,-0.930,-0.011
1574114094220,2019-11-18T16:54:54.220,67.690,0.384,-0.930,-0.008
1574114094230,2019-11-18T16:54:54.230,67.700,0.384,-0.930,-0.011
1574114094240,2019-11-18T16:54:54.240,67.710,0.387,-0.931,-0.012
1574114094250,2019-11-18T16:54:54.250,67.720,0.385,-0.930,-0.011
1574114094260,2019-11-18T16:54:54.260,67.730,0.384,-0.927,-0.012
1574114094270,2019-11-18T16:54:54.270,67.740,0.385,-0.926,-0.010
1574114094280,2019-11-18T16:54:54.280,67.750,0.385,-0.928,-0.009
1574114094290,2019-11-18T16:54:54.290,67.760,0.386,-0.930,-0.015
1574114094300,2019-11-18T16:54:54.300,67.770,0.385,-0.927,-0.010
1574114094310,2019-11-18T16:54:54.310,67.780,0.382,-0.926,-0.010
1574114094320,2019-11-18T16:54:54.320,67.790,0.385,-0.928,-0.014
1574114094330,2019-11-18T16:54:54.330,67.800,0.383,-0.928,-0.013
1574114094340,2019-11-18T16:54:54.340,67.810,0.382,-0.928,-0.015
1574114094350,2019-11-18T16:54:54.350,67.820,0.384,-0.929,-0.014
1574114094360,2019-11-18T16:54:54.360,67.830,0.387,-0.936,-0.013
1574114094370,2019-11-18T16:54:54.370,67.840,0.385,-0.929,-0.016
1574114094380,2019-11-18T16:54:54.380,67.850,0.383,-0.929,-0.013
1574114094390,2019-11-18T16:54:54.390,67.860,0.387,-0.932,-0.017
1574114094400,2019-11-18T16:54:54.400,67.870,0.389,-0.933,-0.017
1574114094410,2019-11-18T16:54:54.410,67.880,0.387,-0.939,-0.014
1574114094420,2019-11-18T16:54:54.420,67.890,0.386,-0.935,-0.015
1574114094430,2019-11-18T16:54:54.430,67.900,0.386,-0.932,-0.015
1574114094440,2019-11-18T16:54:54.440,67.910,0.388,-0.926,-0.014
1574114094450,2019-11-18T16:54:54.450,67.920,0.386,-0.920,-0.013
1574114094460,2019-11-18T16:54:54.460,67.930,0.388,-0.923,-0.013
1574114094470,2019-11-18T16:54:54.470,67.940,0.392,-0.930,-0.013
1574114094480,2019-11-18T16:54:54.480,67.950,0.391,-0.927,-0.011
1574114094490,2019-11-18T16:54:54.490,67.960,0.388,-0.922,-0.009
1574114094500,2019-11-18T16:54:54.500,67.970,0.392,-0.923,-0.010
1574114094510,2019-11-18T16:54:54.510,67.980,0.393,-0.928,-0.010
1574114094520,2019-11-18T16:54:54.520,67.990,0.394,-0.929,-0.010
1574114094530,2019-11-18T16:54:54.530,68.000,0.391,-0.926,-0.012
1574114094540,2019-11-18T16:54:54.540,68.010,0.390,-0.925,-0.011
1574114094550,2019-11-18T16:54:54.550,68.020,0.392,-0.924,-0.012
1574114094560,2019-11-18T16:54:54.560,68.030,0.392,-0.925,-0.016
1574114094570,2019-11-18T16:54:54.570,68.040,0.392,-0.925,-0.014
1574114094580,2019-11-18T16:54:54.580,68.050,0.392,-0.928,-0.015
1574114094590,2019-11-18T16:54:54.590,68.060,0.390,-0.930,-0.015
1574114094600,2019-11-18T16:54:54.600,68.070,0.388,-0.927,-0.018
1574114094610,2019-11-18T16:54:54.610,68.080,0.387,-0.926,-0.017
1574114094620,2019-11-18T16:54:54.620,68.090,0.389,-0.932,-0.015
1574114094630,2019-11-18T16:54:54.630,68.100,0.387,-0.928,-0.019
1574114094640,2019-11-18T16:54:54.640,68.110,0.385,-0.925,-0.019
1574114094650,2019-11-18T16:54:54.650,68.120,0.387,-0.929,-0.018
1574114094660,2019-11-18T16:54:54.660,68.130,0.385,-0.924,-0.019
1574114094670,2019-11-18T16:54:54.670,68.140,0.386,-0.924,-0.016
1574114094680,2019-11-18T16:54:54.680,68.150,0.390,-0.929,-0.015
1574114094690,2019-11-18T16:54:54.690,68.160,0.392,-0.931,-0.019
1574114094700,2019-11-18T16:54:54.700,68.170,0.389,-0.933,-0.018
1574114094710,2019-11-18T16:54:54.710,68.180,0.387,-0.934,-0.019
1574114094720,2019-11-18T16:54:54.720,68.190,0.387,-0.935,-0.021
1574114094730,2019-11-18T16:54:54.730,68.200,0.384,-0.933,-0.019
1574114094740,2019-11-18T16:54:54.740,68.210,0.385,-0.931,-0.018
1574114094750,2019-11-18T16:54:54.750,68.220,0.386,-0.927,-0.021
1574114094760,2019-11-18T16:54:54.760,68.230,0.382,-0.925,-0.021
1574114094770,2019-11-18T16:54:54.770,68.240,0.385,-0.924,-0.021
1574114094780,2019-11-18T16:54:54.780,68.250,0.386,-0.929,-0.020
1574114094790,2019-11-18T16:54:54.790,68.260,0.386,-0.935,-0.022
1574114094800,2019-11-18T16:54:54.800,68.270,0.384,-0.934,-0.020
1574114094810,2019-11-18T16:54:54.810,68.280,0.382,-0.937,-0.021
1574114094820,2019-11-18T16:54:54.820,68.290,0.380,-0.937,-0.019
1574114094830,2019-11-18T16:54:54.830,68.300,0.378,-0.932,-0.021
1574114094840,2019-11-18T16:54:54.840,68.310,0.377,-0.929,-0.024
1574114094850,2019-11-18T16:54:54.850,68.320,0.376,-0.929,-0.022
1574114094860,2019-11-18T16:54:54.860,68.330,0.377,-0.926,-0.023
1574114094870,2019-11-18T16:54:54.870,68.340,0.375,-0.925,-0.023
1574114094880,2019-11-18T16:54:54.880,68.350,0.374,-0.925,-0.024
1574114094890,2019-11-18T16:54:54.890,68.360,0.377,-0.928,-0.023
1574114094900,2019-11-18T16:54:54.900,68.370,0.376,-0.927,-0.022
1574114094910,2019-11-18T16:54:54.910,68.380,0.374,-0.927,-0.021
1574114094920,2019-11-18T16:54:54.920,68.390,0.377,-0.931,-0.022
1574114094930,2019-11-18T16:54:54.930,68.400,0.380,-0.934,-0.022
1574114094940,2019-11-18T16:54:54.940,68.410,0.384,-0.933,-0.023
1574114094950,2019-11-18T16:54:54.950,68.420,0.383,-0.930,-0.023
1574114094960,2019-11-18T16:54:54.960,68.430,0.379,-0.935,-0.021
1574114094970,2019-11-18T16:54:54.970,68.440,0.379,-0.935,-0.021
1574114094980,2019-11-18T16:54:54.980,68.450,0.378,-0.932,-0.020
1574114094990,2019-11-18T16:54:54.990,68.460,0.378,-0.939,-0.020
1574114095000,2019-11-18T16:54:55.000,68.470,0.376,-0.938,-0.021
1574114095010,2019-11-18T16:54:55.010,68.480,0.375,-0.930,-0.023
1574114095020,2019-11-18T16:54:55.020,68.490,0.374,-0.920,-0.021
1574114095030,2019-11-18T16:54:55.030,68.500,0.373,-0.919,-0.021
1574114095040,2019-11-18T16:54:55.040,68.510,0.377,-0.923,-0.021
1574114095050,2019-11-18T16:54:55.050,68.520,0.382,-0.927,-0.019
1574114095060,2019-11-18T16:54:55.060,68.530,0.384,-0.930,-0.017
1574114095070,2019-11-18T16:54:55.070,68.540,0.385,-0.932,-0.020
1574114095080,2019-11-18T16:54:55.080,68.550,0.389,-0.935,-0.018
1574114095090,2019-11-18T16:54:55.090,68.560,0.394,-0.936,-0.015
1574114095100,2019-11-18T16:54:55.100,68.570,0.404,-0.935,-0.010
1574114095110,2019-11-18T16:54:55.110,68.580,0.411,-0.935,-0.004
1574114095120,2019-11-18T16:54:55.120,68.590,0.403,-0.936,-0.007
1574114095130,2019-11-18T16:54:55.130,68.600,0.409,-0.929,0.000
1574114095140,2019-11-18T16:54:55.140,68.610,0.436,-0.935,0.002
1574114095150,2019-11-18T16:54:55.150,68.620,0.455,-0.952,0.011
1574114095160,2019-11-18T16:54:55.160,68.630,0.447,-0.971,0.021
1574114095170,2019-11-18T16:54:55.170,68.640,0.439,-0.960,0.017
1574114095180,2019-11-18T16:54:55.180,68.650,0.441,-0.937,0.015
1574114095190,2019-11-18T16:54:55.190,68.660,0.429,-0.936,0.019
1574114095200,2019-11-18T16:54:55.200,68.670,0.421,-0.958,0.016
1574114095210,2019-11-18T16:54:55.210,68.680,0.422,-0.965,0.013
1574114095220,2019-11-18T16:54:55.220,68.690,0.422,-0.949,0.010
1574114095230,2019-11-18T16:54:55.230,68.700,0.406,-0.951,0.010
1574114095240,2019-11-18T16:54:55.240,68.710,0.400,-0.954,0.009
1574114095250,2019-11-18T16:54:55.250,68.720,0.393,-0.937,0.006
1574114095260,2019-11-18T16:54:55.260,68.730,0.375,-0.914,0.004
1574114095270,2019-11-18T16:54:55.270,68.740,0.364,-0.910,0.003
1574114095280,2019-11-18T16:54:55.280,68.750,0.368,-0.922,-0.002
1574114095290,2019-11-18T16:54:55.290,68.760,0.357,-0.925,-0.001
1574114095300,2019-11-18T16:54:55.300,68.770,0.336,-0.925,-0.003
1574114095310,2019-11-18T16:54:55.310,68.780,0.331,-0.913,-0.006
1574114095320,2019-11-18T16:54:55.320,68.790,0.333,-0.914,-0.006
1574114095330,2019-11-18T16:54:55.330,68.800,0.332,-0.931,-0.007
1574114095340,2019-11-18T16:54:55.340,68.810,0.325,-0.922,-0.010
1574114095350,2019-11-18T16:54:55.350,68.820,0.322,-0.913,-0.007
1574114095360,2019-11-18T16:54:55.360,68.830,0.324,-0.937,-0.008
1574114095370,2019-11-18T16:54:55.370,68.840,0.320,-0.946,-0.011
1574114095380,2019-11-18T16:54:55.380,68.850,0.310,-0.930,-0.008
1574114095390,2019-11-18T16:54:55.390,68.860,0.305,-0.938,-0.011
1574114095400,2019-11-18T16:54:55.400,68.870,0.306,-0.951,-0.014
1574114095410,2019-11-18T16:54:55.410,68.880,0.307,-0.942,-0.013
1574114095420,2019-11-18T16:54:55.420,68.890,0.305,-0.938,-0.010
1574114095430,2019-11-18T16:54:55.430,68.900,0.306,-0.940,-0.010
1574114095440,2019-11-18T16:54:55.440,68.910,0.309,-0.946,-0.012
1574114095450,2019-11-18T16:54:55.450,68.920,0.309,-0.949,-0.015
1574114095460,2019-11-18T16:54:55.460,68.930,0.305,-0.954,-0.015
1574114095470,2019-11-18T16:54:55.470,68.940,0.298,-0.953,-0.016
1574114095480,2019-11-18T16:54:55.480,68.950,0.298,-0.950,-0.013
1574114095490,2019-11-18T16:54:55.490,68.960,0.305,-0.950,-0.016
1574114095500,2019-11-18T16:54:55.500,68.970,0.305,-0.959,-0.015
1574114095510,2019-11-18T16:54:55.510,68.980,0.301,-0.953,-0.011
1574114095520,2019-11-18T16:54:55.520,68.990,0.305,-0.948,-0.009
1574114095530,2019-11-18T16:54:55.530,69.000,0.305,-0.959,-0.011
1574114095540,2019-11-18T16:54:55.540,69.010,0.305,-0.960,-0.011
1574114095550,2019-11-18T16:54:55.550,69.020,0.298,-0.958,-0.012
1574114095560,2019-11-18T16:54:55.560,69.030,0.298,-0.956,-0.011
1574114095570,2019-11-18T16:54:55.570,69.040,0.294,-0.956,-0.013
1574114095580,2019-11-18T16:54:55.580,69.050,0.287,-0.958,-0.012
1574114095590,2019-11-18T16:54:55.590,69.060,0.294,-0.961,-0.011
1574114095600,2019-11-18T16:54:55.600,69.070,0.295,-0.951,-0.011
1574114095610,2019-11-18T16:54:55.610,69.080,0.296,-0.948,-0.012
1574114095620,2019-11-18T16:54:55.620,69.090,0.299,-0.949,-0.007
1574114095630,2019-11-18T16:54:55.630,69.100,0.300,-0.947,-0.008
1574114095640,2019-11-18T16:54:55.640,69.110,0.298,-0.944,-0.009
1574114095650,2019-11-18T16:54:55.650,69.120,0.302,-0.946,-0.009
1574114095660,2019-11-18T16:54:55.660,69.130,0.305,-0.950,-0.008
1574114095670,2019-11-18T16:54:55.670,69.140,0.304,-0.953,-0.007
1574114095680,2019-11-18T16:54:55.680,69.150,0.305,-0.952,-0.004
1574114095690,2019-11-18T16:54:55.690,69.160,0.308,-0.950,-0.008
1574114095700,2019-11-18T16:54:55.700,69.170,0.309,-0.951,-0.005
1574114095710,2019-11-18T16:54:55.710,69.180,0.309,-0.940,-0.004
1574114095720,2019-11-18T16:54:55.720,69.190,0.310,-0.940,-0.003
1574114095730,2019-11-18T16:54:55.730,69.200,0.317,-0.949,-0.004
1574114095740,2019-11-18T16:54:55.740,69.210,0.315,-0.950,-0.006
1574114095750,2019-11-18T16:54:55.750,69.220,0.314,-0.956,-0.003
1574114095760,2019-11-18T16:54:55.760,69.230,0.322,-0.964,-0.003
1574114095770,2019-11-18T16:54:55.770,69.240,0.317,-0.962,-0.001
1574114095780,2019-11-18T16:54:55.780,69.250,0.314,-0.953,-0.004
1574114095790,2019-11-18T16:54:55.790,69.260,0.315,-0.952,-0.004
1574114095800,2019-11-18T16:54:55.800,69.270,0.316,-0.958,-0.005
1574114095810,2019-11-18T16:54:55.810,69.280,0.314,-0.956,-0.007
1574114095820,2019-11-18T16:54:55.820,69.290,0.318,-0.949,-0.003
1574114095830,2019-11-18T16:54:55.830,69.300,0.318,-0.947,-0.004
1574114095840,2019-11-18T16:54:55.840,69.310,0.320,-0.956,-0.003
1574114095850,2019-11-18T16:54:55.850,69.320,0.325,-0.955,-0.002
1574114095860,2019-11-18T16:54:55.860,69.330,0.328,-0.955,-0.006
1574114095870,2019-11-18T16:54:55.870,69.340,0.326,-0.962,-0.004
1574114095880,2019-11-18T16:54:55.880,69.350,0.325,-0.960,-0.002
1574114095890,2019-11-18T16:54:55.890,69.360,0.329,-0.957,-0.002
1574114095900,2019-11-18T16:54:55.900,69.370,0.330,-0.956,-0.003
1574114095910,2019-11-18T16:54:55.910,69.380,0.325,-0.957,-0.002
1574114095920,2019-11-18T16:54:55.920,69.390,0.324,-0.955,-0.000
1574114095930,2019-11-18T16:54:55.930,69.400,0.328,-0.957,-0.001
1574114095940,2019-11-18T16:54:55.940,69.410,0.331,-0.958,-0.001
1574114095950,2019-11-18T16:54:55.950,69.420,0.333,-0.952,-0.001
1574114095960,2019-11-18T16:54:55.960,69.430,0.332,-0.956,0.000
1574114095970,2019-11-18T16:54:55.970,69.440,0.333,-0.962,0.000
1574114095980,2019-11-18T16:54:55.980,69.450,0.328,-0.955,0.004
1574114095990,2019-11-18T16:54:55.990,69.460,0.328,-0.951,0.002
1574114096000,2019-11-18T16:54:56.000,69.470,0.333,-0.961,-0.001
1574114096010,2019-11-18T16:54:56.010,69.480,0.330,-0.966,-0.002
1574114096020,2019-11-18T16:54:56.020,69.490,0.323,-0.949,0.002
1574114096030,2019-11-18T16:54:56.030,69.500,0.320,-0.939,0.000
1574114096040,2019-11-18T16:54:56.040,69.510,0.313,-0.936,-0.002
1574114096050,2019-11-18T16:54:56.050,69.520,0.323,-0.947,0.002
1574114096060,2019-11-18T16:54:56.060,69.530,0.323,-0.965,-0.002
1574114096070,2019-11-18T16:54:56.070,69.540,0.321,-0.964,-0.003
1574114096080,2019-11-18T16:54:56.080,69.550,0.318,-0.956,-0.002
1574114096090,2019-11-18T16:54:56.090,69.560,0.321,-0.951,-0.002
1574114096100,2019-11-18T16:54:56.100,69.570,0.321,-0.944,-0.005
1574114096110,2019-11-18T16:54:56.110,69.580,0.313,-0.952,-0.006
1574114096120,2019-11-18T16:54:56.120,69.590,0.318,-0.956,-0.005
1574114096130,2019-11-18T16:54:56.130,69.600,0.319,-0.945,-0.005
1574114096140,2019-11-18T16:54:56.140,69.610,0.316,-0.939,-0.002
1574114096150,2019-11-18T16:54:56.150,69.620,0.316,-0.951,0.002
1574114096160,2019-11-18T16:54:56.160,69.630,0.325,-0.964,-0.001
1574114096170,2019-11-18T16:54:56.170,69.640,0.331,-0.974,0.001
1574114096180,2019-11-18T16:54:56.180,69.650,0.320,-0.958,0.005
1574114096190,2019-11-18T16:54:56.190,69.660,0.318,-0.943,-0.002
1574114096200,2019-11-18T16:54:56.200,69.670,0.312,-0.945,-0.002
1574114096210,2019-11-18T16:54:56.210,69.680,0.315,-0.939,0.002
1574114096220,2019-11-18T16:54:56.220,69.690,0.314,-0.930,0.000
1574114096230,2019-11-18T16:54:56.230,69.700,0.315,-0.929,-0.002
1574114096240,2019-11-18T16:54:56.240,69.710,0.331,-0.944,0.002
1574114096250,2019-11-18T16:54:56.250,69.720,0.324,-0.963,0.000
1574114096260,2019-11-18T16:54:56.260,69.730,0.324,-0.958,-0.004
1574114096270,2019-11-18T16:54:56.270,69.740,0.313,-0.941,0.000
1574114096280,2019-11-18T16:54:56.280,69.750,0.314,-0.938,0.000
1574114096290,2019-11-18T16:54:56.290,69.760,0.313,-0.941,-0.001
1574114096300,2019-11-18T16:54:56.300,69.770,0.311,-0.943,-0.001
1574114096310,2019-11-18T16:54:56.310,69.780,0.314,-0.948,-0.002
1574114096320,2019-11-18T16:54:56.320,69.790,0.320,-0.963,-0.001
1574114096330,2019-11-18T16:54:56.330,69.800,0.322,-0.970,-0.003
1574114096340,2019-11-18T16:54:56.340,69.810,0.322,-0.964,-0.005
1574114096350,2019-11-18T16:54:56.350,69.820,0.324,-0.966,-0.007
1574114096360,2019-11-18T16:54:56.360,69.830,0.316,-0.965,-0.005
1574114096370,2019-11-18T16:54:56.370,69.840,0.313,-0.955,-0.004
1574114096380,2019-11-18T16:54:56.380,69.850,0.309,-0.948,-0.000
1574114096390,2019-11-18T16:54:56.390,69.860,0.311,-0.951,-0.001
1574114096400,2019-11-18T16:54:56.400,69.870,0.313,-0.945,-0.002
1574114096410,2019-11-18T16:54:56.410,69.880,0.309,-0.946,-0.003
1574114096420,2019-11-18T16:54:56.420,69.890,0.311,-0.960,-0.005
1574114096430,2019-11-18T16:54:56.430,69.900,0.317,-0.963,-0.005
1574114096440,2019-11-18T16:54:56.440,69.910,0.312,-0.957,-0.002
1574114096450,2019-11-18T16:54:56.450,69.920,0.315,-0.963,-0.003
1574114096460,2019-11-18T16:54:56.460,69.930,0.313,-0.962,-0.005
1574114096470,2019-11-18T16:54:56.470,69.940,0.308,-0.948,0.000
1574114096480,2019-11-18T16:54:56.480,69.950,0.308,-0.945,0.001
1574114096490,2019-11-18T16:54:56.490,69.960,0.314,-0.950,0.000
1574114096500,2019-11-18T16:54:56.500,69.970,0.319,-0.960,-0.003
1574114096510,2019-11-18T16:54:56.510,69.980,0.323,-0.960,0.002
1574114096520,2019-11-18T16:54:56.520,69.990,0.319,-0.953,0.002
1574114096530,2019-11-18T16:54:56.530,70.000,0.313,-0.952,0.006
1574114096540,2019-11-18T16:54:56.540,70.010,0.314,-0.956,0.006
1574114096550,2019-11-18T16:54:56.550,70.020,0.319,-0.958,0.007
1574114096560,2019-11-18T16:54:56.560,70.030,0.323,-0.957,0.006
1574114096570,2019-11-18T16:54:56.570,70.040,0.318,-0.950,0.002
1574114096580,2019-11-18T16:54:56.580,70.050,0.314,-0.942,0.002
1574114096590,2019-11-18T16:54:56.590,70.060,0.320,-0.951,0.003
1574114096600,2019-11-18T16:54:56.600,70.070,0.318,-0.956,0.003
1574114096610,2019-11-18T16:54:56.610,70.080,0.313,-0.949,0.005
1574114096620,2019-11-18T16:54:56.620,70.090,0.320,-0.952,0.005
1574114096630,2019-11-18T16:54:56.630,70.100,0.321,-0.951,0.005
1574114096640,2019-11-18T16:54:56.640,70.110,0.321,-0.949,0.009
1574114096650,2019-11-18T16:54:56.650,70.120,0.327,-0.959,0.010
1574114096660,2019-11-18T16:54:56.660,70.130,0.324,-0.962,0.007
1574114096670,2019-11-18T16:54:56.670,70.140,0.322,-0.956,0.006
1574114096680,2019-11-18T16:54:56.680,70.150,0.319,-0.960,0.008
1574114096690,2019-11-18T16:54:56.690,70.160,0.327,-0.963,0.007
1574114096700,2019-11-18T16:54:56.700,70.170,0.322,-0.952,0.006
1574114096710,2019-11-18T16:54:56.710,70.180,0.325,-0.965,0.015
1574114096720,2019-11-18T16:54:56.720,70.190,0.334,-0.975,0.014
1574114096730,2019-11-18T16:54:56.730,70.200,0.322,-0.957,0.011
1574114096740,2019-11-18T16:54:56.740,70.210,0.311,-0.942,0.017
1574114096750,2019-11-18T16:54:56.750,70.220,0.311,-0.944,0.010
1574114096760,2019-11-18T16:54:56.760,70.230,0.308,-0.943,0.009
1574114096770,2019-11-18T16:54:56.770,70.240,0.313,-0.951,0.010
1574114096780,2019-11-18T16:54:56.780,70.250,0.315,-0.956,0.011
1574114096790,2019-11-18T16:54:56.790,70.260,0.310,-0.954,0.014
1574114096800,2019-11-18T16:54:56.800,70.270,0.311,-0.952,0.011
1574114096810,2019-11-18T16:54:56.810,70.280,0.311,-0.941,0.010
1574114096820,2019-11-18T16:54:56.820,70.290,0.307,-0.941,0.010
1574114096830,2019-11-18T16:54:56.830,70.300,0.312,-0.943,0.014
1574114096840,2019-11-18T16:54:56.840,70.310,0.305,-0.941,0.016
1574114096850,2019-11-18T16:54:56.850,70.320,0.310,-0.941,0.015
1574114096860,2019-11-18T16:54:56.860,70.330,0.314,-0.951,0.016
1574114096870,2019-11-18T16:54:56.870,70.340,0.317,-0.964,0.016
1574114096880,2019-11-18T16:54:56.880,70.350,0.320,-0.958,0.014
1574114096890,2019-11-18T16:54:56.890,70.360,0.316,-0.954,0.017
1574114096900,2019-11-18T16:54:56.900,70.370,0.319,-0.949,0.018
1574114096910,2019-11-18T16:54:56.910,70.380,0.321,-0.945,0.021
1574114096920,2019-11-18T16:54:56.920,70.390,0.322,-0.950,0.021
1574114096930,2019-11-18T16:54:56.930,70.400,0.324,-0.955,0.021
1574114096940,2019-11-18T16:54:56.940,70.410,0.327,-0.959,0.018
1574114096950,2019-11-18T16:54:56.950,70.420,0.327,-0.960,0.024
1574114096960,2019-11-18T16:54:56.960,70.430,0.326,-0.953,0.025
1574114096970,2019-11-18T16:54:56.970,70.440,0.329,-0.946,0.031
1574114096980,2019-11-18T16:54:56.980,70.450,0.334,-0.954,0.035
1574114096990,2019-11-18T16:54:56.990,70.460,0.340,-0.962,0.031
1574114097000,2019-11-18T16:54:57.000,70.470,0.336,-0.962,0.033
1574114097010,2019-11-18T16:54:57.010,70.480,0.337,-0.958,0.031
1574114097020,2019-11-18T16:54:57.020,70.490,0.332,-0.954,0.032
1574114097030,2019-11-18T16:54:57.030,70.500,0.328,-0.945,0.037
1574114097040,2019-11-18T16:54:57.040,70.510,0.326,-0.935,0.039
1574114097050,2019-11-18T16:54:57.050,70.520,0.328,-0.935,0.046
1574114097060,2019-11-18T16:54:57.060,70.530,0.340,-0.939,0.043
1574114097070,2019-11-18T16:54:57.070,70.540,0.349,-0.935,0.045
1574114097080,2019-11-18T16:54:57.080,70.550,0.357,-0.950,0.055
1574114097090,2019-11-18T16:54:57.090,70.560,0.367,-0.964,0.057
1574114097100,2019-11-18T16:54:57.100,70.570,0.360,-0.967,0.060
1574114097110,2019-11-18T16:54:57.110,70.580,0.360,-0.961,0.059
1574114097120,2019-11-18T16:54:57.120,70.590,0.358,-0.956,0.058
1574114097130,2019-11-18T16:54:57.130,70.600,0.356,-0.950,0.061
1574114097140,2019-11-18T16:54:57.140,70.610,0.350,-0.948,0.061
1574114097150,2019-11-18T16:54:57.150,70.620,0.344,-0.949,0.058
1574114097160,2019-11-18T16:54:57.160,70.630,0.336,-0.947,0.054
1574114097170,2019-11-18T16:54:57.170,70.640,0.331,-0.949,0.050
1574114097180,2019-11-18T16:54:57.180,70.650,0.327,-0.946,0.043
1574114097190,2019-11-18T16:54:57.190,70.660,0.323,-0.947,0.048
1574114097200,2019-11-18T16:54:57.200,70.670,0.321,-0.952,0.042
1574114097210,2019-11-18T16:54:57.210,70.680,0.317,-0.954,0.039
1574114097220,2019-11-18T16:54:57.220,70.690,0.311,-0.948,0.035
1574114097230,2019-11-18T16:54:57.230,70.700,0.306,-0.946,0.030
1574114097240,2019-11-18T16:54:57.240,70.710,0.306,-0.943,0.028
1574114097250,2019-11-18T16:54:57.250,70.720,0.304,-0.945,0.025
1574114097260,2019-11-18T16:54:57.260,70.730,0.304,-0.953,0.020
1574114097270,2019-11-18T16:54:57.270,70.740,0.303,-0.954,0.021
1574114097280,2019-11-18T16:54:57.280,70.750,0.300,-0.952,0.023
1574114097290,2019-11-18T16:54:57.290,70.760,0.293,-0.954,0.020
1574114097300,2019-11-18T16:54:57.300,70.770,0.291,-0.954,0.013
1574114097310,2019-11-18T16:54:57.310,70.780,0.288,-0.962,0.013
1574114097320,2019-11-18T16:54:57.320,70.790,0.291,-0.968,0.016
1574114097330,2019-11-18T16:54:57.330,70.800,0.287,-0.961,0.013
1574114097340,2019-11-18T16:54:57.340,70.810,0.287,-0.955,0.015
1574114097350,2019-11-18T16:54:57.350,70.820,0.297,-0.961,0.018
1574114097360,2019-11-18T16:54:57.360,70.830,0.304,-0.966,0.018
1574114097370,2019-11-18T16:54:57.370,70.840,0.302,-0.962,0.016
1574114097380,2019-11-18T16:54:57.380,70.850,0.302,-0.964,0.013
1574114097390,2019-11-18T16:54:57.390,70.860,0.301,-0.964,0.014
1574114097400,2019-11-18T16:54:57.400,70.870,0.300,-0.962,0.013
1574114097410,2019-11-18T16:54:57.410,70.880,0.296,-0.961,0.013
1574114097420,2019-11-18T16:54:57.420,70.890,0.296,-0.957,0.011
1574114097430,2019-11-18T16:54:57.430,70.900,0.298,-0.959,0.008
1574114097440,2019-11-18T16:54:57.440,70.910,0.292,-0.962,0.008
1574114097450,2019-11-18T16:54:57.450,70.920,0.287,-0.963,0.007
1574114097460,2019-11-18T16:54:57.460,70.930,0.286,-0.969,0.006
1574114097470,2019-11-18T16:54:57.470,70.940,0.287,-0.971,0.004
1574114097480,2019-11-18T16:54:57.480,70.950,0.284,-0.968,0.003
1574114097490,2019-11-18T16:54:57.490,70.960,0.284,-0.960,0.002
1574114097500,2019-11-18T16:54:57.500,70.970,0.284,-0.958,-0.000
1574114097510,2019-11-18T16:54:57.510,70.980,0.285,-0.954,0.001
1574114097520,2019-11-18T16:54:57.520,70.990,0.282,-0.958,0.000
1574114097530,2019-11-18T16:54:57.530,71.000,0.283,-0.965,0.001
1574114097540,2019-11-18T16:54:57.540,71.010,0.289,-0.958,0.000
1574114097550,2019-11-18T16:54:57.550,71.020,0.284,-0.951,0.003
1574114097560,2019-11-18T16:54:57.560,71.030,0.279,-0.957,-0.002
1574114097570,2019-11-18T16:54:57.570,71.040,0.280,-0.965,-0.004
1574114097580,2019-11-18T16:54:57.580,71.050,0.276,-0.963,-0.004
1574114097590,2019-11-18T16:54:57.590,71.060,0.278,-0.966,-0.002
1574114097600,2019-11-18T16:54:57.600,71.070,0.281,-0.972,-0.005
1574114097610,2019-11-18T16:54:57.610,71.080,0.279,-0.971,-0.008
1574114097620,2019-11-18T16:54:57.620,71.090,0.280,-0.970,-0.008
1574114097630,2019-11-18T16:54:57.630,71.100,0.275,-0.970,-0.007
1574114097640,2019-11-18T16:54:57.640,71.110,0.275,-0.966,-0.011
1574114097650,2019-11-18T16:54:57.650,71.120,0.272,-0.965,-0.013
1574114097660,2019-11-18T16:54:57.660,71.130,0.269,-0.960,-0.011
1574114097670,2019-11-18T16:54:57.670,71.140,0.266,-0.952,-0.014
1574114097680,2019-11-18T16:54:57.680,71.150,0.263,-0.953,-0.015
1574114097690,2019-11-18T16:54:57.690,71.160,0.271,-0.963,-0.013
1574114097700,2019-11-18T16:54:57.700,71.170,0.268,-0.963,-0.015
1574114097710,2019-11-18T16:54:57.710,71.180,0.265,-0.957,-0.012
1574114097720,2019-11-18T16:54:57.720,71.190,0.260,-0.956,-0.008
1574114097730,2019-11-18T16:54:57.730,71.200,0.268,-0.965,-0.005
1574114097740,2019-11-18T16:54:57.740,71.210,0.276,-0.974,-0.001
1574114097750,2019-11-18T16:54:57.750,71.220,0.285,-0.971,0.001
1574114097760,2019-11-18T16:54:57.760,71.230,0.290,-0.960,0.005
1574114097770,2019-11-18T16:54:57.770,71.240,0.291,-0.958,0.010
1574114097780,2019-11-18T16:54:57.780,71.250,0.296,-0.963,0.008
1574114097790,2019-11-18T16:54:57.790,71.260,0.298,-0.963,0.009
1574114097800,2019-11-18T16:54:57.800,71.270,0.293,-0.960,0.005
1574114097810,2019-11-18T16:54:57.810,71.280,0.286,-0.963,0.006
1574114097820,2019-11-18T16:54:57.820,71.290,0.288,-0.968,0.005
1574114097830,2019-11-18T16:54:57.830,71.300,0.289,-0.976,0.006
1574114097840,2019-11-18T16:54:57.840,71.310,0.293,-0.974,0.008
1574114097850,2019-11-18T16:54:57.850,71.320,0.291,-0.965,0.007
1574114097860,2019-11-18T16:54:57.860,71.330,0.283,-0.957,0.007
1574114097870,2019-11-18T16:54:57.870,71.340,0.281,-0.958,0.006
1574114097880,2019-11-18T16:54:57.880,71.350,0.279,-0.958,0.007
1574114097890,2019-11-18T16:54:57.890,71.360,0.276,-0.961,0.005
1574114097900,2019-11-18T16:54:57.900,71.370,0.277,-0.963,0.007
1574114097910,2019-11-18T16:54:57.910,71.380,0.272,-0.960,0.008
1574114097920,2019-11-18T16:54:57.920,71.390,0.269,-0.962,0.003
1574114097930,2019-11-18T16:54:57.930,71.400,0.265,-0.964,0.004
1574114097940,2019-11-18T16:54:57.940,71.410,0.264,-0.959,-0.002
1574114097950,2019-11-18T16:54:57.950,71.420,0.261,-0.951,-0.007
1574114097960,2019-11-18T16:54:57.960,71.430,0.263,-0.951,-0.002
1574114097970,2019-11-18T16:54:57.970,71.440,0.272,-0.959,0.002
1574114097980,2019-11-18T16:54:57.980,71.450,0.272,-0.958,0.008
1574114097990,2019-11-18T16:54:57.990,71.460,0.276,-0.952,0.013
1574114098000,2019-11-18T16:54:58.000,71.470,0.286,-0.952,0.017
1574114098010,2019-11-18T16:54:58.010,71.480,0.301,-0.956,0.021
1574114098020,2019-11-18T16:54:58.020,71.490,0.306,-0.959,0.020
1574114098030,2019-11-18T16:54:58.030,71.500,0.303,-0.956,0.023
1574114098040,2019-11-18T16:54:58.040,71.510,0.303,-0.957,0.023
1574114098050,2019-11-18T16:54:58.050,71.520,0.307,-0.963,0.021
1574114098060,2019-11-18T16:54:58.060,71.530,0.304,-0.962,0.021
1574114098070,2019-11-18T16:54:58.070,71.540,0.304,-0.959,0.021
1574114098080,2019-11-18T16:54:58.080,71.550,0.307,-0.962,0.019
1574114098090,2019-11-18T16:54:58.090,71.560,0.306,-0.964,0.020
1574114098100,2019-11-18T16:54:58.100,71.570,0.302,-0.964,0.017
1574114098110,2019-11-18T16:54:58.110,71.580,0.302,-0.960,0.012
1574114098120,2019-11-18T16:54:58.120,71.590,0.299,-0.947,0.010
1574114098130,2019-11-18T16:54:58.130,71.600,0.296,-0.943,0.006
1574114098140,2019-11-18T16:54:58.140,71.610,0.294,-0.947,0.002
1574114098150,2019-11-18T16:54:58.150,71.620,0.294,-0.952,-0.001
1574114098160,2019-11-18T16:54:58.160,71.630,0.292,-0.955,-0.007
1574114098170,2019-11-18T16:54:58.170,71.640,0.289,-0.960,-0.007
1574114098180,2019-11-18T16:54:58.180,71.650,0.292,-0.974,-0.015
1574114098190,2019-11-18T16:54:58.190,71.660,0.290,-0.981,-0.019
1574114098200,2019-11-18T16:54:58.200,71.670,0.283,-0.981,-0.020
1574114098210,2019-11-18T16:54:58.210,71.680,0.275,-0.976,-0.021
1574114098220,2019-11-18T16:54:58.220,71.690,0.273,-0.971,-0.024
1574114098230,2019-11-18T16:54:58.230,71.700,0.276,-0.965,-0.027
1574114098240,2019-11-18T16:54:58.240,71.710,0.275,-0.966,-0.028
1574114098250,2019-11-18T16:54:58.250,71.720,0.274,-0.963,-0.031
1574114098260,2019-11-18T16:54:58.260,71.730,0.273,-0.958,-0.031
1574114098270,2019-11-18T16:54:58.270,71.740,0.271,-0.958,-0.032
1574114098280,2019-11-18T16:54:58.280,71.750,0.276,-0.968,-0.033
1574114098290,2019-11-18T16:54:58.290,71.760,0.276,-0.979,-0.033
1574114098300,2019-11-18T16:54:58.300,71.770,0.273,-0.978,-0.035
1574114098310,2019-11-18T16:54:58.310,71.780,0.270,-0.968,-0.036
1574114098320,2019-11-18T16:54:58.320,71.790,0.271,-0.971,-0.034
1574114098330,2019-11-18T16:54:58.330,71.800,0.274,-0.976,-0.031
1574114098340,2019-11-18T16:54:58.340,71.810,0.275,-0.972,-0.028
1574114098350,2019-11-18T16:54:58.350,71.820,0.277,-0.966,-0.027
1574114098360,2019-11-18T16:54:58.360,71.830,0.281,-0.969,-0.025
1574114098370,2019-11-18T16:54:58.370,71.840,0.284,-0.975,-0.026
1574114098380,2019-11-18T16:54:58.380,71.850,0.290,-0.970,-0.024
1574114098390,2019-11-18T16:54:58.390,71.860,0.288,-0.956,-0.022
1574114098400,2019-11-18T16:54:58.400,71.870,0.282,-0.945,-0.021
1574114098410,2019-11-18T16:54:58.410,71.880,0.291,-0.957,-0.017
1574114098420,2019-11-18T16:54:58.420,71.890,0.309,-0.965,-0.013
1574114098430,2019-11-18T16:54:58.430,71.900,0.311,-0.964,-0.010
1574114098440,2019-11-18T16:54:58.440,71.910,0.305,-0.963,-0.011
1574114098450,2019-11-18T16:54:58.450,71.920,0.297,-0.964,-0.012
1574114098460,2019-11-18T16:54:58.460,71.930,0.302,-0.974,-0.011
1574114098470,2019-11-18T16:54:58.470,71.940,0.302,-0.967,-0.015
1574114098480,2019-11-18T16:54:58.480,71.950,0.291,-0.950,-0.013
1574114098490,2019-11-18T16:54:58.490,71.960,0.289,-0.953,-0.015
1574114098500,2019-11-18T16:54:58.500,71.970,0.298,-0.958,-0.018
1574114098510,2019-11-18T16:54:58.510,71.980,0.293,-0.949,-0.018
1574114098520,2019-11-18T16:54:58.520,71.990,0.286,-0.949,-0.019
1574114098530,2019-11-18T16:54:58.530,72.000,0.290,-0.961,-0.020
1574114098540,2019-11-18T16:54:58.540,72.010,0.292,-0.974,-0.018
1574114098550,2019-11-18T16:54:58.550,72.020,0.292,-0.962,-0.018
1574114098560,2019-11-18T16:54:58.560,72.030,0.292,-0.960,-0.016
1574114098570,2019-11-18T16:54:58.570,72.040,0.296,-0.966,-0.015
1574114098580,2019-11-18T16:54:58.580,72.050,0.293,-0.965,-0.014
1574114098590,2019-11-18T16:54:58.590,72.060,0.293,-0.967,-0.014
1574114098600,2019-11-18T16:54:58.600,72.070,0.292,-0.967,-0.017
1574114098610,2019-11-18T16:54:58.610,72.080,0.296,-0.965,-0.015
1574114098620,2019-11-18T16:54:58.620,72.090,0.292,-0.967,-0.012
1574114098630,2019-11-18T16:54:58.630,72.100,0.283,-0.963,-0.013
1574114098640,2019-11-18T16:54:58.640,72.110,0.286,-0.961,-0.014
1574114098650,2019-11-18T16:54:58.650,72.120,0.289,-0.964,-0.016
1574114098660,2019-11-18T16:54:58.660,72.130,0.285,-0.958,-0.014
1574114098670,2019-11-18T16:54:58.670,72.140,0.285,-0.958,-0.016
1574114098680,2019-11-18T16:54:58.680,72.150,0.282,-0.956,-0.016
1574114098690,2019-11-18T16:54:58.690,72.160,0.274,-0.951,-0.015
1574114098700,2019-11-18T16:54:58.700,72.170,0.284,-0.956,-0.012
1574114098710,2019-11-18T16:54:58.710,72.180,0.289,-0.967,-0.010
1574114098720,2019-11-18T16:54:58.720,72.190,0.284,-0.966,-0.011
1574114098730,2019-11-18T16:54:58.730,72.200,0.286,-0.968,-0.004
1574114098740,2019-11-18T16:54:58.740,72.210,0.292,-0.976,-0.010
1574114098750,2019-11-18T16:54:58.750,72.220,0.287,-0.966,-0.010
1574114098760,2019-11-18T16:54:58.760,72.230,0.283,-0.955,-0.006
1574114098770,2019-11-18T16:54:58.770,72.240,0.285,-0.956,-0.007
1574114098780,2019-11-18T16:54:58.780,72.250,0.286,-0.955,-0.007
1574114098790,2019-11-18T16:54:58.790,72.260,0.281,-0.956,-0.008
1574114098800,2019-11-18T16:54:58.800,72.270,0.283,-0.965,-0.009
1574114098810,2019-11-18T16:54:58.810,72.280,0.288,-0.965,-0.010
1574114098820,2019-11-18T16:54:58.820,72.290,0.285,-0.971,-0.007
1574114098830,2019-11-18T16:54:58.830,72.300,0.285,-0.978,-0.008
1574114098840,2019-11-18T16:54:58.840,72.310,0.283,-0.968,-0.009
1574114098850,2019-11-18T16:54:58.850,72.320,0.284,-0.963,-0.010
1574114098860,2019-11-18T16:54:58.860,72.330,0.279,-0.960,-0.011
1574114098870,2019-11-18T16:54:58.870,72.340,0.277,-0.954,-0.006
1574114098880,2019-11-18T16:54:58.880,72.350,0.285,-0.953,-0.004
1574114098890,2019-11-18T16:54:58.890,72.360,0.284,-0.955,-0.003
1574114098900,2019-11-18T16:54:58.900,72.370,0.280,-0.953,-0.006
1574114098910,2019-11-18T16:54:58.910,72.380,0.275,-0.958,-0.003
1574114098920,2019-11-18T16:54:58.920,72.390,0.280,-0.969,-0.006
1574114098930,2019-11-18T16:54:58.930,72.400,0.280,-0.971,-0.002
1574114098940,2019-11-18T16:54:58.940,72.410,0.280,-0.968,-0.002
1574114098950,2019-11-18T16:54:58.950,72.420,0.281,-0.965,0.000
1574114098960,2019-11-18T16:54:58.960,72.430,0.281,-0.965,-0.002
1574114098970,2019-11-18T16:54:58.970,72.440,0.279,-0.964,0.003
1574114098980,2019-11-18T16:54:58.980,72.450,0.282,-0.965,0.003
1574114098990,2019-11-18T16:54:58.990,72.460,0.285,-0.965,0.003
1574114099000,2019-11-18T16:54:59.000,72.470,0.283,-0.958,0.011
1574114099010,2019-11-18T16:54:59.010,72.480,0.281,-0.959,0.009
1574114099020,2019-11-18T16:54:59.020,72.490,0.283,-0.963,0.006
1574114099030,2019-11-18T16:54:59.030,72.500,0.282,-0.958,0.008
1574114099040,2019-11-18T16:54:59.040,72.510,0.281,-0.957,0.009
1574114099050,2019-11-18T16:54:59.050,72.520,0.280,-0.961,0.011
1574114099060,2019-11-18T16:54:59.060,72.530,0.279,-0.958,0.011
1574114099070,2019-11-18T16:54:59.070,72.540,0.286,-0.959,0.011
1574114099080,2019-11-18T16:54:59.080,72.550,0.289,-0.969,0.014
1574114099090,2019-11-18T16:54:59.090,72.560,0.288,-0.958,0.017
1574114099100,2019-11-18T16:54:59.100,72.570,0.282,-0.951,0.019
1574114099110,2019-11-18T16:54:59.110,72.580,0.285,-0.956,0.021
1574114099120,2019-11-18T16:54:59.120,72.590,0.284,-0.962,0.016
1574114099130,2019-11-18T16:54:59.130,72.600,0.287,-0.962,0.017
1574114099140,2019-11-18T16:54:59.140,72.610,0.286,-0.961,0.019
1574114099150,2019-11-18T16:54:59.150,72.620,0.284,-0.968,0.016
1574114099160,2019-11-18T16:54:59.160,72.630,0.282,-0.965,0.017
1574114099170,2019-11-18T16:54:59.170,72.640,0.280,-0.958,0.019
1574114099180,2019-11-18T16:54:59.180,72.650,0.278,-0.959,0.018
1574114099190,2019-11-18T16:54:59.190,72.660,0.281,-0.959,0.017
1574114099200,2019-11-18T16:54:59.200,72.670,0.279,-0.962,0.015
1574114099210,2019-11-18T16:54:59.210,72.680,0.270,-0.962,0.012
1574114099220,2019-11-18T16:54:59.220,72.690,0.271,-0.961,0.006
1574114099230,2019-11-18T16:54:59.230,72.700,0.275,-0.961,0.007
1574114099240,2019-11-18T16:54:59.240,72.710,0.275,-0.966,0.008
1574114099250,2019-11-18T16:54:59.250,72.720,0.275,-0.962,0.008
1574114099260,2019-11-18T16:54:59.260,72.730,0.279,-0.958,0.009
1574114099270,2019-11-18T16:54:59.270,72.740,0.281,-0.964,0.010
1574114099280,2019-11-18T16:54:59.280,72.750,0.283,-0.971,0.009
1574114099290,2019-11-18T16:54:59.290,72.760,0.289,-0.980,0.008
1574114099300,2019-11-18T16:54:59.300,72.770,0.288,-0.981,0.010
1574114099310,2019-11-18T16:54:59.310,72.780,0.281,-0.959,0.012
1574114099320,2019-11-18T16:54:59.320,72.790,0.284,-0.952,0.014
1574114099330,2019-11-18T16:54:59.330,72.800,0.291,-0.963,0.016
1574114099340,2019-11-18T16:54:59.340,72.810,0.292,-0.969,0.014
1574114099350,2019-11-18T16:54:59.350,72.820,0.289,-0.967,0.017
1574114099360,2019-11-18T16:54:59.360,72.830,0.287,-0.964,0.016
1574114099370,2019-11-18T16:54:59.370,72.840,0.289,-0.965,0.013
1574114099380,2019-11-18T16:54:59.380,72.850,0.283,-0.966,0.013
1574114099390,2019-11-18T16:54:59.390,72.860,0.279,-0.958,0.010
1574114099400,2019-11-18T16:54:59.400,72.870,0.279,-0.959,0.011
1574114099410,2019-11-18T16:54:59.410,72.880,0.280,-0.962,0.008
1574114099420,2019-11-18T16:54:59.420,72.890,0.283,-0.960,0.008
1574114099430,2019-11-18T16:54:59.430,72.900,0.285,-0.958,0.009
1574114099440,2019-11-18T16:54:59.440,72.910,0.286,-0.962,0.013
1574114099450,2019-11-18T16:54:59.450,72.920,0.288,-0.969,0.012
1574114099460,2019-11-18T16:54:59.460,72.930,0.285,-0.966,0.007
1574114099470,2019-11-18T16:54:59.470,72.940,0.276,-0.956,0.003
1574114099480,2019-11-18T16:54:59.480,72.950,0.266,-0.955,0.000
1574114099490,2019-11-18T16:54:59.490,72.960,0.266,-0.959,0.000
1574114099500,2019-11-18T16:54:59.500,72.970,0.272,-0.959,0.001
1574114099510,2019-11-18T16:54:59.510,72.980,0.275,-0.952,0.000
1574114099520,2019-11-18T16:54:59.520,72.990,0.278,-0.949,0.006
1574114099530,2019-11-18T16:54:59.530,73.000,0.286,-0.959,0.009
1574114099540,2019-11-18T16:54:59.540,73.010,0.291,-0.973,0.011
1574114099550,2019-11-18T16:54:59.550,73.020,0.289,-0.977,0.015
1574114099560,2019-11-18T16:54:59.560,73.030,0.289,-0.968,0.017
1574114099570,2019-11-18T16:54:59.570,73.040,0.291,-0.958,0.018
1574114099580,2019-11-18T16:54:59.580,73.050,0.296,-0.956,0.019
1574114099590,2019-11-18T16:54:59.590,73.060,0.295,-0.947,0.020
1574114099600,2019-11-18T16:54:59.600,73.070,0.295,-0.942,0.022
1574114099610,2019-11-18T16:54:59.610,73.080,0.302,-0.948,0.023
1574114099620,2019-11-18T16:54:59.620,73.090,0.308,-0.951,0.024
1574114099630,2019-11-18T16:54:59.630,73.100,0.307,-0.955,0.024
1574114099640,2019-11-18T16:54:59.640,73.110,0.309,-0.957,0.023
1574114099650,2019-11-18T16:54:59.650,73.120,0.312,-0.962,0.021
1574114099660,2019-11-18T16:54:59.660,73.130,0.316,-0.963,0.027
1574114099670,2019-11-18T16:54:59.670,73.140,0.315,-0.958,0.023
1574114099680,2019-11-18T16:54:59.680,73.150,0.313,-0.949,0.025
1574114099690,2019-11-18T16:54:59.690,73.160,0.313,-0.951,0.027
1574114099700,2019-11-18T16:54:59.700,73.170,0.317,-0.960,0.021
1574114099710,2019-11-18T16:54:59.710,73.180,0.316,-0.964,0.021
1574114099720,2019-11-18T16:54:59.720,73.190,0.310,-0.960,0.022
1574114099730,2019-11-18T16:54:59.730,73.200,0.307,-0.964,0.017
1574114099740,2019-11-18T16:54:59.740,73.210,0.311,-0.962,0.013
1574114099750,2019-11-18T16:54:59.750,73.220,0.311,-0.961,0.013
1574114099760,2019-11-18T16:54:59.760,73.230,0.308,-0.963,0.010
1574114099770,2019-11-18T16:54:59.770,73.240,0.305,-0.953,0.014
1574114099780,2019-11-18T16:54:59.780,73.250,0.307,-0.952,0.015
1574114099790,2019-11-18T16:54:59.790,73.260,0.310,-0.963,0.011
1574114099800,2019-11-18T16:54:59.800,73.270,0.310,-0.963,0.011
1574114099810,2019-11-18T16:54:59.810,73.280,0.306,-0.959,0.015
1574114099820,2019-11-18T16:54:59.820,73.290,0.307,-0.963,0.014
1574114099830,2019-11-18T16:54:59.830,73.300,0.312,-0.969,0.016
1574114099840,2019-11-18T16:54:59.840,73.310,0.313,-0.968,0.011
1574114099850,2019-11-18T16:54:59.850,73.320,0.310,-0.961,0.014
1574114099860,2019-11-18T16:54:59.860,73.330,0.308,-0.953,0.019
1574114099870,2019-11-18T16:54:59.870,73.340,0.309,-0.952,0.021
1574114099880,2019-11-18T16:54:59.880,73.350,0.313,-0.955,0.021
1574114099890,2019-11-18T16:54:59.890,73.360,0.308,-0.958,0.021
1574114099900,2019-11-18T16:54:59.900,73.370,0.305,-0.951,0.019
1574114099910,2019-11-18T16:54:59.910,73.380,0.307,-0.955,0.014
1574114099920,2019-11-18T16:54:59.920,73.390,0.303,-0.961,0.015
1574114099930,2019-11-18T16:54:59.930,73.400,0.298,-0.957,0.015
1574114099940,2019-11-18T16:54:59.940,73.410,0.297,-0.958,0.012
1574114099950,2019-11-18T16:54:59.950,73.420,0.299,-0.964,0.012
1574114099960,2019-11-18T16:54:59.960,73.430,0.300,-0.961,0.012
1574114099970,2019-11-18T16:54:59.970,73.440,0.297,-0.959,0.013
1574114099980,2019-11-18T16:54:59.980,73.450,0.298,-0.958,0.014
1574114099990,2019-11-18T16:54:59.990,73.460,0.301,-0.952,0.016
1574114100000,2019-11-18T16:55:00.000,73.470,0.302,-0.948,0.018
1574114100010,2019-11-18T16:55:00.010,73.480,0.302,-0.949,0.019
1574114100020,2019-11-18T16:55:00.020,73.490,0.301,-0.951,0.019
1574114100030,2019-11-18T16:55:00.030,73.500,0.299,-0.950,0.019
1574114100040,2019-11-18T16:55:00.040,73.510,0.299,-0.949,0.018
1574114100050,2019-11-18T16:55:00.050,73.520,0.305,-0.956,0.017
1574114100060,2019-11-18T16:55:00.060,73.530,0.305,-0.958,0.020
1574114100070,2019-11-18T16:55:00.070,73.540,0.308,-0.959,0.017
1574114100080,2019-11-18T16:55:00.080,73.550,0.308,-0.960,0.015
1574114100090,2019-11-18T16:55:00.090,73.560,0.308,-0.966,0.014
1574114100100,2019-11-18T16:55:00.100,73.570,0.307,-0.967,0.016
1574114100110,2019-11-18T16:55:00.110,73.580,0.303,-0.960,0.018
1574114100120,2019-11-18T16:55:00.120,73.590,0.302,-0.962,0.015
1574114100130,2019-11-18T16:55:00.130,73.600,0.299,-0.964,0.013
1574114100140,2019-11-18T16:55:00.140,73.610,0.300,-0.960,0.012
1574114100150,2019-11-18T16:55:00.150,73.620,0.301,-0.956,0.009
1574114100160,2019-11-18T16:55:00.160,73.630,0.301,-0.958,0.009
1574114100170,2019-11-18T16:55:00.170,73.640,0.303,-0.957,0.012
1574114100180,2019-11-18T16:55:00.180,73.650,0.303,-0.957,0.011
1574114100190,2019-11-18T16:55:00.190,73.660,0.309,-0.964,0.008
1574114100200,2019-11-18T16:55:00.200,73.670,0.307,-0.965,0.006
1574114100210,2019-11-18T16:55:00.210,73.680,0.308,-0.964,0.008
1574114100220,2019-11-18T16:55:00.220,73.690,0.307,-0.966,0.009
1574114100230,2019-11-18T16:55:00.230,73.700,0.302,-0.963,0.008
1574114100240,2019-11-18T16:55:00.240,73.710,0.303,-0.958,0.007
1574114100250,2019-11-18T16:55:00.250,73.720,0.307,-0.964,0.008
1574114100260,2019-11-18T16:55:00.260,73.730,0.309,-0.958,0.007
1574114100270,2019-11-18T16:55:00.270,73.740,0.304,-0.957,0.006
1574114100280,2019-11-18T16:55:00.280,73.750,0.309,-0.971,0.004
1574114100290,2019-11-18T16:55:00.290,73.760,0.319,-0.983,0.004
1574114100300,2019-11-18T16:55:00.300,73.770,0.323,-0.995,0.005
1574114100310,2019-11-18T16:55:00.310,73.780,0.318,-0.996,0.002
1574114100320,2019-11-18T16:55:00.320,73.790,0.302,-0.965,0.004
1574114100330,2019-11-18T16:55:00.330,73.800,0.295,-0.954,0.006
1574114100340,2019-11-18T16:55:00.340,73.810,0.305,-0.968,0.010
1574114100350,2019-11-18T16:55:00.350,73.820,0.318,-0.989,0.014
1574114100360,2019-11-18T16:55:00.360,73.830,0.321,-0.977,0.018
1574114100370,2019-11-18T16:55:00.370,73.840,0.304,-0.947,0.024
1574114100380,2019-11-18T16:55:00.380,73.850,0.304,-0.939,0.023
1574114100390,2019-11-18T16:55:00.390,73.860,0.321,-0.983,0.030
1574114100400,2019-11-18T16:55:00.400,73.870,0.344,-1.019,0.021
1574114100410,2019-11-18T16:55:00.410,73.880,0.325,-0.964,0.028
1574114100420,2019-11-18T16:55:00.420,73.890,0.317,-0.937,0.040
1574114100430,2019-11-18T16:55:00.430,73.900,0.343,-0.989,0.046
1574114100440,2019-11-18T16:55:00.440,73.910,0.375,-1.008,0.062
1574114100450,2019-11-18T16:55:00.450,73.920,0.391,-1.009,0.076
1574114100460,2019-11-18T16:55:00.460,73.930,0.407,-1.014,0.079
1574114100470,2019-11-18T16:55:00.470,73.940,0.396,-0.996,0.085
1574114100480,2019-11-18T16:55:00.480,73.950,0.390,-0.955,0.097
1574114100490,2019-11-18T16:55:00.490,73.960,0.386,-0.951,0.099
1574114100500,2019-11-18T16:55:00.500,73.970,0.390,-0.962,0.099
1574114100510,2019-11-18T16:55:00.510,73.980,0.375,-0.946,0.088
1574114100520,2019-11-18T16:55:00.520,73.990,0.350,-0.914,0.085
1574114100530,2019-11-18T16:55:00.530,74.000,0.325,-0.915,0.072
1574114100540,2019-11-18T16:55:00.540,74.010,0.290,-0.939,0.058
1574114100550,2019-11-18T16:55:00.550,74.020,0.260,-0.939,0.055
1574114100560,2019-11-18T16:55:00.560,74.030,0.248,-0.942,0.057
1574114100570,2019-11-18T16:55:00.570,74.040,0.255,-0.944,0.070
1574114100580,2019-11-18T16:55:00.580,74.050,0.254,-0.910,0.079
1574114100590,2019-11-18T16:55:00.590,74.060,0.237,-0.884,0.078
1574114100600,2019-11-18T16:55:00.600,74.070,0.227,-0.907,0.066
1574114100610,2019-11-18T16:55:00.610,74.080,0.227,-0.931,0.053
1574114100620,2019-11-18T16:55:00.620,74.090,0.211,-0.976,0.049
1574114100630,2019-11-18T16:55:00.630,74.100,0.214,-0.977,0.059
1574114100640,2019-11-18T16:55:00.640,74.110,0.232,-0.904,0.074
1574114100650,2019-11-18T16:55:00.650,74.120,0.235,-0.858,0.088
1574114100660,2019-11-18T16:55:00.660,74.130,0.229,-0.850,0.094
1574114100670,2019-11-18T16:55:00.670,74.140,0.231,-0.913,0.092
1574114100680,2019-11-18T16:55:00.680,74.150,0.240,-0.997,0.088
1574114100690,2019-11-18T16:55:00.690,74.160,0.261,-1.011,0.092
1574114100700,2019-11-18T16:55:00.700,74.170,0.278,-1.000,0.097
1574114100710,2019-11-18T16:55:00.710,74.180,0.284,-0.958,0.117
1574114100720,2019-11-18T16:55:00.720,74.190,0.286,-0.912,0.156
1574114100730,2019-11-18T16:55:00.730,74.200,0.299,-0.925,0.182
1574114100740,2019-11-18T16:55:00.740,74.210,0.312,-0.964,0.178
1574114100750,2019-11-18T16:55:00.750,74.220,0.309,-0.966,0.172
1574114100760,2019-11-18T16:55:00.760,74.230,0.297,-0.944,0.171
1574114100770,2019-11-18T16:55:00.770,74.240,0.276,-0.938,0.171
1574114100780,2019-11-18T16:55:00.780,74.250,0.258,-0.944,0.165
1574114100790,2019-11-18T16:55:00.790,74.260,0.265,-0.900,0.170
1574114100800,2019-11-18T16:55:00.800,74.270,0.264,-0.812,0.209
1574114100810,2019-11-18T16:55:00.810,74.280,0.284,-0.756,0.229
1574114100820,2019-11-18T16:55:00.820,74.290,0.292,-0.794,0.217
1574114100830,2019-11-18T16:55:00.830,74.300,0.290,-0.885,0.178
1574114100840,2019-11-18T16:55:00.840,74.310,0.292,-0.954,0.141
1574114100850,2019-11-18T16:55:00.850,74.320,0.304,-0.957,0.131
1574114100860,2019-11-18T16:55:00.860,74.330,0.307,-0.930,0.130
1574114100870,2019-11-18T16:55:00.870,74.340,0.321,-0.926,0.125
1574114100880,2019-11-18T16:55:00.880,74.350,0.337,-0.935,0.135
1574114100890,2019-11-18T16:55:00.890,74.360,0.322,-0.966,0.127
1574114100900,2019-11-18T16:55:00.900,74.370,0.313,-1.002,0.097
1574114100910,2019-11-18T16:55:00.910,74.380,0.320,-1.016,0.082
1574114100920,2019-11-18T16:55:00.920,74.390,0.337,-1.000,0.084
1574114100930,2019-11-18T16:55:00.930,74.400,0.355,-0.988,0.080
1574114100940,2019-11-18T16:55:00.940,74.410,0.357,-0.973,0.068
1574114100950,2019-11-18T16:55:00.950,74.420,0.331,-1.007,0.044
1574114100960,2019-11-18T16:55:00.960,74.430,0.308,-1.053,0.019
1574114100970,2019-11-18T16:55:00.970,74.440,0.291,-1.058,-0.008
1574114100980,2019-11-18T16:55:00.980,74.450,0.277,-1.033,-0.010
1574114100990,2019-11-18T16:55:00.990,74.460,0.296,-0.968,0.014
1574114101000,2019-11-18T16:55:01.000,74.470,0.318,-0.926,0.040
1574114101010,2019-11-18T16:55:01.010,74.480,0.334,-0.918,0.057
1574114101020,2019-11-18T16:55:01.020,74.490,0.332,-0.959,0.054
1574114101030,2019-11-18T16:55:01.030,74.500,0.322,-1.021,0.032
1574114101040,2019-11-18T16:55:01.040,74.510,0.322,-1.060,0.018
1574114101050,2019-11-18T16:55:01.050,74.520,0.333,-1.045,0.026
1574114101060,2019-11-18T16:55:01.060,74.530,0.344,-0.979,0.047
1574114101070,2019-11-18T16:55:01.070,74.540,0.357,-0.913,0.072
1574114101080,2019-11-18T16:55:01.080,74.550,0.370,-0.896,0.085
1574114101090,2019-11-18T16:55:01.090,74.560,0.366,-0.925,0.078
1574114101100,2019-11-18T16:55:01.100,74.570,0.359,-0.983,0.063
1574114101110,2019-11-18T16:55:01.110,74.580,0.348,-1.025,0.048
1574114101120,2019-11-18T16:55:01.120,74.590,0.332,-1.042,0.039
1574114101130,2019-11-18T16:55:01.130,74.600,0.338,-1.003,0.037
1574114101140,2019-11-18T16:55:01.140,74.610,0.324,-0.945,0.040
1574114101150,2019-11-18T16:55:01.150,74.620,0.322,-0.902,0.055
1574114101160,2019-11-18T16:55:01.160,74.630,0.337,-0.880,0.072
1574114101170,2019-11-18T16:55:01.170,74.640,0.335,-0.918,0.075
1574114101180,2019-11-18T16:55:01.180,74.650,0.339,-0.984,0.067
1574114101190,2019-11-18T16:55:01.190,74.660,0.343,-1.009,0.061
1574114101200,2019-11-18T16:55:01.200,74.670,0.341,-0.985,0.058
1574114101210,2019-11-18T16:55:01.210,74.680,0.336,-0.960,0.059
1574114101220,2019-11-18T16:55:01.220,74.690,0.341,-0.937,0.063
1574114101230,2019-11-18T16:55:01.230,74.700,0.336,-0.919,0.068
1574114101240,2019-11-18T16:55:01.240,74.710,0.331,-0.917,0.071
1574114101250,2019-11-18T16:55:01.250,74.720,0.330,-0.929,0.070
1574114101260,2019-11-18T16:55:01.260,74.730,0.331,-0.949,0.068
1574114101270,2019-11-18T16:55:01.270,74.740,0.330,-0.965,0.060
1574114101280,2019-11-18T16:55:01.280,74.750,0.323,-0.965,0.054
1574114101290,2019-11-18T16:55:01.290,74.760,0.319,-0.968,0.053
1574114101300,2019-11-18T16:55:01.300,74.770,0.316,-0.963,0.050
1574114101310,2019-11-18T16:55:01.310,74.780,0.311,-0.953,0.049
1574114101320,2019-11-18T16:55:01.320,74.790,0.315,-0.948,0.053
1574114101330,2019-11-18T16:55:01.330,74.800,0.320,-0.940,0.054
1574114101340,2019-11-18T16:55:01.340,74.810,0.325,-0.947,0.056
1574114101350,2019-11-18T16:55:01.350,74.820,0.337,-0.953,0.052
1574114101360,2019-11-18T16:55:01.360,74.830,0.332,-0.959,0.048
1574114101370,2019-11-18T16:55:01.370,74.840,0.328,-0.959,0.039
1574114101380,2019-11-18T16:55:01.380,74.850,0.319,-0.958,0.037
1574114101390,2019-11-18T16:55:01.390,74.860,0.314,-0.944,0.043
1574114101400,2019-11-18T16:55:01.400,74.870,0.316,-0.929,0.054
1574114101410,2019-11-18T16:55:01.410,74.880,0.317,-0.930,0.064
1574114101420,2019-11-18T16:55:01.420,74.890,0.320,-0.944,0.066
1574114101430,2019-11-18T16:55:01.430,74.900,0.329,-0.953,0.067
1574114101440,2019-11-18T16:55:01.440,74.910,0.331,-0.946,0.066
1574114101450,2019-11-18T16:55:01.450,74.920,0.330,-0.944,0.064
1574114101460,2019-11-18T16:55:01.460,74.930,0.334,-0.945,0.063
1574114101470,2019-11-18T16:55:01.470,74.940,0.337,-0.945,0.067
1574114101480,2019-11-18T16:55:01.480,74.950,0.339,-0.941,0.069
1574114101490,2019-11-18T16:55:01.490,74.960,0.348,-0.934,0.071
1574114101500,2019-11-18T16:55:01.500,74.970,0.350,-0.946,0.071
1574114101510,2019-11-18T16:55:01.510,74.980,0.355,-0.965,0.068
1574114101520,2019-11-18T16:55:01.520,74.990,0.348,-0.980,0.067
1574114101530,2019-11-18T16:55:01.530,75.000,0.342,-0.979,0.067
1574114101540,2019-11-18T16:55:01.540,75.010,0.336,-0.961,0.066
1574114101550,2019-11-18T16:55:01.550,75.020,0.336,-0.951,0.067
1574114101560,2019-11-18T16:55:01.560,75.030,0.339,-0.946,0.069
1574114101570,2019-11-18T16:55:01.570,75.040,0.339,-0.936,0.071
1574114101580,2019-11-18T16:55:01.580,75.050,0.329,-0.934,0.071
1574114101590,2019-11-18T16:55:01.590,75.060,0.328,-0.941,0.066
1574114101600,2019-11-18T16:55:01.600,75.070,0.330,-0.941,0.065
1574114101610,2019-11-18T16:55:01.610,75.080,0.323,-0.939,0.063
1574114101620,2019-11-18T16:55:01.620,75.090,0.323,-0.933,0.063
1574114101630,2019-11-18T16:55:01.630,75.100,0.324,-0.919,0.066
1574114101640,2019-11-18T16:55:01.640,75.110,0.328,-0.923,0.065
1574114101650,2019-11-18T16:55:01.650,75.120,0.338,-0.932,0.071
1574114101660,2019-11-18T16:55:01.660,75.130,0.350,-0.945,0.072
1574114101670,2019-11-18T16:55:01.670,75.140,0.353,-0.959,0.072
1574114101680,2019-11-18T16:55:01.680,75.150,0.353,-0.964,0.069
1574114101690,2019-11-18T16:55:01.690,75.160,0.350,-0.966,0.067
1574114101700,2019-11-18T16:55:01.700,75.170,0.346,-0.959,0.066
1574114101710,2019-11-18T16:55:01.710,75.180,0.348,-0.951,0.064
1574114101720,2019-11-18T16:55:01.720,75.190,0.354,-0.944,0.067
1574114101730,2019-11-18T16:55:01.730,75.200,0.353,-0.940,0.068
1574114101740,2019-11-18T16:55:01.740,75.210,0.351,-0.948,0.066
1574114101750,2019-11-18T16:55:01.750,75.220,0.352,-0.949,0.065
1574114101760,2019-11-18T16:55:01.760,75.230,0.345,-0.951,0.062
1574114101770,2019-11-18T16:55:01.770,75.240,0.340,-0.958,0.056
1574114101780,2019-11-18T16:55:01.780,75.250,0.336,-0.952,0.049
1574114101790,2019-11-18T16:55:01.790,75.260,0.329,-0.944,0.050
1574114101800,2019-11-18T16:55:01.800,75.270,0.334,-0.942,0.055
1574114101810,2019-11-18T16:55:01.810,75.280,0.349,-0.942,0.061
1574114101820,2019-11-18T16:55:01.820,75.290,0.349,-0.940,0.064
1574114101830,2019-11-18T16:55:01.830,75.300,0.351,-0.944,0.063
1574114101840,2019-11-18T16:55:01.840,75.310,0.354,-0.950,0.066
1574114101850,2019-11-18T16:55:01.850,75.320,0.353,-0.956,0.062
1574114101860,2019-11-18T16:55:01.860,75.330,0.347,-0.952,0.059
1574114101870,2019-11-18T16:55:01.870,75.340,0.345,-0.951,0.060
1574114101880,2019-11-18T16:55:01.880,75.350,0.349,-0.940,0.059
1574114101890,2019-11-18T16:55:01.890,75.360,0.348,-0.932,0.064
1574114101900,2019-11-18T16:55:01.900,75.370,0.347,-0.937,0.063
1574114101910,2019-11-18T16:55:01.910,75.380,0.351,-0.934,0.062
1574114101920,2019-11-18T16:55:01.920,75.390,0.349,-0.930,0.059
1574114101930,2019-11-18T16:55:01.930,75.400,0.353,-0.937,0.060
1574114101940,2019-11-18T16:55:01.940,75.410,0.352,-0.941,0.055
1574114101950,2019-11-18T16:55:01.950,75.420,0.350,-0.946,0.054
1574114101960,2019-11-18T16:55:01.960,75.430,0.350,-0.950,0.052
1574114101970,2019-11-18T16:55:01.970,75.440,0.354,-0.946,0.052
1574114101980,2019-11-18T16:55:01.980,75.450,0.361,-0.942,0.055
1574114101990,2019-11-18T16:55:01.990,75.460,0.361,-0.942,0.056
1574114102000,2019-11-18T16:55:02.000,75.470,0.362,-0.934,0.056
1574114102010,2019-11-18T16:55:02.010,75.480,0.363,-0.923,0.054
1574114102020,2019-11-18T16:55:02.020,75.490,0.360,-0.926,0.048
1574114102030,2019-11-18T16:55:02.030,75.500,0.359,-0.940,0.040
1574114102040,2019-11-18T16:55:02.040,75.510,0.361,-0.943,0.040
1574114102050,2019-11-18T16:55:02.050,75.520,0.359,-0.938,0.039
1574114102060,2019-11-18T16:55:02.060,75.530,0.360,-0.942,0.039
1574114102070,2019-11-18T16:55:02.070,75.540,0.368,-0.946,0.042
1574114102080,2019-11-18T16:55:02.080,75.550,0.374,-0.945,0.042
1574114102090,2019-11-18T16:55:02.090,75.560,0.371,-0.943,0.047
1574114102100,2019-11-18T16:55:02.100,75.570,0.371,-0.945,0.046
1574114102110,2019-11-18T16:55:02.110,75.580,0.372,-0.949,0.044
1574114102120,2019-11-18T16:55:02.120,75.590,0.373,-0.946,0.042
1574114102130,2019-11-18T16:55:02.130,75.600,0.373,-0.936,0.048
1574114102140,2019-11-18T16:55:02.140,75.610,0.375,-0.932,0.050
1574114102150,2019-11-18T16:55:02.150,75.620,0.376,-0.933,0.048
1574114102160,2019-11-18T16:55:02.160,75.630,0.374,-0.935,0.046
1574114102170,2019-11-18T16:55:02.170,75.640,0.377,-0.938,0.042
1574114102180,2019-11-18T16:55:02.180,75.650,0.378,-0.939,0.043
1574114102190,2019-11-18T16:55:02.190,75.660,0.381,-0.944,0.046
1574114102200,2019-11-18T16:55:02.200,75.670,0.380,-0.940,0.047
1574114102210,2019-11-18T16:55:02.210,75.680,0.378,-0.939,0.044
1574114102220,2019-11-18T16:55:02.220,75.690,0.383,-0.937,0.042
1574114102230,2019-11-18T16:55:02.230,75.700,0.383,-0.936,0.043
1574114102240,2019-11-18T16:55:02.240,75.710,0.381,-0.941,0.041
1574114102250,2019-11-18T16:55:02.250,75.720,0.380,-0.941,0.042
1574114102260,2019-11-18T16:55:02.260,75.730,0.377,-0.935,0.042
1574114102270,2019-11-18T16:55:02.270,75.740,0.374,-0.938,0.040
1574114102280,2019-11-18T16:55:02.280,75.750,0.375,-0.939,0.039
1574114102290,2019-11-18T16:55:02.290,75.760,0.376,-0.934,0.040
1574114102300,2019-11-18T16:55:02.300,75.770,0.375,-0.934,0.034
1574114102310,2019-11-18T16:55:02.310,75.780,0.375,-0.938,0.034
1574114102320,2019-11-18T16:55:02.320,75.790,0.378,-0.937,0.039
1574114102330,2019-11-18T16:55:02.330,75.800,0.376,-0.932,0.037
1574114102340,2019-11-18T16:55:02.340,75.810,0.374,-0.934,0.036
1574114102350,2019-11-18T16:55:02.350,75.820,0.369,-0.936,0.031
1574114102360,2019-11-18T16:55:02.360,75.830,0.367,-0.934,0.035
1574114102370,2019-11-18T16:55:02.370,75.840,0.381,-0.942,0.030
1574114102380,2019-11-18T16:55:02.380,75.850,0.385,-0.949,0.033
1574114102390,2019-11-18T16:55:02.390,75.860,0.389,-0.938,0.037
1574114102400,2019-11-18T16:55:02.400,75.870,0.393,-0.939,0.040
1574114102410,2019-11-18T16:55:02.410,75.880,0.385,-0.951,0.040
1574114102420,2019-11-18T16:55:02.420,75.890,0.384,-0.944,0.041
1574114102430,2019-11-18T16:55:02.430,75.900,0.385,-0.945,0.039
1574114102440,2019-11-18T16:55:02.440,75.910,0.384,-0.945,0.035
1574114102450,2019-11-18T16:55:02.450,75.920,0.379,-0.932,0.034
1574114102460,2019-11-18T16:55:02.460,75.930,0.371,-0.930,0.040
1574114102470,2019-11-18T16:55:02.470,75.940,0.371,-0.926,0.039
1574114102480,2019-11-18T16:55:02.480,75.950,0.373,-0.923,0.042
1574114102490,2019-11-18T16:55:02.490,75.960,0.375,-0.936,0.044
1574114102500,2019-11-18T16:55:02.500,75.970,0.371,-0.939,0.038
1574114102510,2019-11-18T16:55:02.510,75.980,0.370,-0.938,0.037
1574114102520,2019-11-18T16:55:02.520,75.990,0.375,-0.939,0.037
1574114102530,2019-11-18T16:55:02.530,76.000,0.369,-0.943,0.037
1574114102540,2019-11-18T16:55:02.540,76.010,0.368,-0.943,0.032
1574114102550,2019-11-18T16:55:02.550,76.020,0.370,-0.939,0.033
1574114102560,2019-11-18T16:55:02.560,76.030,0.368,-0.937,0.034
1574114102570,2019-11-18T16:55:02.570,76.040,0.370,-0.936,0.036
1574114102580,2019-11-18T16:55:02.580,76.050,0.369,-0.937,0.040
1574114102590,2019-11-18T16:55:02.590,76.060,0.369,-0.942,0.040
1574114102600,2019-11-18T16:55:02.600,76.070,0.369,-0.940,0.037
1574114102610,2019-11-18T16:55:02.610,76.080,0.366,-0.945,0.035
1574114102620,2019-11-18T16:55:02.620,76.090,0.364,-0.950,0.033
1574114102630,2019-11-18T16:55:02.630,76.100,0.368,-0.942,0.035
1574114102640,2019-11-18T16:55:02.640,76.110,0.374,-0.941,0.035
1574114102650,2019-11-18T16:55:02.650,76.120,0.374,-0.948,0.031
1574114102660,2019-11-18T16:55:02.660,76.130,0.364,-0.949,0.028
1574114102670,2019-11-18T16:55:02.670,76.140,0.358,-0.947,0.028
1574114102680,2019-11-18T16:55:02.680,76.150,0.355,-0.951,0.029
1574114102690,2019-11-18T16:55:02.690,76.160,0.354,-0.962,0.028
1574114102700,2019-11-18T16:55:02.700,76.170,0.348,-0.966,0.032
1574114102710,2019-11-18T16:55:02.710,76.180,0.347,-0.957,0.034
1574114102720,2019-11-18T16:55:02.720,76.190,0.350,-0.953,0.038
1574114102730,2019-11-18T16:55:02.730,76.200,0.353,-0.953,0.040
1574114102740,2019-11-18T16:55:02.740,76.210,0.350,-0.948,0.044
1574114102750,2019-11-18T16:55:02.750,76.220,0.338,-0.936,0.048
1574114102760,2019-11-18T16:55:02.760,76.230,0.335,-0.938,0.046
1574114102770,2019-11-18T16:55:02.770,76.240,0.333,-0.944,0.047
1574114102780,2019-11-18T16:55:02.780,76.250,0.330,-0.942,0.045
1574114102790,2019-11-18T16:55:02.790,76.260,0.324,-0.938,0.040
1574114102800,2019-11-18T16:55:02.800,76.270,0.320,-0.940,0.042
1574114102810,2019-11-18T16:55:02.810,76.280,0.319,-0.938,0.042
1574114102820,2019-11-18T16:55:02.820,76.290,0.322,-0.938,0.042
1574114102830,2019-11-18T16:55:02.830,76.300,0.320,-0.939,0.042
1574114102840,2019-11-18T16:55:02.840,76.310,0.319,-0.940,0.043
1574114102850,2019-11-18T16:55:02.850,76.320,0.318,-0.943,0.041
1574114102860,2019-11-18T16:55:02.860,76.330,0.317,-0.942,0.041
1574114102870,2019-11-18T16:55:02.870,76.340,0.317,-0.940,0.038
1574114102880,2019-11-18T16:55:02.880,76.350,0.313,-0.942,0.041
1574114102890,2019-11-18T16:55:02.890,76.360,0.314,-0.945,0.042
1574114102900,2019-11-18T16:55:02.900,76.370,0.320,-0.945,0.044
1574114102910,2019-11-18T16:55:02.910,76.380,0.320,-0.945,0.043
1574114102920,2019-11-18T16:55:02.920,76.390,0.321,-0.943,0.044
1574114102930,2019-11-18T16:55:02.930,76.400,0.323,-0.946,0.043
1574114102940,2019-11-18T16:55:02.940,76.410,0.321,-0.952,0.042
1574114102950,2019-11-18T16:55:02.950,76.420,0.319,-0.949,0.043
1574114102960,2019-11-18T16:55:02.960,76.430,0.322,-0.946,0.041
1574114102970,2019-11-18T16:55:02.970,76.440,0.318,-0.951,0.035
1574114102980,2019-11-18T16:55:02.980,76.450,0.310,-0.952,0.030
1574114102990,2019-11-18T16:55:02.990,76.460,0.315,-0.954,0.029
1574114103000,2019-11-18T16:55:03.000,76.470,0.320,-0.952,0.035
1574114103010,2019-11-18T16:55:03.010,76.480,0.321,-0.949,0.036
1574114103020,2019-11-18T16:55:03.020,76.490,0.319,-0.958,0.036
1574114103030,2019-11-18T16:55:03.030,76.500,0.321,-0.958,0.034
1574114103040,2019-11-18T16:55:03.040,76.510,0.323,-0.950,0.037
1574114103050,2019-11-18T16:55:03.050,76.520,0.325,-0.951,0.035
1574114103060,2019-11-18T16:55:03.060,76.530,0.320,-0.960,0.036
1574114103070,2019-11-18T16:55:03.070,76.540,0.315,-0.965,0.034
1574114103080,2019-11-18T16:55:03.080,76.550,0.318,-0.961,0.032
1574114103090,2019-11-18T16:55:03.090,76.560,0.314,-0.954,0.034
1574114103100,2019-11-18T16:55:03.100,76.570,0.313,-0.951,0.034
1574114103110,2019-11-18T16:55:03.110,76.580,0.317,-0.954,0.034
1574114103120,2019-11-18T16:55:03.120,76.590,0.315,-0.955,0.033
1574114103130,2019-11-18T16:55:03.130,76.600,0.313,-0.954,0.031
1574114103140,2019-11-18T16:55:03.140,76.610,0.313,-0.958,0.033
1574114103150,2019-11-18T16:55:03.150,76.620,0.316,-0.957,0.035
1574114103160,2019-11-18T16:55:03.160,76.630,0.319,-0.954,0.038
1574114103170,2019-11-18T16:55:03.170,76.640,0.319,-0.949,0.038
1574114103180,2019-11-18T16:55:03.180,76.650,0.323,-0.946,0.041
1574114103190,2019-11-18T16:55:03.190,76.660,0.326,-0.950,0.041
1574114103200,2019-11-18T16:55:03.200,76.670,0.328,-0.955,0.044
1574114103210,2019-11-18T16:55:03.210,76.680,0.325,-0.958,0.042
1574114103220,2019-11-18T16:55:03.220,76.690,0.323,-0.960,0.037
1574114103230,2019-11-18T16:55:03.230,76.700,0.319,-0.958,0.042
1574114103240,2019-11-18T16:55:03.240,76.710,0.318,-0.956,0.040
1574114103250,2019-11-18T16:55:03.250,76.720,0.318,-0.948,0.040
1574114103260,2019-11-18T16:55:03.260,76.730,0.319,-0.949,0.043
1574114103270,2019-11-18T16:55:03.270,76.740,0.318,-0.945,0.044
1574114103280,2019-11-18T16:55:03.280,76.750,0.316,-0.950,0.046
1574114103290,2019-11-18T16:55:03.290,76.760,0.319,-0.957,0.042
1574114103300,2019-11-18T16:55:03.300,76.770,0.321,-0.960,0.040
1574114103310,2019-11-18T16:55:03.310,76.780,0.313,-0.957,0.041
1574114103320,2019-11-18T16:55:03.320,76.790,0.313,-0.950,0.043
1574114103330,2019-11-18T16:55:03.330,76.800,0.314,-0.951,0.043
1574114103340,2019-11-18T16:55:03.340,76.810,0.314,-0.952,0.041
1574114103350,2019-11-18T16:55:03.350,76.820,0.317,-0.952,0.042
1574114103360,2019-11-18T16:55:03.360,76.830,0.320,-0.954,0.045
1574114103370,2019-11-18T16:55:03.370,76.840,0.320,-0.958,0.044
1574114103380,2019-11-18T16:55:03.380,76.850,0.321,-0.960,0.043
1574114103390,2019-11-18T16:55:03.390,76.860,0.323,-0.958,0.046
1574114103400,2019-11-18T16:55:03.400,76.870,0.320,-0.957,0.045
1574114103410,2019-11-18T16:55:03.410,76.880,0.315,-0.953,0.041
1574114103420,2019-11-18T16:55:03.420,76.890,0.313,-0.953,0.041
1574114103430,2019-11-18T16:55:03.430,76.900,0.316,-0.955,0.043
1574114103440,2019-11-18T16:55:03.440,76.910,0.313,-0.954,0.041
1574114103450,2019-11-18T16:55:03.450,76.920,0.312,-0.951,0.039
1574114103460,2019-11-18T16:55:03.460,76.930,0.311,-0.950,0.040
1574114103470,2019-11-18T16:55:03.470,76.940,0.310,-0.950,0.040
1574114103480,2019-11-18T16:55:03.480,76.950,0.313,-0.948,0.042
1574114103490,2019-11-18T16:55:03.490,76.960,0.315,-0.947,0.041
1574114103500,2019-11-18T16:55:03.500,76.970,0.319,-0.951,0.042
1574114103510,2019-11-18T16:55:03.510,76.980,0.325,-0.956,0.044
1574114103520,2019-11-18T16:55:03.520,76.990,0.324,-0.952,0.045
1574114103530,2019-11-18T16:55:03.530,77.000,0.323,-0.952,0.045
1574114103540,2019-11-18T16:55:03.540,77.010,0.323,-0.956,0.042
1574114103550,2019-11-18T16:55:03.550,77.020,0.322,-0.960,0.042
1574114103560,2019-11-18T16:55:03.560,77.030,0.316,-0.956,0.040
1574114103570,2019-11-18T16:55:03.570,77.040,0.313,-0.946,0.037
1574114103580,2019-11-18T16:55:03.580,77.050,0.312,-0.950,0.039
1574114103590,2019-11-18T16:55:03.590,77.060,0.320,-0.956,0.040
1574114103600,2019-11-18T16:55:03.600,77.070,0.324,-0.952,0.038
1574114103610,2019-11-18T16:55:03.610,77.080,0.317,-0.952,0.039
1574114103620,2019-11-18T16:55:03.620,77.090,0.314,-0.957,0.035
1574114103630,2019-11-18T16:55:03.630,77.100,0.315,-0.958,0.034
1574114103640,2019-11-18T16:55:03.640,77.110,0.314,-0.960,0.036
1574114103650,2019-11-18T16:55:03.650,77.120,0.313,-0.955,0.031
1574114103660,2019-11-18T16:55:03.660,77.130,0.313,-0.949,0.034
1574114103670,2019-11-18T16:55:03.670,77.140,0.314,-0.954,0.031
1574114103680,2019-11-18T16:55:03.680,77.150,0.314,-0.956,0.034
1574114103690,2019-11-18T16:55:03.690,77.160,0.315,-0.958,0.031
1574114103700,2019-11-18T16:55:03.700,77.170,0.316,-0.962,0.035
1574114103710,2019-11-18T16:55:03.710,77.180,0.319,-0.958,0.035
1574114103720,2019-11-18T16:55:03.720,77.190,0.321,-0.958,0.038
1574114103730,2019-11-18T16:55:03.730,77.200,0.316,-0.956,0.036
1574114103740,2019-11-18T16:55:03.740,77.210,0.320,-0.953,0.039
1574114103750,2019-11-18T16:55:03.750,77.220,0.321,-0.953,0.040
1574114103760,2019-11-18T16:55:03.760,77.230,0.322,-0.956,0.040
1574114103770,2019-11-18T16:55:03.770,77.240,0.320,-0.955,0.040
1574114103780,2019-11-18T16:55:03.780,77.250,0.320,-0.956,0.041
1574114103790,2019-11-18T16:55:03.790,77.260,0.321,-0.961,0.038
1574114103800,2019-11-18T16:55:03.800,77.270,0.317,-0.954,0.039
1574114103810,2019-11-18T16:55:03.810,77.280,0.308,-0.948,0.039
1574114103820,2019-11-18T16:55:03.820,77.290,0.309,-0.955,0.036
1574114103830,2019-11-18T16:55:03.830,77.300,0.314,-0.953,0.036
1574114103840,2019-11-18T16:55:03.840,77.310,0.311,-0.950,0.038
1574114103850,2019-11-18T16:55:03.850,77.320,0.314,-0.954,0.037
1574114103860,2019-11-18T16:55:03.860,77.330,0.313,-0.961,0.034
1574114103870,2019-11-18T16:55:03.870,77.340,0.302,-0.965,0.030
1574114103880,2019-11-18T16:55:03.880,77.350,0.303,-0.965,0.030
1574114103890,2019-11-18T16:55:03.890,77.360,0.311,-0.957,0.029
1574114103900,2019-11-18T16:55:03.900,77.370,0.313,-0.942,0.036
1574114103910,2019-11-18T16:55:03.910,77.380,0.319,-0.941,0.044
1574114103920,2019-11-18T16:55:03.920,77.390,0.330,-0.952,0.042
1574114103930,2019-11-18T16:55:03.930,77.400,0.328,-0.958,0.046
1574114103940,2019-11-18T16:55:03.940,77.410,0.323,-0.957,0.044
1574114103950,2019-11-18T16:55:03.950,77.420,0.324,-0.955,0.040
1574114103960,2019-11-18T16:55:03.960,77.430,0.328,-0.958,0.043
1574114103970,2019-11-18T16:55:03.970,77.440,0.329,-0.958,0.046
1574114103980,2019-11-18T16:55:03.980,77.450,0.328,-0.951,0.045
1574114103990,2019-11-18T16:55:03.990,77.460,0.327,-0.946,0.046
1574114104000,2019-11-18T16:55:04.000,77.470,0.328,-0.948,0.044
1574114104010,2019-11-18T16:55:04.010,77.480,0.324,-0.952,0.040
1574114104020,2019-11-18T16:55:04.020,77.490,0.321,-0.956,0.041
1574114104030,2019-11-18T16:55:04.030,77.500,0.318,-0.957,0.038
1574114104040,2019-11-18T16:55:04.040,77.510,0.316,-0.956,0.037
1574114104050,2019-11-18T16:55:04.050,77.520,0.314,-0.956,0.033
1574114104060,2019-11-18T16:55:04.060,77.530,0.313,-0.951,0.035
1574114104070,2019-11-18T16:55:04.070,77.540,0.316,-0.950,0.031
1574114104080,2019-11-18T16:55:04.080,77.550,0.316,-0.953,0.033
1574114104090,2019-11-18T16:55:04.090,77.560,0.315,-0.954,0.031
1574114104100,2019-11-18T16:55:04.100,77.570,0.314,-0.955,0.031
1574114104110,2019-11-18T16:55:04.110,77.580,0.315,-0.954,0.030
1574114104120,2019-11-18T16:55:04.120,77.590,0.313,-0.954,0.026
1574114104130,2019-11-18T16:55:04.130,77.600,0.310,-0.956,0.025
1574114104140,2019-11-18T16:55:04.140,77.610,0.311,-0.956,0.029
1574114104150,2019-11-18T16:55:04.150,77.620,0.309,-0.956,0.031
1574114104160,2019-11-18T16:55:04.160,77.630,0.311,-0.958,0.032
1574114104170,2019-11-18T16:55:04.170,77.640,0.317,-0.961,0.031
1574114104180,2019-11-18T16:55:04.180,77.650,0.313,-0.965,0.029
1574114104190,2019-11-18T16:55:04.190,77.660,0.304,-0.965,0.021
1574114104200,2019-11-18T16:55:04.200,77.670,0.301,-0.963,0.024
1574114104210,2019-11-18T16:55:04.210,77.680,0.302,-0.957,0.030
1574114104220,2019-11-18T16:55:04.220,77.690,0.308,-0.949,0.025
1574114104230,2019-11-18T16:55:04.230,77.700,0.316,-0.945,0.030
1574114104240,2019-11-18T16:55:04.240,77.710,0.323,-0.949,0.033
1574114104250,2019-11-18T16:55:04.250,77.720,0.321,-0.957,0.034
1574114104260,2019-11-18T16:55:04.260,77.730,0.320,-0.960,0.038
1574114104270,2019-11-18T16:55:04.270,77.740,0.327,-0.962,0.041
1574114104280,2019-11-18T16:55:04.280,77.750,0.335,-0.962,0.044
1574114104290,2019-11-18T16:55:04.290,77.760,0.333,-0.957,0.043
1574114104300,2019-11-18T16:55:04.300,77.770,0.330,-0.946,0.046
1574114104310,2019-11-18T16:55:04.310,77.780,0.330,-0.945,0.044
1574114104320,2019-11-18T16:55:04.320,77.790,0.324,-0.950,0.042
1574114104330,2019-11-18T16:55:04.330,77.800,0.323,-0.953,0.037
1574114104340,2019-11-18T16:55:04.340,77.810,0.317,-0.952,0.031
1574114104350,2019-11-18T16:55:04.350,77.820,0.313,-0.947,0.034
1574114104360,2019-11-18T16:55:04.360,77.830,0.308,-0.949,0.032
1574114104370,2019-11-18T16:55:04.370,77.840,0.308,-0.952,0.029
1574114104380,2019-11-18T16:55:04.380,77.850,0.311,-0.952,0.024
1574114104390,2019-11-18T16:55:04.390,77.860,0.307,-0.950,0.024
1574114104400,2019-11-18T16:55:04.400,77.870,0.304,-0.948,0.025
1574114104410,2019-11-18T16:55:04.410,77.880,0.301,-0.948,0.021
1574114104420,2019-11-18T16:55:04.420,77.890,0.298,-0.948,0.018
1574114104430,2019-11-18T16:55:04.430,77.900,0.293,-0.951,0.016
1574114104440,2019-11-18T16:55:04.440,77.910,0.287,-0.944,0.017
1574114104450,2019-11-18T16:55:04.450,77.920,0.286,-0.942,0.015
1574114104460,2019-11-18T16:55:04.460,77.930,0.301,-0.950,0.012
1574114104470,2019-11-18T16:55:04.470,77.940,0.304,-0.956,0.014
1574114104480,2019-11-18T16:55:04.480,77.950,0.299,-0.952,0.017
1574114104490,2019-11-18T16:55:04.490,77.960,0.302,-0.958,0.013
1574114104500,2019-11-18T16:55:04.500,77.970,0.313,-0.964,0.012
1574114104510,2019-11-18T16:55:04.510,77.980,0.328,-0.967,0.016
1574114104520,2019-11-18T16:55:04.520,77.990,0.338,-0.972,0.025
1574114104530,2019-11-18T16:55:04.530,78.000,0.339,-0.967,0.032
1574114104540,2019-11-18T16:55:04.540,78.010,0.341,-0.960,0.038
1574114104550,2019-11-18T16:55:04.550,78.020,0.342,-0.965,0.035
1574114104560,2019-11-18T16:55:04.560,78.030,0.344,-0.968,0.032
1574114104570,2019-11-18T16:55:04.570,78.040,0.333,-0.956,0.033
1574114104580,2019-11-18T16:55:04.580,78.050,0.320,-0.946,0.032
1574114104590,2019-11-18T16:55:04.590,78.060,0.312,-0.940,0.029
1574114104600,2019-11-18T16:55:04.600,78.070,0.315,-0.938,0.021
1574114104610,2019-11-18T16:55:04.610,78.080,0.309,-0.927,0.028
1574114104620,2019-11-18T16:55:04.620,78.090,0.323,-0.933,0.020
1574114104630,2019-11-18T16:55:04.630,78.100,0.357,-0.960,0.015
1574114104640,2019-11-18T16:55:04.640,78.110,0.338,-0.985,0.024
1574114104650,2019-11-18T16:55:04.650,78.120,0.316,-0.996,0.023
1574114104660,2019-11-18T16:55:04.660,78.130,0.338,-1.001,0.025
1574114104670,2019-11-18T16:55:04.670,78.140,0.359,-1.012,0.031
1574114104680,2019-11-18T16:55:04.680,78.150,0.364,-0.997,0.034
1574114104690,2019-11-18T16:55:04.690,78.160,0.362,-0.967,0.042
1574114104700,2019-11-18T16:55:04.700,78.170,0.352,-0.960,0.041
1574114104710,2019-11-18T16:55:04.710,78.180,0.336,-0.952,0.038
1574114104720,2019-11-18T16:55:04.720,78.190,0.330,-0.931,0.035
1574114104730,2019-11-18T16:55:04.730,78.200,0.326,-0.934,0.034
1574114104740,2019-11-18T16:55:04.740,78.210,0.316,-0.957,0.033
1574114104750,2019-11-18T16:55:04.750,78.220,0.309,-0.958,0.032
1574114104760,2019-11-18T16:55:04.760,78.230,0.294,-0.939,0.027
1574114104770,2019-11-18T16:55:04.770,78.240,0.291,-0.940,0.025
1574114104780,2019-11-18T16:55:04.780,78.250,0.274,-0.941,0.020
1574114104790,2019-11-18T16:55:04.790,78.260,0.264,-0.945,0.021
1574114104800,2019-11-18T16:55:04.800,78.270,0.287,-0.964,0.028
1574114104810,2019-11-18T16:55:04.810,78.280,0.311,-0.998,0.033
1574114104820,2019-11-18T16:55:04.820,78.290,0.313,-1.019,0.037
1574114104830,2019-11-18T16:55:04.830,78.300,0.311,-1.014,0.037
1574114104840,2019-11-18T16:55:04.840,78.310,0.312,-0.992,0.039
1574114104850,2019-11-18T16:55:04.850,78.320,0.315,-0.956,0.044
1574114104860,2019-11-18T16:55:04.860,78.330,0.325,-0.937,0.048
1574114104870,2019-11-18T16:55:04.870,78.340,0.318,-0.930,0.047
1574114104880,2019-11-18T16:55:04.880,78.350,0.303,-0.921,0.044
1574114104890,2019-11-18T16:55:04.890,78.360,0.301,-0.922,0.046
1574114104900,2019-11-18T16:55:04.900,78.370,0.296,-0.934,0.049
1574114104910,2019-11-18T16:55:04.910,78.380,0.295,-0.941,0.044
1574114104920,2019-11-18T16:55:04.920,78.390,0.281,-0.943,0.045
1574114104930,2019-11-18T16:55:04.930,78.400,0.264,-0.943,0.049
1574114104940,2019-11-18T16:55:04.940,78.410,0.266,-0.941,0.049
1574114104950,2019-11-18T16:55:04.950,78.420,0.263,-0.946,0.052
1574114104960,2019-11-18T16:55:04.960,78.430,0.263,-0.946,0.054
1574114104970,2019-11-18T16:55:04.970,78.440,0.268,-0.948,0.056
1574114104980,2019-11-18T16:55:04.980,78.450,0.279,-0.944,0.060
1574114104990,2019-11-18T16:55:04.990,78.460,0.294,-0.955,0.056
1574114105000,2019-11-18T16:55:05.000,78.470,0.316,-0.968,0.058
1574114105010,2019-11-18T16:55:05.010,78.480,0.313,-0.994,0.059
1574114105020,2019-11-18T16:55:05.020,78.490,0.293,-1.004,0.053
1574114105030,2019-11-18T16:55:05.030,78.500,0.287,-0.967,0.052
1574114105040,2019-11-18T16:55:05.040,78.510,0.295,-0.971,0.053
1574114105050,2019-11-18T16:55:05.050,78.520,0.298,-0.996,0.048
1574114105060,2019-11-18T16:55:05.060,78.530,0.292,-0.980,0.046
1574114105070,2019-11-18T16:55:05.070,78.540,0.280,-0.947,0.048
1574114105080,2019-11-18T16:55:05.080,78.550,0.281,-0.948,0.046
1574114105090,2019-11-18T16:55:05.090,78.560,0.283,-0.975,0.044
1574114105100,2019-11-18T16:55:05.100,78.570,0.288,-0.959,0.044
1574114105110,2019-11-18T16:55:05.110,78.580,0.279,-0.940,0.053
1574114105120,2019-11-18T16:55:05.120,78.590,0.293,-0.942,0.057
1574114105130,2019-11-18T16:55:05.130,78.600,0.307,-0.946,0.058
1574114105140,2019-11-18T16:55:05.140,78.610,0.298,-0.957,0.058
1574114105150,2019-11-18T16:55:05.150,78.620,0.284,-0.971,0.056
1574114105160,2019-11-18T16:55:05.160,78.630,0.277,-0.979,0.054
1574114105170,2019-11-18T16:55:05.170,78.640,0.284,-0.986,0.047
1574114105180,2019-11-18T16:55:05.180,78.650,0.265,-0.995,0.044
1574114105190,2019-11-18T16:55:05.190,78.660,0.262,-0.979,0.042
1574114105200,2019-11-18T16:55:05.200,78.670,0.259,-0.964,0.044
1574114105210,2019-11-18T16:55:05.210,78.680,0.256,-0.971,0.042
1574114105220,2019-11-18T16:55:05.220,78.690,0.253,-0.965,0.040
1574114105230,2019-11-18T16:55:05.230,78.700,0.245,-0.965,0.040
1574114105240,2019-11-18T16:55:05.240,78.710,0.247,-0.967,0.040
1574114105250,2019-11-18T16:55:05.250,78.720,0.255,-0.963,0.046
1574114105260,2019-11-18T16:55:05.260,78.730,0.259,-0.955,0.051
1574114105270,2019-11-18T16:55:05.270,78.740,0.261,-0.950,0.053
1574114105280,2019-11-18T16:55:05.280,78.750,0.268,-0.950,0.055
1574114105290,2019-11-18T16:55:05.290,78.760,0.271,-0.958,0.054
1574114105300,2019-11-18T16:55:05.300,78.770,0.263,-0.974,0.046
1574114105310,2019-11-18T16:55:05.310,78.780,0.261,-0.973,0.045
1574114105320,2019-11-18T16:55:05.320,78.790,0.259,-0.971,0.046
1574114105330,2019-11-18T16:55:05.330,78.800,0.255,-0.968,0.041
1574114105340,2019-11-18T16:55:05.340,78.810,0.251,-0.969,0.038
1574114105350,2019-11-18T16:55:05.350,78.820,0.239,-0.972,0.037
1574114105360,2019-11-18T16:55:05.360,78.830,0.235,-0.961,0.033
1574114105370,2019-11-18T16:55:05.370,78.840,0.234,-0.963,0.035
1574114105380,2019-11-18T16:55:05.380,78.850,0.235,-0.966,0.039
1574114105390,2019-11-18T16:55:05.390,78.860,0.240,-0.957,0.041
1574114105400,2019-11-18T16:55:05.400,78.870,0.250,-0.961,0.041
1574114105410,2019-11-18T16:55:05.410,78.880,0.261,-0.975,0.042
1574114105420,2019-11-18T16:55:05.420,78.890,0.256,-0.966,0.042
1574114105430,2019-11-18T16:55:05.430,78.900,0.252,-0.952,0.047
1574114105440,2019-11-18T16:55:05.440,78.910,0.261,-0.946,0.048
1574114105450,2019-11-18T16:55:05.450,78.920,0.267,-0.952,0.049
1574114105460,2019-11-18T16:55:05.460,78.930,0.270,-0.954,0.050
1574114105470,2019-11-18T16:55:05.470,78.940,0.268,-0.970,0.050
1574114105480,2019-11-18T16:55:05.480,78.950,0.267,-0.988,0.047
1574114105490,2019-11-18T16:55:05.490,78.960,0.274,-0.992,0.043
1574114105500,2019-11-18T16:55:05.500,78.970,0.271,-0.993,0.041
1574114105510,2019-11-18T16:55:05.510,78.980,0.267,-0.983,0.043
1574114105520,2019-11-18T16:55:05.520,78.990,0.269,-0.965,0.045
1574114105530,2019-11-18T16:55:05.530,79.000,0.277,-0.958,0.046
1574114105540,2019-11-18T16:55:05.540,79.010,0.280,-0.970,0.047
1574114105550,2019-11-18T16:55:05.550,79.020,0.275,-0.981,0.043
1574114105560,2019-11-18T16:55:05.560,79.030,0.272,-0.978,0.043
1574114105570,2019-11-18T16:55:05.570,79.040,0.264,-0.977,0.042
1574114105580,2019-11-18T16:55:05.580,79.050,0.262,-0.973,0.036
1574114105590,2019-11-18T16:55:05.590,79.060,0.260,-0.958,0.042
1574114105600,2019-11-18T16:55:05.600,79.070,0.262,-0.956,0.043
1574114105610,2019-11-18T16:55:05.610,79.080,0.270,-0.961,0.042
1574114105620,2019-11-18T16:55:05.620,79.090,0.262,-0.972,0.040
1574114105630,2019-11-18T16:55:05.630,79.100,0.258,-0.976,0.039
1574114105640,2019-11-18T16:55:05.640,79.110,0.266,-0.981,0.039
1574114105650,2019-11-18T16:55:05.650,79.120,0.274,-0.978,0.035
1574114105660,2019-11-18T16:55:05.660,79.130,0.266,-0.966,0.036
1574114105670,2019-11-18T16:55:05.670,79.140,0.260,-0.962,0.035
1574114105680,2019-11-18T16:55:05.680,79.150,0.260,-0.967,0.036
1574114105690,2019-11-18T16:55:05.690,79.160,0.265,-0.965,0.034
1574114105700,2019-11-18T16:55:05.700,79.170,0.260,-0.965,0.035
1574114105710,2019-11-18T16:55:05.710,79.180,0.260,-0.970,0.033
1574114105720,2019-11-18T16:55:05.720,79.190,0.268,-0.973,0.033
1574114105730,2019-11-18T16:55:05.730,79.200,0.263,-0.970,0.033
1574114105740,2019-11-18T16:55:05.740,79.210,0.255,-0.964,0.030
1574114105750,2019-11-18T16:55:05.750,79.220,0.253,-0.964,0.025
1574114105760,2019-11-18T16:55:05.760,79.230,0.252,-0.966,0.027
1574114105770,2019-11-18T16:55:05.770,79.240,0.252,-0.965,0.027
1574114105780,2019-11-18T16:55:05.780,79.250,0.252,-0.971,0.027
1574114105790,2019-11-18T16:55:05.790,79.260,0.267,-0.976,0.027
1574114105800,2019-11-18T16:55:05.800,79.270,0.268,-0.975,0.027
1574114105810,2019-11-18T16:55:05.810,79.280,0.255,-0.976,0.030
1574114105820,2019-11-18T16:55:05.820,79.290,0.254,-0.977,0.025
1574114105830,2019-11-18T16:55:05.830,79.300,0.252,-0.972,0.017
1574114105840,2019-11-18T16:55:05.840,79.310,0.254,-0.972,0.022
1574114105850,2019-11-18T16:55:05.850,79.320,0.254,-0.962,0.023
1574114105860,2019-11-18T16:55:05.860,79.330,0.258,-0.967,0.021
1574114105870,2019-11-18T16:55:05.870,79.340,0.264,-0.977,0.025
1574114105880,2019-11-18T16:55:05.880,79.350,0.262,-0.983,0.024
1574114105890,2019-11-18T16:55:05.890,79.360,0.264,-0.983,0.028
1574114105900,2019-11-18T16:55:05.900,79.370,0.254,-0.978,0.027
1574114105910,2019-11-18T16:55:05.910,79.380,0.251,-0.973,0.021
1574114105920,2019-11-18T16:55:05.920,79.390,0.254,-0.971,0.022
1574114105930,2019-11-18T16:55:05.930,79.400,0.257,-0.965,0.026
1574114105940,2019-11-18T16:55:05.940,79.410,0.264,-0.964,0.032
1574114105950,2019-11-18T16:55:05.950,79.420,0.274,-0.971,0.033
1574114105960,2019-11-18T16:55:05.960,79.430,0.269,-0.972,0.033
1574114105970,2019-11-18T16:55:05.970,79.440,0.259,-0.976,0.031
1574114105980,2019-11-18T16:55:05.980,79.450,0.257,-0.977,0.028
1574114105990,2019-11-18T16:55:05.990,79.460,0.258,-0.980,0.029
1574114106000,2019-11-18T16:55:06.000,79.470,0.260,-0.974,0.029
1574114106010,2019-11-18T16:55:06.010,79.480,0.258,-0.962,0.034
1574114106020,2019-11-18T16:55:06.020,79.490,0.261,-0.963,0.032
1574114106030,2019-11-18T16:55:06.030,79.500,0.260,-0.967,0.028
1574114106040,2019-11-18T16:55:06.040,79.510,0.256,-0.969,0.030
1574114106050,2019-11-18T16:55:06.050,79.520,0.257,-0.968,0.031
1574114106060,2019-11-18T16:55:06.060,79.530,0.256,-0.970,0.032
1574114106070,2019-11-18T16:55:06.070,79.540,0.256,-0.976,0.033
1574114106080,2019-11-18T16:55:06.080,79.550,0.266,-0.977,0.037
1574114106090,2019-11-18T16:55:06.090,79.560,0.270,-0.978,0.039
1574114106100,2019-11-18T16:55:06.100,79.570,0.271,-0.976,0.041
1574114106110,2019-11-18T16:55:06.110,79.580,0.273,-0.971,0.042
1574114106120,2019-11-18T16:55:06.120,79.590,0.276,-0.970,0.044
1574114106130,2019-11-18T16:55:06.130,79.600,0.271,-0.973,0.043
1574114106140,2019-11-18T16:55:06.140,79.610,0.263,-0.970,0.038
1574114106150,2019-11-18T16:55:06.150,79.620,0.265,-0.958,0.042
1574114106160,2019-11-18T16:55:06.160,79.630,0.265,-0.957,0.046
1574114106170,2019-11-18T16:55:06.170,79.640,0.271,-0.964,0.046
1574114106180,2019-11-18T16:55:06.180,79.650,0.265,-0.969,0.044
1574114106190,2019-11-18T16:55:06.190,79.660,0.266,-0.974,0.045
1574114106200,2019-11-18T16:55:06.200,79.670,0.269,-0.974,0.042
1574114106210,2019-11-18T16:55:06.210,79.680,0.264,-0.970,0.040
1574114106220,2019-11-18T16:55:06.220,79.690,0.261,-0.966,0.035
1574114106230,2019-11-18T16:55:06.230,79.700,0.261,-0.966,0.036
1574114106240,2019-11-18T16:55:06.240,79.710,0.256,-0.969,0.036
1574114106250,2019-11-18T16:55:06.250,79.720,0.260,-0.972,0.039
1574114106260,2019-11-18T16:55:06.260,79.730,0.265,-0.971,0.043
1574114106270,2019-11-18T16:55:06.270,79.740,0.271,-0.967,0.044
1574114106280,2019-11-18T16:55:06.280,79.750,0.272,-0.967,0.049
1574114106290,2019-11-18T16:55:06.290,79.760,0.275,-0.970,0.046
1574114106300,2019-11-18T16:55:06.300,79.770,0.273,-0.968,0.039
1574114106310,2019-11-18T16:55:06.310,79.780,0.261,-0.964,0.037
1574114106320,2019-11-18T16:55:06.320,79.790,0.259,-0.961,0.037
1574114106330,2019-11-18T16:55:06.330,79.800,0.260,-0.963,0.035
1574114106340,2019-11-18T16:55:06.340,79.810,0.270,-0.974,0.040
1574114106350,2019-11-18T16:55:06.350,79.820,0.271,-0.981,0.040
1574114106360,2019-11-18T16:55:06.360,79.830,0.271,-0.982,0.035
1574114106370,2019-11-18T16:55:06.370,79.840,0.272,-0.976,0.036
1574114106380,2019-11-18T16:55:06.380,79.850,0.273,-0.976,0.038
1574114106390,2019-11-18T16:55:06.390,79.860,0.271,-0.976,0.034
1574114106400,2019-11-18T16:55:06.400,79.870,0.263,-0.969,0.030
1574114106410,2019-11-18T16:55:06.410,79.880,0.259,-0.958,0.028
1574114106420,2019-11-18T16:55:06.420,79.890,0.258,-0.957,0.028
1574114106430,2019-11-18T16:55:06.430,79.900,0.257,-0.960,0.029
1574114106440,2019-11-18T16:55:06.440,79.910,0.260,-0.962,0.030
1574114106450,2019-11-18T16:55:06.450,79.920,0.260,-0.972,0.028
1574114106460,2019-11-18T16:55:06.460,79.930,0.255,-0.981,0.022
1574114106470,2019-11-18T16:55:06.470,79.940,0.249,-0.997,0.023
1574114106480,2019-11-18T16:55:06.480,79.950,0.256,-1.001,0.022
1574114106490,2019-11-18T16:55:06.490,79.960,0.252,-0.966,0.016
1574114106500,2019-11-18T16:55:06.500,79.970,0.226,-0.938,0.000
1574114106510,2019-11-18T16:55:06.510,79.980,0.226,-0.944,-0.006
1574114106520,2019-11-18T16:55:06.520,79.990,0.208,-0.948,-0.023
1574114106530,2019-11-18T16:55:06.530,80.000,0.187,-0.931,-0.040
1574114106540,2019-11-18T16:55:06.540,80.010,0.140,-0.909,-0.069
1574114106550,2019-11-18T16:55:06.550,80.020,0.097,-0.919,-0.097
1574114106560,2019-11-18T16:55:06.560,80.030,0.086,-0.959,-0.105
1574114106570,2019-11-18T16:55:06.570,80.040,0.103,-0.957,-0.125
1574114106580,2019-11-18T16:55:06.580,80.050,0.088,-0.933,-0.142
1574114106590,2019-11-18T16:55:06.590,80.060,0.095,-0.941,-0.140
1574114106600,2019-11-18T16:55:06.600,80.070,0.133,-0.955,-0.141
1574114106610,2019-11-18T16:55:06.610,80.080,0.167,-0.966,-0.126
1574114106620,2019-11-18T16:55:06.620,80.090,0.209,-0.993,-0.105
1574114106630,2019-11-18T16:55:06.630,80.100,0.256,-1.014,-0.090
1574114106640,2019-11-18T16:55:06.640,80.110,0.318,-1.025,-0.066
1574114106650,2019-11-18T16:55:06.650,80.120,0.371,-1.024,-0.034
1574114106660,2019-11-18T16:55:06.660,80.130,0.416,-1.016,-0.009
1574114106670,2019-11-18T16:55:06.670,80.140,0.454,-0.983,0.019
1574114106680,2019-11-18T16:55:06.680,80.150,0.464,-0.977,0.031
1574114106690,2019-11-18T16:55:06.690,80.160,0.475,-0.995,0.036
1574114106700,2019-11-18T16:55:06.700,80.170,0.488,-0.981,0.042
1574114106710,2019-11-18T16:55:06.710,80.180,0.474,-0.965,0.041
1574114106720,2019-11-18T16:55:06.720,80.190,0.448,-0.978,0.040
1574114106730,2019-11-18T16:55:06.730,80.200,0.419,-0.958,0.025
1574114106740,2019-11-18T16:55:06.740,80.210,0.396,-0.920,0.030
1574114106750,2019-11-18T16:55:06.750,80.220,0.396,-0.932,0.040
1574114106760,2019-11-18T16:55:06.760,80.230,0.417,-0.964,0.044
1574114106770,2019-11-18T16:55:06.770,80.240,0.422,-0.991,0.043
1574114106780,2019-11-18T16:55:06.780,80.250,0.409,-0.973,0.047
1574114106790,2019-11-18T16:55:06.790,80.260,0.396,-0.972,0.048
1574114106800,2019-11-18T16:55:06.800,80.270,0.384,-0.988,0.040
1574114106810,2019-11-18T16:55:06.810,80.280,0.367,-0.965,0.027
1574114106820,2019-11-18T16:55:06.820,80.290,0.346,-0.943,0.022
1574114106830,2019-11-18T16:55:06.830,80.300,0.333,-0.955,0.016
1574114106840,2019-11-18T16:55:06.840,80.310,0.327,-0.950,0.006
1574114106850,2019-11-18T16:55:06.850,80.320,0.315,-0.959,0.003
1574114106860,2019-11-18T16:55:06.860,80.330,0.317,-0.963,0.010
1574114106870,2019-11-18T16:55:06.870,80.340,0.324,-0.945,0.009
1574114106880,2019-11-18T16:55:06.880,80.350,0.307,-0.933,0.010
1574114106890,2019-11-18T16:55:06.890,80.360,0.303,-0.954,0.008
1574114106900,2019-11-18T16:55:06.900,80.370,0.313,-0.929,0.010
1574114106910,2019-11-18T16:55:06.910,80.380,0.303,-0.897,0.016
1574114106920,2019-11-18T16:55:06.920,80.390,0.307,-0.943,0.024
1574114106930,2019-11-18T16:55:06.930,80.400,0.317,-0.970,0.017
1574114106940,2019-11-18T16:55:06.940,80.410,0.304,-0.932,0.024
1574114106950,2019-11-18T16:55:06.950,80.420,0.292,-0.915,0.030
1574114106960,2019-11-18T16:55:06.960,80.430,0.294,-0.914,0.024
1574114106970,2019-11-18T16:55:06.970,80.440,0.290,-0.917,0.028
1574114106980,2019-11-18T16:55:06.980,80.450,0.296,-0.931,0.035
1574114106990,2019-11-18T16:55:06.990,80.460,0.311,-0.943,0.035
1574114107000,2019-11-18T16:55:07.000,80.470,0.319,-0.947,0.034
1574114107010,2019-11-18T16:55:07.010,80.480,0.318,-0.962,0.039
1574114107020,2019-11-18T16:55:07.020,80.490,0.313,-0.977,0.042
1574114107030,2019-11-18T16:55:07.030,80.500,0.307,-0.969,0.045
1574114107040,2019-11-18T16:55:07.040,80.510,0.304,-0.955,0.042
1574114107050,2019-11-18T16:55:07.050,80.520,0.310,-0.971,0.044
1574114107060,2019-11-18T16:55:07.060,80.530,0.315,-0.988,0.043
1574114107070,2019-11-18T16:55:07.070,80.540,0.300,-0.966,0.038
1574114107080,2019-11-18T16:55:07.080,80.550,0.291,-0.937,0.041
1574114107090,2019-11-18T16:55:07.090,80.560,0.296,-0.940,0.042
1574114107100,2019-11-18T16:55:07.100,80.570,0.304,-0.946,0.038
1574114107110,2019-11-18T16:55:07.110,80.580,0.302,-0.946,0.036
1574114107120,2019-11-18T16:55:07.120,80.590,0.303,-0.967,0.037
1574114107130,2019-11-18T16:55:07.130,80.600,0.306,-0.987,0.036
1574114107140,2019-11-18T16:55:07.140,80.610,0.301,-0.966,0.033
1574114107150,2019-11-18T16:55:07.150,80.620,0.286,-0.948,0.040
1574114107160,2019-11-18T16:55:07.160,80.630,0.286,-0.949,0.036
1574114107170,2019-11-18T16:55:07.170,80.640,0.284,-0.947,0.034
1574114107180,2019-11-18T16:55:07.180,80.650,0.275,-0.943,0.033
1574114107190,2019-11-18T16:55:07.190,80.660,0.279,-0.943,0.036
1574114107200,2019-11-18T16:55:07.200,80.670,0.284,-0.956,0.039
1574114107210,2019-11-18T16:55:07.210,80.680,0.290,-0.972,0.036
1574114107220,2019-11-18T16:55:07.220,80.690,0.310,-0.982,0.040
1574114107230,2019-11-18T16:55:07.230,80.700,0.307,-0.964,0.042
1574114107240,2019-11-18T16:55:07.240,80.710,0.292,-0.941,0.043
1574114107250,2019-11-18T16:55:07.250,80.720,0.300,-0.958,0.043
1574114107260,2019-11-18T16:55:07.260,80.730,0.318,-0.980,0.046
1574114107270,2019-11-18T16:55:07.270,80.740,0.310,-0.979,0.046
1574114107280,2019-11-18T16:55:07.280,80.750,0.301,-0.958,0.052
1574114107290,2019-11-18T16:55:07.290,80.760,0.304,-0.955,0.053
1574114107300,2019-11-18T16:55:07.300,80.770,0.312,-0.956,0.051
1574114107310,2019-11-18T16:55:07.310,80.780,0.311,-0.949,0.053
1574114107320,2019-11-18T16:55:07.320,80.790,0.310,-0.957,0.052
1574114107330,2019-11-18T16:55:07.330,80.800,0.314,-0.964,0.054
1574114107340,2019-11-18T16:55:07.340,80.810,0.313,-0.956,0.051
1574114107350,2019-11-18T16:55:07.350,80.820,0.300,-0.953,0.051
1574114107360,2019-11-18T16:55:07.360,80.830,0.296,-0.954,0.054
1574114107370,2019-11-18T16:55:07.370,80.840,0.300,-0.950,0.051
1574114107380,2019-11-18T16:55:07.380,80.850,0.298,-0.957,0.049
1574114107390,2019-11-18T16:55:07.390,80.860,0.296,-0.958,0.045
1574114107400,2019-11-18T16:55:07.400,80.870,0.288,-0.958,0.049
1574114107410,2019-11-18T16:55:07.410,80.880,0.296,-0.960,0.056
1574114107420,2019-11-18T16:55:07.420,80.890,0.308,-0.961,0.055
1574114107430,2019-11-18T16:55:07.430,80.900,0.303,-0.954,0.056
1574114107440,2019-11-18T16:55:07.440,80.910,0.295,-0.942,0.059
1574114107450,2019-11-18T16:55:07.450,80.920,0.296,-0.938,0.052
1574114107460,2019-11-18T16:55:07.460,80.930,0.291,-0.942,0.054
1574114107470,2019-11-18T16:55:07.470,80.940,0.292,-0.955,0.051
1574114107480,2019-11-18T16:55:07.480,80.950,0.300,-0.959,0.048
1574114107490,2019-11-18T16:55:07.490,80.960,0.305,-0.963,0.043
1574114107500,2019-11-18T16:55:07.500,80.970,0.310,-0.972,0.044
1574114107510,2019-11-18T16:55:07.510,80.980,0.315,-0.979,0.049
1574114107520,2019-11-18T16:55:07.520,80.990,0.309,-0.983,0.045
1574114107530,2019-11-18T16:55:07.530,81.000,0.306,-0.982,0.047
1574114107540,2019-11-18T16:55:07.540,81.010,0.301,-0.964,0.044
1574114107550,2019-11-18T16:55:07.550,81.020,0.295,-0.955,0.042
1574114107560,2019-11-18T16:55:07.560,81.030,0.292,-0.963,0.039
1574114107570,2019-11-18T16:55:07.570,81.040,0.296,-0.964,0.045
1574114107580,2019-11-18T16:55:07.580,81.050,0.292,-0.970,0.050
1574114107590,2019-11-18T16:55:07.590,81.060,0.292,-0.978,0.044
1574114107600,2019-11-18T16:55:07.600,81.070,0.295,-0.965,0.040
1574114107610,2019-11-18T16:55:07.610,81.080,0.281,-0.939,0.040
1574114107620,2019-11-18T16:55:07.620,81.090,0.272,-0.923,0.033
1574114107630,2019-11-18T16:55:07.630,81.100,0.280,-0.929,0.040
1574114107640,2019-11-18T16:55:07.640,81.110,0.292,-0.953,0.040
1574114107650,2019-11-18T16:55:07.650,81.120,0.303,-0.961,0.041
1574114107660,2019-11-18T16:55:07.660,81.130,0.295,-0.951,0.049
1574114107670,2019-11-18T16:55:07.670,81.140,0.292,-0.949,0.048
1574114107680,2019-11-18T16:55:07.680,81.150,0.297,-0.959,0.050
1574114107690,2019-11-18T16:55:07.690,81.160,0.301,-0.975,0.051
1574114107700,2019-11-18T16:55:07.700,81.170,0.309,-0.988,0.050
1574114107710,2019-11-18T16:55:07.710,81.180,0.309,-0.986,0.049
1574114107720,2019-11-18T16:55:07.720,81.190,0.297,-0.968,0.048
1574114107730,2019-11-18T16:55:07.730,81.200,0.292,-0.956,0.044
1574114107740,2019-11-18T16:55:07.740,81.210,0.297,-0.958,0.043
1574114107750,2019-11-18T16:55:07.750,81.220,0.300,-0.964,0.039
1574114107760,2019-11-18T16:55:07.760,81.230,0.292,-0.963,0.036
1574114107770,2019-11-18T16:55:07.770,81.240,0.289,-0.949,0.037
1574114107780,2019-11-18T16:55:07.780,81.250,0.280,-0.940,0.039
1574114107790,2019-11-18T16:55:07.790,81.260,0.276,-0.960,0.034
1574114107800,2019-11-18T16:55:07.800,81.270,0.285,-0.969,0.030
1574114107810,2019-11-18T16:55:07.810,81.280,0.273,-0.956,0.031
1574114107820,2019-11-18T16:55:07.820,81.290,0.264,-0.954,0.027
1574114107830,2019-11-18T16:55:07.830,81.300,0.274,-0.976,0.025
1574114107840,2019-11-18T16:55:07.840,81.310,0.289,-0.992,0.031
1574114107850,2019-11-18T16:55:07.850,81.320,0.283,-0.975,0.036
1574114107860,2019-11-18T16:55:07.860,81.330,0.280,-0.964,0.035
1574114107870,2019-11-18T16:55:07.870,81.340,0.286,-0.969,0.034
1574114107880,2019-11-18T16:55:07.880,81.350,0.292,-0.972,0.035
1574114107890,2019-11-18T16:55:07.890,81.360,0.288,-0.962,0.037
1574114107900,2019-11-18T16:55:07.900,81.370,0.285,-0.960,0.033
1574114107910,2019-11-18T16:55:07.910,81.380,0.288,-0.961,0.034
1574114107920,2019-11-18T16:55:07.920,81.390,0.290,-0.966,0.034
1574114107930,2019-11-18T16:55:07.930,81.400,0.288,-0.966,0.038
1574114107940,2019-11-18T16:55:07.940,81.410,0.289,-0.964,0.039
1574114107950,2019-11-18T16:55:07.950,81.420,0.289,-0.965,0.040
1574114107960,2019-11-18T16:55:07.960,81.430,0.292,-0.965,0.042
1574114107970,2019-11-18T16:55:07.970,81.440,0.292,-0.963,0.042
1574114107980,2019-11-18T16:55:07.980,81.450,0.296,-0.961,0.046
1574114107990,2019-11-18T16:55:07.990,81.460,0.296,-0.956,0.045
1574114108000,2019-11-18T16:55:08.000,81.470,0.295,-0.955,0.048
1574114108010,2019-11-18T16:55:08.010,81.480,0.296,-0.962,0.050
1574114108020,2019-11-18T16:55:08.020,81.490,0.294,-0.963,0.048
1574114108030,2019-11-18T16:55:08.030,81.500,0.294,-0.961,0.046
1574114108040,2019-11-18T16:55:08.040,81.510,0.287,-0.962,0.044
1574114108050,2019-11-18T16:55:08.050,81.520,0.287,-0.966,0.043
1574114108060,2019-11-18T16:55:08.060,81.530,0.289,-0.968,0.040
1574114108070,2019-11-18T16:55:08.070,81.540,0.284,-0.964,0.040
1574114108080,2019-11-18T16:55:08.080,81.550,0.279,-0.967,0.039
1574114108090,2019-11-18T16:55:08.090,81.560,0.279,-0.969,0.036
1574114108100,2019-11-18T16:55:08.100,81.570,0.280,-0.969,0.038
1574114108110,2019-11-18T16:55:08.110,81.580,0.281,-0.967,0.040
1574114108120,2019-11-18T16:55:08.120,81.590,0.280,-0.962,0.039
1574114108130,2019-11-18T16:55:08.130,81.600,0.275,-0.959,0.040
1574114108140,2019-11-18T16:55:08.140,81.610,0.274,-0.958,0.041
1574114108150,2019-11-18T16:55:08.150,81.620,0.273,-0.959,0.043
1574114108160,2019-11-18T16:55:08.160,81.630,0.271,-0.964,0.043
1574114108170,2019-11-18T16:55:08.170,81.640,0.278,-0.967,0.043
1574114108180,2019-11-18T16:55:08.180,81.650,0.278,-0.962,0.044
1574114108190,2019-11-18T16:55:08.190,81.660,0.277,-0.960,0.041
1574114108200,2019-11-18T16:55:08.200,81.670,0.284,-0.962,0.043
1574114108210,2019-11-18T16:55:08.210,81.680,0.292,-0.959,0.045
1574114108220,2019-11-18T16:55:08.220,81.690,0.291,-0.955,0.048
1574114108230,2019-11-18T16:55:08.230,81.700,0.295,-0.952,0.045
1574114108240,2019-11-18T16:55:08.240,81.710,0.298,-0.954,0.047
1574114108250,2019-11-18T16:55:08.250,81.720,0.298,-0.955,0.050
1574114108260,2019-11-18T16:55:08.260,81.730,0.299,-0.959,0.050
1574114108270,2019-11-18T16:55:08.270,81.740,0.299,-0.960,0.051
1574114108280,2019-11-18T16:55:08.280,81.750,0.299,-0.961,0.054
1574114108290,2019-11-18T16:55:08.290,81.760,0.300,-0.966,0.051
1574114108300,2019-11-18T16:55:08.300,81.770,0.296,-0.968,0.048
1574114108310,2019-11-18T16:55:08.310,81.780,0.295,-0.968,0.049
1574114108320,2019-11-18T16:55:08.320,81.790,0.294,-0.965,0.050
1574114108330,2019-11-18T16:55:08.330,81.800,0.296,-0.965,0.047
1574114108340,2019-11-18T16:55:08.340,81.810,0.294,-0.966,0.049
1574114108350,2019-11-18T16:55:08.350,81.820,0.289,-0.965,0.047
1574114108360,2019-11-18T16:55:08.360,81.830,0.290,-0.960,0.047
1574114108370,2019-11-18T16:55:08.370,81.840,0.291,-0.959,0.048
1574114108380,2019-11-18T16:55:08.380,81.850,0.287,-0.957,0.047
1574114108390,2019-11-18T16:55:08.390,81.860,0.291,-0.956,0.047
1574114108400,2019-11-18T16:55:08.400,81.870,0.292,-0.960,0.048
1574114108410,2019-11-18T16:55:08.410,81.880,0.296,-0.961,0.049
1574114108420,2019-11-18T16:55:08.420,81.890,0.294,-0.958,0.053
1574114108430,2019-11-18T16:55:08.430,81.900,0.296,-0.962,0.054
1574114108440,2019-11-18T16:55:08.440,81.910,0.297,-0.968,0.053
1574114108450,2019-11-18T16:55:08.450,81.920,0.298,-0.967,0.053
1574114108460,2019-11-18T16:55:08.460,81.930,0.292,-0.961,0.053
1574114108470,2019-11-18T16:55:08.470,81.940,0.294,-0.959,0.053
1574114108480,2019-11-18T16:55:08.480,81.950,0.293,-0.958,0.052
1574114108490,2019-11-18T16:55:08.490,81.960,0.293,-0.957,0.050
1574114108500,2019-11-18T16:55:08.500,81.970,0.291,-0.954,0.051
1574114108510,2019-11-18T16:55:08.510,81.980,0.293,-0.954,0.054
1574114108520,2019-11-18T16:55:08.520,81.990,0.295,-0.959,0.052
1574114108530,2019-11-18T16:55:08.530,82.000,0.295,-0.969,0.051
1574114108540,2019-11-18T16:55:08.540,82.010,0.292,-0.969,0.051
1574114108550,2019-11-18T16:55:08.550,82.020,0.291,-0.962,0.046
1574114108560,2019-11-18T16:55:08.560,82.030,0.290,-0.965,0.046
1574114108570,2019-11-18T16:55:08.570,82.040,0.307,-0.967,0.057
1574114108580,2019-11-18T16:55:08.580,82.050,0.329,-0.983,0.071
1574114108590,2019-11-18T16:55:08.590,82.060,0.364,-1.010,0.090
1574114108600,2019-11-18T16:55:08.600,82.070,0.389,-1.013,0.101
1574114108610,2019-11-18T16:55:08.610,82.080,0.399,-1.014,0.105
1574114108620,2019-11-18T16:55:08.620,82.090,0.423,-1.011,0.125
1574114108630,2019-11-18T16:55:08.630,82.100,0.434,-0.994,0.137
1574114108640,2019-11-18T16:55:08.640,82.110,0.425,-0.982,0.134
1574114108650,2019-11-18T16:55:08.650,82.120,0.409,-0.980,0.130
1574114108660,2019-11-18T16:55:08.660,82.130,0.392,-0.967,0.127
1574114108670,2019-11-18T16:55:08.670,82.140,0.387,-0.938,0.123
1574114108680,2019-11-18T16:55:08.680,82.150,0.369,-0.927,0.110
1574114108690,2019-11-18T16:55:08.690,82.160,0.335,-0.947,0.091
1574114108700,2019-11-18T16:55:08.700,82.170,0.302,-0.944,0.073
1574114108710,2019-11-18T16:55:08.710,82.180,0.260,-0.933,0.060
1574114108720,2019-11-18T16:55:08.720,82.190,0.234,-0.943,0.050
1574114108730,2019-11-18T16:55:08.730,82.200,0.221,-0.950,0.044
1574114108740,2019-11-18T16:55:08.740,82.210,0.216,-0.948,0.033
1574114108750,2019-11-18T16:55:08.750,82.220,0.195,-0.938,0.030
1574114108760,2019-11-18T16:55:08.760,82.230,0.178,-0.920,0.028
1574114108770,2019-11-18T16:55:08.770,82.240,0.176,-0.921,0.026
1574114108780,2019-11-18T16:55:08.780,82.250,0.163,-0.946,0.018
1574114108790,2019-11-18T16:55:08.790,82.260,0.153,-0.955,0.012
1574114108800,2019-11-18T16:55:08.800,82.270,0.148,-0.957,0.003
1574114108810,2019-11-18T16:55:08.810,82.280,0.143,-0.960,-0.000
1574114108820,2019-11-18T16:55:08.820,82.290,0.144,-0.956,0.005
1574114108830,2019-11-18T16:55:08.830,82.300,0.153,-0.949,0.017
1574114108840,2019-11-18T16:55:08.840,82.310,0.174,-0.952,0.024
1574114108850,2019-11-18T16:55:08.850,82.320,0.187,-0.956,0.027
1574114108860,2019-11-18T16:55:08.860,82.330,0.185,-0.975,0.031
1574114108870,2019-11-18T16:55:08.870,82.340,0.196,-0.984,0.034
1574114108880,2019-11-18T16:55:08.880,82.350,0.208,-0.985,0.036
1574114108890,2019-11-18T16:55:08.890,82.360,0.218,-0.990,0.043
1574114108900,2019-11-18T16:55:08.900,82.370,0.229,-0.985,0.046
1574114108910,2019-11-18T16:55:08.910,82.380,0.242,-0.975,0.052
1574114108920,2019-11-18T16:55:08.920,82.390,0.245,-0.984,0.057
1574114108930,2019-11-18T16:55:08.930,82.400,0.240,-0.999,0.056
1574114108940,2019-11-18T16:55:08.940,82.410,0.239,-0.998,0.053
1574114108950,2019-11-18T16:55:08.950,82.420,0.231,-0.996,0.049
1574114108960,2019-11-18T16:55:08.960,82.430,0.227,-0.995,0.041
1574114108970,2019-11-18T16:55:08.970,82.440,0.231,-0.993,0.041
1574114108980,2019-11-18T16:55:08.980,82.450,0.235,-0.976,0.045
1574114108990,2019-11-18T16:55:08.990,82.460,0.232,-0.967,0.049
1574114109000,2019-11-18T16:55:09.000,82.470,0.236,-0.985,0.044
1574114109010,2019-11-18T16:55:09.010,82.480,0.235,-0.998,0.042
1574114109020,2019-11-18T16:55:09.020,82.490,0.224,-1.003,0.042
1574114109030,2019-11-18T16:55:09.030,82.500,0.219,-0.995,0.039
1574114109040,2019-11-18T16:55:09.040,82.510,0.220,-0.979,0.040
1574114109050,2019-11-18T16:55:09.050,82.520,0.222,-0.972,0.045
1574114109060,2019-11-18T16:55:09.060,82.530,0.225,-0.979,0.048
1574114109070,2019-11-18T16:55:09.070,82.540,0.234,-0.994,0.055
1574114109080,2019-11-18T16:55:09.080,82.550,0.238,-1.006,0.059
1574114109090,2019-11-18T16:55:09.090,82.560,0.239,-1.006,0.059
1574114109100,2019-11-18T16:55:09.100,82.570,0.248,-1.003,0.059
1574114109110,2019-11-18T16:55:09.110,82.580,0.250,-0.987,0.060
1574114109120,2019-11-18T16:55:09.120,82.590,0.238,-0.958,0.061
1574114109130,2019-11-18T16:55:09.130,82.600,0.239,-0.951,0.068
1574114109140,2019-11-18T16:55:09.140,82.610,0.250,-0.974,0.077
1574114109150,2019-11-18T16:55:09.150,82.620,0.257,-1.000,0.078
1574114109160,2019-11-18T16:55:09.160,82.630,0.262,-0.994,0.081
1574114109170,2019-11-18T16:55:09.170,82.640,0.247,-0.962,0.080
1574114109180,2019-11-18T16:55:09.180,82.650,0.236,-0.931,0.072
1574114109190,2019-11-18T16:55:09.190,82.660,0.231,-0.937,0.065
1574114109200,2019-11-18T16:55:09.200,82.670,0.227,-0.960,0.063
1574114109210,2019-11-18T16:55:09.210,82.680,0.228,-0.994,0.062
1574114109220,2019-11-18T16:55:09.220,82.690,0.230,-0.997,0.063
1574114109230,2019-11-18T16:55:09.230,82.700,0.232,-0.982,0.065
1574114109240,2019-11-18T16:55:09.240,82.710,0.237,-0.976,0.064
1574114109250,2019-11-18T16:55:09.250,82.720,0.244,-0.964,0.065
1574114109260,2019-11-18T16:55:09.260,82.730,0.238,-0.941,0.064
1574114109270,2019-11-18T16:55:09.270,82.740,0.226,-0.924,0.061
1574114109280,2019-11-18T16:55:09.280,82.750,0.217,-0.927,0.060
1574114109290,2019-11-18T16:55:09.290,82.760,0.215,-0.947,0.058
1574114109300,2019-11-18T16:55:09.300,82.770,0.212,-0.945,0.054
1574114109310,2019-11-18T16:55:09.310,82.780,0.208,-0.943,0.060
1574114109320,2019-11-18T16:55:09.320,82.790,0.232,-0.954,0.067
1574114109330,2019-11-18T16:55:09.330,82.800,0.253,-0.951,0.063
1574114109340,2019-11-18T16:55:09.340,82.810,0.244,-0.955,0.063
1574114109350,2019-11-18T16:55:09.350,82.820,0.249,-0.975,0.067
1574114109360,2019-11-18T16:55:09.360,82.830,0.265,-0.998,0.076
1574114109370,2019-11-18T16:55:09.370,82.840,0.274,-0.998,0.082
1574114109380,2019-11-18T16:55:09.380,82.850,0.275,-0.982,0.082
1574114109390,2019-11-18T16:55:09.390,82.860,0.277,-0.977,0.079
1574114109400,2019-11-18T16:55:09.400,82.870,0.274,-0.978,0.078
1574114109410,2019-11-18T16:55:09.410,82.880,0.266,-0.962,0.075
1574114109420,2019-11-18T16:55:09.420,82.890,0.256,-0.965,0.071
1574114109430,2019-11-18T16:55:09.430,82.900,0.258,-0.976,0.061
1574114109440,2019-11-18T16:55:09.440,82.910,0.250,-0.960,0.045
1574114109450,2019-11-18T16:55:09.450,82.920,0.232,-0.954,0.036
1574114109460,2019-11-18T16:55:09.460,82.930,0.221,-0.954,0.023
1574114109470,2019-11-18T16:55:09.470,82.940,0.212,-0.932,-0.005
1574114109480,2019-11-18T16:55:09.480,82.950,0.187,-0.917,-0.021
1574114109490,2019-11-18T16:55:09.490,82.960,0.178,-0.966,-0.022
1574114109500,2019-11-18T16:55:09.500,82.970,0.166,-1.016,-0.045
1574114109510,2019-11-18T16:55:09.510,82.980,0.125,-1.011,-0.076
1574114109520,2019-11-18T16:55:09.520,82.990,0.066,-0.996,-0.128
1574114109530,2019-11-18T16:55:09.530,83.000,0.023,-0.996,-0.168
1574114109540,2019-11-18T16:55:09.540,83.010,-0.002,-0.993,-0.213
1574114109550,2019-11-18T16:55:09.550,83.020,-0.019,-0.985,-0.254
1574114109560,2019-11-18T16:55:09.560,83.030,-0.033,-0.977,-0.279
1574114109570,2019-11-18T16:55:09.570,83.040,-0.035,-0.941,-0.310
1574114109580,2019-11-18T16:55:09.580,83.050,-0.016,-0.886,-0.332
1574114109590,2019-11-18T16:55:09.590,83.060,0.029,-0.860,-0.321
1574114109600,2019-11-18T16:55:09.600,83.070,0.083,-0.836,-0.312
1574114109610,2019-11-18T16:55:09.610,83.080,0.139,-0.809,-0.304
1574114109620,2019-11-18T16:55:09.620,83.090,0.202,-0.797,-0.291
1574114109630,2019-11-18T16:55:09.630,83.100,0.267,-0.800,-0.273
1574114109640,2019-11-18T16:55:09.640,83.110,0.341,-0.800,-0.260
1574114109650,2019-11-18T16:55:09.650,83.120,0.417,-0.770,-0.223
1574114109660,2019-11-18T16:55:09.660,83.130,0.502,-0.736,-0.178
1574114109670,2019-11-18T16:55:09.670,83.140,0.603,-0.703,-0.124
1574114109680,2019-11-18T16:55:09.680,83.150,0.677,-0.669,-0.067
1574114109690,2019-11-18T16:55:09.690,83.160,0.727,-0.659,-0.019
1574114109700,2019-11-18T16:55:09.700,83.170,0.780,-0.641,0.005
1574114109710,2019-11-18T16:55:09.710,83.180,0.797,-0.647,0.013
1574114109720,2019-11-18T16:55:09.720,83.190,0.814,-0.663,0.025
1574114109730,2019-11-18T16:55:09.730,83.200,0.830,-0.668,0.044
1574114109740,2019-11-18T16:55:09.740,83.210,0.846,-0.670,0.059
1574114109750,2019-11-18T16:55:09.750,83.220,0.867,-0.667,0.067
1574114109760,2019-11-18T16:55:09.760,83.230,0.881,-0.673,0.077
1574114109770,2019-11-18T16:55:09.770,83.240,0.899,-0.687,0.089
1574114109780,2019-11-18T16:55:09.780,83.250,0.915,-0.689,0.094
1574114109790,2019-11-18T16:55:09.790,83.260,0.921,-0.690,0.095
1574114109800,2019-11-18T16:55:09.800,83.270,0.933,-0.702,0.098
1574114109810,2019-11-18T16:55:09.810,83.280,0.936,-0.711,0.093
1574114109820,2019-11-18T16:55:09.820,83.290,0.927,-0.716,0.087
1574114109830,2019-11-18T16:55:09.830,83.300,0.936,-0.704,0.097
1574114109840,2019-11-18T16:55:09.840,83.310,0.943,-0.688,0.107
1574114109850,2019-11-18T16:55:09.850,83.320,0.948,-0.682,0.104
1574114109860,2019-11-18T16:55:09.860,83.330,0.942,-0.687,0.099
1574114109870,2019-11-18T16:55:09.870,83.340,0.919,-0.702,0.075
1574114109880,2019-11-18T16:55:09.880,83.350,0.891,-0.703,0.050
1574114109890,2019-11-18T16:55:09.890,83.360,0.873,-0.682,0.037
1574114109900,2019-11-18T16:55:09.900,83.370,0.858,-0.667,0.020
1574114109910,2019-11-18T16:55:09.910,83.380,0.844,-0.652,0.012
1574114109920,2019-11-18T16:55:09.920,83.390,0.837,-0.636,0.009
1574114109930,2019-11-18T16:55:09.930,83.400,0.836,-0.630,0.004
1574114109940,2019-11-18T16:55:09.940,83.410,0.833,-0.631,-0.004
1574114109950,2019-11-18T16:55:09.950,83.420,0.815,-0.640,-0.021
1574114109960,2019-11-18T16:55:09.960,83.430,0.808,-0.646,-0.034
1574114109970,2019-11-18T16:55:09.970,83.440,0.812,-0.637,-0.036
1574114109980,2019-11-18T16:55:09.980,83.450,0.814,-0.641,-0.034
1574114109990,2019-11-18T16:55:09.990,83.460,0.825,-0.656,-0.029
1574114110000,2019-11-18T16:55:10.000,83.470,0.839,-0.657,-0.022
1574114110010,2019-11-18T16:55:10.010,83.480,0.833,-0.646,-0.022
1574114110020,2019-11-18T16:55:10.020,83.490,0.813,-0.645,-0.033
1574114110030,2019-11-18T16:55:10.030,83.500,0.813,-0.649,-0.044
1574114110040,2019-11-18T16:55:10.040,83.510,0.815,-0.646,-0.049
1574114110050,2019-11-18T16:55:10.050,83.520,0.817,-0.634,-0.044
1574114110060,2019-11-18T16:55:10.060,83.530,0.815,-0.628,-0.041
1574114110070,2019-11-18T16:55:10.070,83.540,0.820,-0.626,-0.037
1574114110080,2019-11-18T16:55:10.080,83.550,0.823,-0.633,-0.035
1574114110090,2019-11-18T16:55:10.090,83.560,0.827,-0.630,-0.044
1574114110100,2019-11-18T16:55:10.100,83.570,0.818,-0.627,-0.048
1574114110110,2019-11-18T16:55:10.110,83.580,0.816,-0.627,-0.050
1574114110120,2019-11-18T16:55:10.120,83.590,0.822,-0.619,-0.044
1574114110130,2019-11-18T16:55:10.130,83.600,0.826,-0.611,-0.038
1574114110140,2019-11-18T16:55:10.140,83.610,0.832,-0.611,-0.036
1574114110150,2019-11-18T16:55:10.150,83.620,0.841,-0.612,-0.034
1574114110160,2019-11-18T16:55:10.160,83.630,0.840,-0.613,-0.035
1574114110170,2019-11-18T16:55:10.170,83.640,0.824,-0.609,-0.043
1574114110180,2019-11-18T16:55:10.180,83.650,0.810,-0.608,-0.047
1574114110190,2019-11-18T16:55:10.190,83.660,0.813,-0.598,-0.045
1574114110200,2019-11-18T16:55:10.200,83.670,0.811,-0.601,-0.045
1574114110210,2019-11-18T16:55:10.210,83.680,0.815,-0.604,-0.047
1574114110220,2019-11-18T16:55:10.220,83.690,0.822,-0.604,-0.044
1574114110230,2019-11-18T16:55:10.230,83.700,0.824,-0.601,-0.041
1574114110240,2019-11-18T16:55:10.240,83.710,0.822,-0.596,-0.041
1574114110250,2019-11-18T16:55:10.250,83.720,0.821,-0.596,-0.040
1574114110260,2019-11-18T16:55:10.260,83.730,0.820,-0.595,-0.040
1574114110270,2019-11-18T16:55:10.270,83.740,0.811,-0.595,-0.049
1574114110280,2019-11-18T16:55:10.280,83.750,0.810,-0.596,-0.052
1574114110290,2019-11-18T16:55:10.290,83.760,0.811,-0.599,-0.053
1574114110300,2019-11-18T16:55:10.300,83.770,0.811,-0.602,-0.052
1574114110310,2019-11-18T16:55:10.310,83.780,0.817,-0.609,-0.057
1574114110320,2019-11-18T16:55:10.320,83.790,0.819,-0.608,-0.058
1574114110330,2019-11-18T16:55:10.330,83.800,0.817,-0.603,-0.057
1574114110340,2019-11-18T16:55:10.340,83.810,0.819,-0.596,-0.058
1574114110350,2019-11-18T16:55:10.350,83.820,0.823,-0.604,-0.057
1574114110360,2019-11-18T16:55:10.360,83.830,0.827,-0.606,-0.064
1574114110370,2019-11-18T16:55:10.370,83.840,0.831,-0.601,-0.064
1574114110380,2019-11-18T16:55:10.380,83.850,0.829,-0.602,-0.061
1574114110390,2019-11-18T16:55:10.390,83.860,0.829,-0.607,-0.064
1574114110400,2019-11-18T16:55:10.400,83.870,0.827,-0.595,-0.061
1574114110410,2019-11-18T16:55:10.410,83.880,0.825,-0.584,-0.059
1574114110420,2019-11-18T16:55:10.420,83.890,0.823,-0.585,-0.057
1574114110430,2019-11-18T16:55:10.430,83.900,0.822,-0.594,-0.064
1574114110440,2019-11-18T16:55:10.440,83.910,0.825,-0.594,-0.069
1574114110450,2019-11-18T16:55:10.450,83.920,0.822,-0.585,-0.070
1574114110460,2019-11-18T16:55:10.460,83.930,0.820,-0.587,-0.071
1574114110470,2019-11-18T16:55:10.470,83.940,0.822,-0.594,-0.078
1574114110480,2019-11-18T16:55:10.480,83.950,0.826,-0.593,-0.071
1574114110490,2019-11-18T16:55:10.490,83.960,0.825,-0.593,-0.072
1574114110500,2019-11-18T16:55:10.500,83.970,0.826,-0.596,-0.070
1574114110510,2019-11-18T16:55:10.510,83.980,0.826,-0.591,-0.071
1574114110520,2019-11-18T16:55:10.520,83.990,0.822,-0.583,-0.070
1574114110530,2019-11-18T16:55:10.530,84.000,0.824,-0.576,-0.066
1574114110540,2019-11-18T16:55:10.540,84.010,0.831,-0.581,-0.065
1574114110550,2019-11-18T16:55:10.550,84.020,0.833,-0.588,-0.068
1574114110560,2019-11-18T16:55:10.560,84.030,0.828,-0.594,-0.067
1574114110570,2019-11-18T16:55:10.570,84.040,0.825,-0.596,-0.065
1574114110580,2019-11-18T16:55:10.580,84.050,0.825,-0.602,-0.068
1574114110590,2019-11-18T16:55:10.590,84.060,0.821,-0.602,-0.072
1574114110600,2019-11-18T16:55:10.600,84.070,0.820,-0.596,-0.068
1574114110610,2019-11-18T16:55:10.610,84.080,0.819,-0.593,-0.063
1574114110620,2019-11-18T16:55:10.620,84.090,0.821,-0.587,-0.065
1574114110630,2019-11-18T16:55:10.630,84.100,0.813,-0.586,-0.069
1574114110640,2019-11-18T16:55:10.640,84.110,0.806,-0.589,-0.075
1574114110650,2019-11-18T16:55:10.650,84.120,0.805,-0.591,-0.078
1574114110660,2019-11-18T16:55:10.660,84.130,0.804,-0.600,-0.079
1574114110670,2019-11-18T16:55:10.670,84.140,0.801,-0.604,-0.083
1574114110680,2019-11-18T16:55:10.680,84.150,0.802,-0.607,-0.082
1574114110690,2019-11-18T16:55:10.690,84.160,0.802,-0.611,-0.080
1574114110700,2019-11-18T16:55:10.700,84.170,0.805,-0.610,-0.080
1574114110710,2019-11-18T16:55:10.710,84.180,0.804,-0.607,-0.079
1574114110720,2019-11-18T16:55:10.720,84.190,0.799,-0.602,-0.081
1574114110730,2019-11-18T16:55:10.730,84.200,0.787,-0.602,-0.090
1574114110740,2019-11-18T16:55:10.740,84.210,0.783,-0.611,-0.094
1574114110750,2019-11-18T16:55:10.750,84.220,0.782,-0.617,-0.101
1574114110760,2019-11-18T16:55:10.760,84.230,0.778,-0.618,-0.102
1574114110770,2019-11-18T16:55:10.770,84.240,0.780,-0.616,-0.097
1574114110780,2019-11-18T16:55:10.780,84.250,0.785,-0.617,-0.096
1574114110790,2019-11-18T16:55:10.790,84.260,0.792,-0.614,-0.089
1574114110800,2019-11-18T16:55:10.800,84.270,0.795,-0.607,-0.086
1574114110810,2019-11-18T16:55:10.810,84.280,0.800,-0.603,-0.084
1574114110820,2019-11-18T16:55:10.820,84.290,0.809,-0.600,-0.074
1574114110830,2019-11-18T16:55:10.830,84.300,0.814,-0.602,-0.075
1574114110840,2019-11-18T16:55:10.840,84.310,0.818,-0.613,-0.077
1574114110850,2019-11-18T16:55:10.850,84.320,0.819,-0.625,-0.073
1574114110860,2019-11-18T16:55:10.860,84.330,0.821,-0.625,-0.077
1574114110870,2019-11-18T16:55:10.870,84.340,0.821,-0.621,-0.073
1574114110880,2019-11-18T16:55:10.880,84.350,0.822,-0.622,-0.068
1574114110890,2019-11-18T16:55:10.890,84.360,0.825,-0.623,-0.065
1574114110900,2019-11-18T16:55:10.900,84.370,0.822,-0.611,-0.067
1574114110910,2019-11-18T16:55:10.910,84.380,0.821,-0.607,-0.067
1574114110920,2019-11-18T16:55:10.920,84.390,0.834,-0.623,-0.065
1574114110930,2019-11-18T16:55:10.930,84.400,0.833,-0.634,-0.070
1574114110940,2019-11-18T16:55:10.940,84.410,0.823,-0.628,-0.064
1574114110950,2019-11-18T16:55:10.950,84.420,0.817,-0.623,-0.063
1574114110960,2019-11-18T16:55:10.960,84.430,0.816,-0.618,-0.066
1574114110970,2019-11-18T16:55:10.970,84.440,0.801,-0.611,-0.076
1574114110980,2019-11-18T16:55:10.980,84.450,0.796,-0.624,-0.090
1574114110990,2019-11-18T16:55:10.990,84.460,0.805,-0.650,-0.105
1574114111000,2019-11-18T16:55:11.000,84.470,0.806,-0.669,-0.111
1574114111010,2019-11-18T16:55:11.010,84.480,0.800,-0.673,-0.120
1574114111020,2019-11-18T16:55:11.020,84.490,0.791,-0.669,-0.123
1574114111030,2019-11-18T16:55:11.030,84.500,0.772,-0.685,-0.137
1574114111040,2019-11-18T16:55:11.040,84.510,0.751,-0.750,-0.165
1574114111050,2019-11-18T16:55:11.050,84.520,0.745,-0.827,-0.195
1574114111060,2019-11-18T16:55:11.060,84.530,0.751,-0.873,-0.228
1574114111070,2019-11-18T16:55:11.070,84.540,0.755,-0.854,-0.250
1574114111080,2019-11-18T16:55:11.080,84.550,0.746,-0.795,-0.257
1574114111090,2019-11-18T16:55:11.090,84.560,0.728,-0.771,-0.263
1574114111100,2019-11-18T16:55:11.100,84.570,0.706,-0.821,-0.280
1574114111110,2019-11-18T16:55:11.110,84.580,0.687,-0.894,-0.311
1574114111120,2019-11-18T16:55:11.120,84.590,0.704,-0.905,-0.339
1574114111130,2019-11-18T16:55:11.130,84.600,0.732,-0.839,-0.340
1574114111140,2019-11-18T16:55:11.140,84.610,0.748,-0.758,-0.332
1574114111150,2019-11-18T16:55:11.150,84.620,0.745,-0.706,-0.312
1574114111160,2019-11-18T16:55:11.160,84.630,0.732,-0.680,-0.278
1574114111170,2019-11-18T16:55:11.170,84.640,0.716,-0.708,-0.253
1574114111180,2019-11-18T16:55:11.180,84.650,0.711,-0.747,-0.233
1574114111190,2019-11-18T16:55:11.190,84.660,0.719,-0.755,-0.227
1574114111200,2019-11-18T16:55:11.200,84.670,0.722,-0.742,-0.222
1574114111210,2019-11-18T16:55:11.210,84.680,0.718,-0.703,-0.199
1574114111220,2019-11-18T16:55:11.220,84.690,0.701,-0.677,-0.175
1574114111230,2019-11-18T16:55:11.230,84.700,0.678,-0.655,-0.150
1574114111240,2019-11-18T16:55:11.240,84.710,0.665,-0.647,-0.131
1574114111250,2019-11-18T16:55:11.250,84.720,0.654,-0.650,-0.099
1574114111260,2019-11-18T16:55:11.260,84.730,0.633,-0.661,-0.081
1574114111270,2019-11-18T16:55:11.270,84.740,0.630,-0.703,-0.062
1574114111280,2019-11-18T16:55:11.280,84.750,0.624,-0.741,-0.069
1574114111290,2019-11-18T16:55:11.290,84.760,0.610,-0.750,-0.071
1574114111300,2019-11-18T16:55:11.300,84.770,0.617,-0.750,-0.052
1574114111310,2019-11-18T16:55:11.310,84.780,0.622,-0.759,-0.033
1574114111320,2019-11-18T16:55:11.320,84.790,0.615,-0.771,-0.025
1574114111330,2019-11-18T16:55:11.330,84.800,0.583,-0.752,-0.021
1574114111340,2019-11-18T16:55:11.340,84.810,0.550,-0.730,-0.012
1574114111350,2019-11-18T16:55:11.350,84.820,0.538,-0.773,-0.022
1574114111360,2019-11-18T16:55:11.360,84.830,0.532,-0.816,-0.031
1574114111370,2019-11-18T16:55:11.370,84.840,0.522,-0.811,-0.029
1574114111380,2019-11-18T16:55:11.380,84.850,0.521,-0.809,-0.029
1574114111390,2019-11-18T16:55:11.390,84.860,0.514,-0.801,-0.024
1574114111400,2019-11-18T16:55:11.400,84.870,0.497,-0.790,-0.020
1574114111410,2019-11-18T16:55:11.410,84.880,0.486,-0.796,-0.015
1574114111420,2019-11-18T16:55:11.420,84.890,0.476,-0.818,-0.012
1574114111430,2019-11-18T16:55:11.430,84.900,0.471,-0.850,-0.023
1574114111440,2019-11-18T16:55:11.440,84.910,0.471,-0.886,-0.027
1574114111450,2019-11-18T16:55:11.450,84.920,0.475,-0.899,-0.026
1574114111460,2019-11-18T16:55:11.460,84.930,0.465,-0.887,-0.025
1574114111470,2019-11-18T16:55:11.470,84.940,0.457,-0.870,-0.019
1574114111480,2019-11-18T16:55:11.480,84.950,0.452,-0.872,-0.015
1574114111490,2019-11-18T16:55:11.490,84.960,0.447,-0.885,-0.018
1574114111500,2019-11-18T16:55:11.500,84.970,0.437,-0.889,-0.019
1574114111510,2019-11-18T16:55:11.510,84.980,0.435,-0.905,-0.025
1574114111520,2019-11-18T16:55:11.520,84.990,0.435,-0.919,-0.033
1574114111530,2019-11-18T16:55:11.530,85.000,0.433,-0.926,-0.034
1574114111540,2019-11-18T16:55:11.540,85.010,0.444,-0.930,-0.029
1574114111550,2019-11-18T16:55:11.550,85.020,0.440,-0.920,-0.020
1574114111560,2019-11-18T16:55:11.560,85.030,0.431,-0.905,-0.012
1574114111570,2019-11-18T16:55:11.570,85.040,0.433,-0.907,-0.007
1574114111580,2019-11-18T16:55:11.580,85.050,0.444,-0.931,0.001
1574114111590,2019-11-18T16:55:11.590,85.060,0.459,-0.956,0.011
1574114111600,2019-11-18T16:55:11.600,85.070,0.469,-0.970,0.011
1574114111610,2019-11-18T16:55:11.610,85.080,0.471,-0.966,0.015
1574114111620,2019-11-18T16:55:11.620,85.090,0.461,-0.955,0.028
1574114111630,2019-11-18T16:55:11.630,85.100,0.452,-0.944,0.039
1574114111640,2019-11-18T16:55:11.640,85.110,0.449,-0.936,0.049
1574114111650,2019-11-18T16:55:11.650,85.120,0.442,-0.926,0.055
1574114111660,2019-11-18T16:55:11.660,85.130,0.431,-0.917,0.063
1574114111670,2019-11-18T16:55:11.670,85.140,0.429,-0.905,0.067
1574114111680,2019-11-18T16:55:11.680,85.150,0.427,-0.895,0.075
1574114111690,2019-11-18T16:55:11.690,85.160,0.427,-0.892,0.082
1574114111700,2019-11-18T16:55:11.700,85.170,0.429,-0.896,0.089
1574114111710,2019-11-18T16:55:11.710,85.180,0.431,-0.897,0.103
1574114111720,2019-11-18T16:55:11.720,85.190,0.429,-0.886,0.106
1574114111730,2019-11-18T16:55:11.730,85.200,0.426,-0.882,0.119
1574114111740,2019-11-18T16:55:11.740,85.210,0.431,-0.896,0.124
1574114111750,2019-11-18T16:55:11.750,85.220,0.429,-0.903,0.122
1574114111760,2019-11-18T16:55:11.760,85.230,0.418,-0.883,0.124
1574114111770,2019-11-18T16:55:11.770,85.240,0.403,-0.869,0.125
1574114111780,2019-11-18T16:55:11.780,85.250,0.396,-0.866,0.122
1574114111790,2019-11-18T16:55:11.790,85.260,0.386,-0.875,0.114
1574114111800,2019-11-18T16:55:11.800,85.270,0.378,-0.894,0.109
1574114111810,2019-11-18T16:55:11.810,85.280,0.370,-0.906,0.105
1574114111820,2019-11-18T16:55:11.820,85.290,0.350,-0.907,0.094
1574114111830,2019-11-18T16:55:11.830,85.300,0.335,-0.910,0.085
1574114111840,2019-11-18T16:55:11.840,85.310,0.333,-0.910,0.087
1574114111850,2019-11-18T16:55:11.850,85.320,0.324,-0.913,0.079
1574114111860,2019-11-18T16:55:11.860,85.330,0.315,-0.918,0.068
1574114111870,2019-11-18T16:55:11.870,85.340,0.304,-0.922,0.069
1574114111880,2019-11-18T16:55:11.880,85.350,0.302,-0.928,0.063
1574114111890,2019-11-18T16:55:11.890,85.360,0.300,-0.933,0.065
1574114111900,2019-11-18T16:55:11.900,85.370,0.294,-0.935,0.064
1574114111910,2019-11-18T16:55:11.910,85.380,0.287,-0.931,0.065
1574114111920,2019-11-18T16:55:11.920,85.390,0.282,-0.930,0.064
1574114111930,2019-11-18T16:55:11.930,85.400,0.285,-0.930,0.064
1574114111940,2019-11-18T16:55:11.940,85.410,0.283,-0.924,0.065
1574114111950,2019-11-18T16:55:11.950,85.420,0.285,-0.924,0.067
1574114111960,2019-11-18T16:55:11.960,85.430,0.290,-0.924,0.069
1574114111970,2019-11-18T16:55:11.970,85.440,0.290,-0.931,0.072
1574114111980,2019-11-18T16:55:11.980,85.450,0.289,-0.928,0.073
1574114111990,2019-11-18T16:55:11.990,85.460,0.289,-0.930,0.077
1574114112000,2019-11-18T16:55:12.000,85.470,0.297,-0.931,0.079
1574114112010,2019-11-18T16:55:12.010,85.480,0.301,-0.930,0.082
1574114112020,2019-11-18T16:55:12.020,85.490,0.295,-0.931,0.085
1574114112030,2019-11-18T16:55:12.030,85.500,0.290,-0.936,0.082
1574114112040,2019-11-18T16:55:12.040,85.510,0.286,-0.947,0.076
1574114112050,2019-11-18T16:55:12.050,85.520,0.289,-0.948,0.068
1574114112060,2019-11-18T16:55:12.060,85.530,0.293,-0.949,0.062
1574114112070,2019-11-18T16:55:12.070,85.540,0.292,-0.952,0.057
1574114112080,2019-11-18T16:55:12.080,85.550,0.300,-0.946,0.054
1574114112090,2019-11-18T16:55:12.090,85.560,0.299,-0.943,0.050
1574114112100,2019-11-18T16:55:12.100,85.570,0.303,-0.939,0.047
1574114112110,2019-11-18T16:55:12.110,85.580,0.307,-0.939,0.044
1574114112120,2019-11-18T16:55:12.120,85.590,0.313,-0.939,0.042
1574114112130,2019-11-18T16:55:12.130,85.600,0.318,-0.944,0.043
1574114112140,2019-11-18T16:55:12.140,85.610,0.319,-0.953,0.041
1574114112150,2019-11-18T16:55:12.150,85.620,0.321,-0.957,0.038
1574114112160,2019-11-18T16:55:12.160,85.630,0.324,-0.959,0.039
1574114112170,2019-11-18T16:55:12.170,85.640,0.333,-0.966,0.036
1574114112180,2019-11-18T16:55:12.180,85.650,0.332,-0.968,0.034
1574114112190,2019-11-18T16:55:12.190,85.660,0.330,-0.965,0.033
1574114112200,2019-11-18T16:55:12.200,85.670,0.334,-0.960,0.032
1574114112210,2019-11-18T16:55:12.210,85.680,0.340,-0.957,0.027
1574114112220,2019-11-18T16:55:12.220,85.690,0.343,-0.960,0.027
1574114112230,2019-11-18T16:55:12.230,85.700,0.342,-0.959,0.029
1574114112240,2019-11-18T16:55:12.240,85.710,0.344,-0.958,0.026
1574114112250,2019-11-18T16:55:12.250,85.720,0.342,-0.954,0.025
1574114112260,2019-11-18T16:55:12.260,85.730,0.342,-0.953,0.022
1574114112270,2019-11-18T16:55:12.270,85.740,0.343,-0.950,0.026
1574114112280,2019-11-18T16:55:12.280,85.750,0.338,-0.943,0.024
1574114112290,2019-11-18T16:55:12.290,85.760,0.338,-0.944,0.021
1574114112300,2019-11-18T16:55:12.300,85.770,0.338,-0.950,0.021
1574114112310,2019-11-18T16:55:12.310,85.780,0.337,-0.953,0.020
1574114112320,2019-11-18T16:55:12.320,85.790,0.336,-0.952,0.022
1574114112330,2019-11-18T16:55:12.330,85.800,0.335,-0.949,0.022
1574114112340,2019-11-18T16:55:12.340,85.810,0.335,-0.948,0.020
1574114112350,2019-11-18T16:55:12.350,85.820,0.334,-0.947,0.021
1574114112360,2019-11-18T16:55:12.360,85.830,0.330,-0.948,0.020
1574114112370,2019-11-18T16:55:12.370,85.840,0.330,-0.952,0.018
1574114112380,2019-11-18T16:55:12.380,85.850,0.332,-0.954,0.011
1574114112390,2019-11-18T16:55:12.390,85.860,0.331,-0.956,0.009
1574114112400,2019-11-18T16:55:12.400,85.870,0.332,-0.958,0.007
1574114112410,2019-11-18T16:55:12.410,85.880,0.338,-0.956,0.009
1574114112420,2019-11-18T16:55:12.420,85.890,0.337,-0.950,0.013
1574114112430,2019-11-18T16:55:12.430,85.900,0.335,-0.947,0.010
1574114112440,2019-11-18T16:55:12.440,85.910,0.336,-0.942,0.013
1574114112450,2019-11-18T16:55:12.450,85.920,0.338,-0.935,0.017
1574114112460,2019-11-18T16:55:12.460,85.930,0.342,-0.935,0.015
1574114112470,2019-11-18T16:55:12.470,85.940,0.346,-0.947,0.013
1574114112480,2019-11-18T16:55:12.480,85.950,0.347,-0.957,0.011
1574114112490,2019-11-18T16:55:12.490,85.960,0.351,-0.957,0.010
1574114112500,2019-11-18T16:55:12.500,85.970,0.349,-0.958,0.013
1574114112510,2019-11-18T16:55:12.510,85.980,0.353,-0.961,0.012
1574114112520,2019-11-18T16:55:12.520,85.990,0.356,-0.960,0.013
1574114112530,2019-11-18T16:55:12.530,86.000,0.352,-0.957,0.013
1574114112540,2019-11-18T16:55:12.540,86.010,0.351,-0.962,0.013
1574114112550,2019-11-18T16:55:12.550,86.020,0.355,-0.961,0.017
1574114112560,2019-11-18T16:55:12.560,86.030,0.356,-0.954,0.015
1574114112570,2019-11-18T16:55:12.570,86.040,0.357,-0.952,0.012
1574114112580,2019-11-18T16:55:12.580,86.050,0.357,-0.952,0.013
1574114112590,2019-11-18T16:55:12.590,86.060,0.358,-0.954,0.012
1574114112600,2019-11-18T16:55:12.600,86.070,0.358,-0.959,0.015
1574114112610,2019-11-18T16:55:12.610,86.080,0.353,-0.956,0.016
1574114112620,2019-11-18T16:55:12.620,86.090,0.344,-0.952,0.014
1574114112630,2019-11-18T16:55:12.630,86.100,0.347,-0.956,0.012
1574114112640,2019-11-18T16:55:12.640,86.110,0.347,-0.951,0.012
1574114112650,2019-11-18T16:55:12.650,86.120,0.346,-0.939,0.014
1574114112660,2019-11-18T16:55:12.660,86.130,0.346,-0.935,0.016
1574114112670,2019-11-18T16:55:12.670,86.140,0.343,-0.938,0.011
1574114112680,2019-11-18T16:55:12.680,86.150,0.341,-0.942,0.013
1574114112690,2019-11-18T16:55:12.690,86.160,0.338,-0.948,0.012
1574114112700,2019-11-18T16:55:12.700,86.170,0.332,-0.949,0.013
1574114112710,2019-11-18T16:55:12.710,86.180,0.331,-0.947,0.014
1574114112720,2019-11-18T16:55:12.720,86.190,0.333,-0.944,0.014
1574114112730,2019-11-18T16:55:12.730,86.200,0.332,-0.944,0.013
1574114112740,2019-11-18T16:55:12.740,86.210,0.332,-0.944,0.012
1574114112750,2019-11-18T16:55:12.750,86.220,0.330,-0.948,0.013
1574114112760,2019-11-18T16:55:12.760,86.230,0.330,-0.951,0.010
1574114112770,2019-11-18T16:55:12.770,86.240,0.326,-0.948,0.008
1574114112780,2019-11-18T16:55:12.780,86.250,0.327,-0.943,0.005
1574114112790,2019-11-18T16:55:12.790,86.260,0.323,-0.944,0.010
1574114112800,2019-11-18T16:55:12.800,86.270,0.321,-0.947,0.006
1574114112810,2019-11-18T16:55:12.810,86.280,0.319,-0.947,0.004
1574114112820,2019-11-18T16:55:12.820,86.290,0.319,-0.947,0.002
1574114112830,2019-11-18T16:55:12.830,86.300,0.319,-0.949,-0.003
1574114112840,2019-11-18T16:55:12.840,86.310,0.317,-0.954,-0.004
1574114112850,2019-11-18T16:55:12.850,86.320,0.314,-0.958,-0.011
1574114112860,2019-11-18T16:55:12.860,86.330,0.312,-0.952,-0.010
1574114112870,2019-11-18T16:55:12.870,86.340,0.313,-0.953,-0.010
1574114112880,2019-11-18T16:55:12.880,86.350,0.310,-0.953,-0.010
1574114112890,2019-11-18T16:55:12.890,86.360,0.312,-0.953,-0.012
1574114112900,2019-11-18T16:55:12.900,86.370,0.315,-0.955,-0.015
1574114112910,2019-11-18T16:55:12.910,86.380,0.316,-0.959,-0.013
1574114112920,2019-11-18T16:55:12.920,86.390,0.315,-0.955,-0.012
1574114112930,2019-11-18T16:55:12.930,86.400,0.315,-0.952,-0.013
1574114112940,2019-11-18T16:55:12.940,86.410,0.321,-0.954,-0.011
1574114112950,2019-11-18T16:55:12.950,86.420,0.325,-0.953,-0.007
1574114112960,2019-11-18T16:55:12.960,86.430,0.332,-0.949,-0.004
1574114112970,2019-11-18T16:55:12.970,86.440,0.339,-0.951,0.008
1574114112980,2019-11-18T16:55:12.980,86.450,0.358,-0.951,0.022
1574114112990,2019-11-18T16:55:12.990,86.460,0.380,-0.944,0.031
1574114113000,2019-11-18T16:55:13.000,86.470,0.399,-0.934,0.043
1574114113010,2019-11-18T16:55:13.010,86.480,0.413,-0.925,0.057
1574114113020,2019-11-18T16:55:13.020,86.490,0.431,-0.921,0.064
1574114113030,2019-11-18T16:55:13.030,86.500,0.459,-0.923,0.077
1574114113040,2019-11-18T16:55:13.040,86.510,0.487,-0.921,0.098
1574114113050,2019-11-18T16:55:13.050,86.520,0.502,-0.906,0.112
1574114113060,2019-11-18T16:55:13.060,86.530,0.510,-0.903,0.116
1574114113070,2019-11-18T16:55:13.070,86.540,0.529,-0.924,0.125
1574114113080,2019-11-18T16:55:13.080,86.550,0.555,-0.943,0.128
1574114113090,2019-11-18T16:55:13.090,86.560,0.559,-0.939,0.118
1574114113100,2019-11-18T16:55:13.100,86.570,0.547,-0.926,0.099
1574114113110,2019-11-18T16:55:13.110,86.580,0.535,-0.929,0.094
1574114113120,2019-11-18T16:55:13.120,86.590,0.533,-0.936,0.080
1574114113130,2019-11-18T16:55:13.130,86.600,0.515,-0.940,0.054
1574114113140,2019-11-18T16:55:13.140,86.610,0.489,-0.936,0.031
1574114113150,2019-11-18T16:55:13.150,86.620,0.467,-0.927,0.012
1574114113160,2019-11-18T16:55:13.160,86.630,0.446,-0.932,-0.006
1574114113170,2019-11-18T16:55:13.170,86.640,0.423,-0.926,-0.021
1574114113180,2019-11-18T16:55:13.180,86.650,0.398,-0.910,-0.035
1574114113190,2019-11-18T16:55:13.190,86.660,0.367,-0.908,-0.052
1574114113200,2019-11-18T16:55:13.200,86.670,0.342,-0.907,-0.064
1574114113210,2019-11-18T16:55:13.210,86.680,0.309,-0.909,-0.087
1574114113220,2019-11-18T16:55:13.220,86.690,0.282,-0.919,-0.099
1574114113230,2019-11-18T16:55:13.230,86.700,0.267,-0.918,-0.097
1574114113240,2019-11-18T16:55:13.240,86.710,0.253,-0.910,-0.088
1574114113250,2019-11-18T16:55:13.250,86.720,0.255,-0.918,-0.073
1574114113260,2019-11-18T16:55:13.260,86.730,0.267,-0.935,-0.069
1574114113270,2019-11-18T16:55:13.270,86.740,0.264,-0.948,-0.069
1574114113280,2019-11-18T16:55:13.280,86.750,0.258,-0.946,-0.062
1574114113290,2019-11-18T16:55:13.290,86.760,0.271,-0.945,-0.046
1574114113300,2019-11-18T16:55:13.300,86.770,0.286,-0.942,-0.040
1574114113310,2019-11-18T16:55:13.310,86.780,0.298,-0.943,-0.030
1574114113320,2019-11-18T16:55:13.320,86.790,0.307,-0.943,-0.025
1574114113330,2019-11-18T16:55:13.330,86.800,0.296,-0.943,-0.029
1574114113340,2019-11-18T16:55:13.340,86.810,0.289,-0.954,-0.032
1574114113350,2019-11-18T16:55:13.350,86.820,0.295,-0.954,-0.032
1574114113360,2019-11-18T16:55:13.360,86.830,0.288,-0.950,-0.032
1574114113370,2019-11-18T16:55:13.370,86.840,0.293,-0.954,-0.029
1574114113380,2019-11-18T16:55:13.380,86.850,0.310,-0.947,-0.023
1574114113390,2019-11-18T16:55:13.390,86.860,0.314,-0.943,-0.022
1574114113400,2019-11-18T16:55:13.400,86.870,0.315,-0.955,-0.012
1574114113410,2019-11-18T16:55:13.410,86.880,0.330,-0.958,-0.003
1574114113420,2019-11-18T16:55:13.420,86.890,0.346,-0.951,0.003
1574114113430,2019-11-18T16:55:13.430,86.900,0.354,-0.953,0.002
1574114113440,2019-11-18T16:55:13.440,86.910,0.353,-0.961,0.000
1574114113450,2019-11-18T16:55:13.450,86.920,0.335,-0.968,-0.007
1574114113460,2019-11-18T16:55:13.460,86.930,0.318,-0.973,-0.018
1574114113470,2019-11-18T16:55:13.470,86.940,0.312,-0.975,-0.021
1574114113480,2019-11-18T16:55:13.480,86.950,0.305,-0.959,-0.023
1574114113490,2019-11-18T16:55:13.490,86.960,0.282,-0.950,-0.035
1574114113500,2019-11-18T16:55:13.500,86.970,0.256,-0.956,-0.040
1574114113510,2019-11-18T16:55:13.510,86.980,0.256,-0.947,-0.042
1574114113520,2019-11-18T16:55:13.520,86.990,0.249,-0.941,-0.046
1574114113530,2019-11-18T16:55:13.530,87.000,0.241,-0.944,-0.049
1574114113540,2019-11-18T16:55:13.540,87.010,0.237,-0.944,-0.049
1574114113550,2019-11-18T16:55:13.550,87.020,0.234,-0.946,-0.052
1574114113560,2019-11-18T16:55:13.560,87.030,0.234,-0.953,-0.054
1574114113570,2019-11-18T16:55:13.570,87.040,0.229,-0.965,-0.053
1574114113580,2019-11-18T16:55:13.580,87.050,0.235,-0.974,-0.051
1574114113590,2019-11-18T16:55:13.590,87.060,0.241,-0.961,-0.042
1574114113600,2019-11-18T16:55:13.600,87.070,0.252,-0.953,-0.035
1574114113610,2019-11-18T16:55:13.610,87.080,0.263,-0.951,-0.027
1574114113620,2019-11-18T16:55:13.620,87.090,0.271,-0.954,-0.024
1574114113630,2019-11-18T16:55:13.630,87.100,0.277,-0.958,-0.014
1574114113640,2019-11-18T16:55:13.640,87.110,0.299,-0.961,-0.006
1574114113650,2019-11-18T16:55:13.650,87.120,0.329,-0.950,0.009
1574114113660,2019-11-18T16:55:13.660,87.130,0.332,-0.930,0.007
1574114113670,2019-11-18T16:55:13.670,87.140,0.322,-0.930,0.001
1574114113680,2019-11-18T16:55:13.680,87.150,0.317,-0.965,-0.009
1574114113690,2019-11-18T16:55:13.690,87.160,0.310,-0.993,-0.022
1574114113700,2019-11-18T16:55:13.700,87.170,0.289,-0.987,-0.031
1574114113710,2019-11-18T16:55:13.710,87.180,0.266,-0.971,-0.039
1574114113720,2019-11-18T16:55:13.720,87.190,0.258,-0.967,-0.044
1574114113730,2019-11-18T16:55:13.730,87.200,0.256,-0.968,-0.050
1574114113740,2019-11-18T16:55:13.740,87.210,0.250,-0.965,-0.051
1574114113750,2019-11-18T16:55:13.750,87.220,0.244,-0.958,-0.052
1574114113760,2019-11-18T16:55:13.760,87.230,0.244,-0.955,-0.051
1574114113770,2019-11-18T16:55:13.770,87.240,0.243,-0.959,-0.055
1574114113780,2019-11-18T16:55:13.780,87.250,0.245,-0.959,-0.056
1574114113790,2019-11-18T16:55:13.790,87.260,0.243,-0.966,-0.059
1574114113800,2019-11-18T16:55:13.800,87.270,0.248,-0.978,-0.060
1574114113810,2019-11-18T16:55:13.810,87.280,0.252,-0.982,-0.059
1574114113820,2019-11-18T16:55:13.820,87.290,0.251,-0.974,-0.056
1574114113830,2019-11-18T16:55:13.830,87.300,0.255,-0.970,-0.053
1574114113840,2019-11-18T16:55:13.840,87.310,0.265,-0.969,-0.054
1574114113850,2019-11-18T16:55:13.850,87.320,0.267,-0.970,-0.052
1574114113860,2019-11-18T16:55:13.860,87.330,0.265,-0.976,-0.054
1574114113870,2019-11-18T16:55:13.870,87.340,0.270,-0.970,-0.048
1574114113880,2019-11-18T16:55:13.880,87.350,0.276,-0.964,-0.046
1574114113890,2019-11-18T16:55:13.890,87.360,0.289,-0.968,-0.042
1574114113900,2019-11-18T16:55:13.900,87.370,0.292,-0.962,-0.037
1574114113910,2019-11-18T16:55:13.910,87.380,0.294,-0.952,-0.036
1574114113920,2019-11-18T16:55:13.920,87.390,0.304,-0.953,-0.030
1574114113930,2019-11-18T16:55:13.930,87.400,0.309,-0.959,-0.030
1574114113940,2019-11-18T16:55:13.940,87.410,0.308,-0.960,-0.028
1574114113950,2019-11-18T16:55:13.950,87.420,0.311,-0.961,-0.023
1574114113960,2019-11-18T16:55:13.960,87.430,0.319,-0.970,-0.021
1574114113970,2019-11-18T16:55:13.970,87.440,0.327,-0.971,-0.021
1574114113980,2019-11-18T16:55:13.980,87.450,0.330,-0.965,-0.016
1574114113990,2019-11-18T16:55:13.990,87.460,0.323,-0.962,-0.018
1574114114000,2019-11-18T16:55:14.000,87.470,0.321,-0.962,-0.021
1574114114010,2019-11-18T16:55:14.010,87.480,0.317,-0.964,-0.021
1574114114020,2019-11-18T16:55:14.020,87.490,0.316,-0.966,-0.022
1574114114030,2019-11-18T16:55:14.030,87.500,0.310,-0.963,-0.025
1574114114040,2019-11-18T16:55:14.040,87.510,0.306,-0.958,-0.027
1574114114050,2019-11-18T16:55:14.050,87.520,0.309,-0.955,-0.028
1574114114060,2019-11-18T16:55:14.060,87.530,0.313,-0.953,-0.029
1574114114070,2019-11-18T16:55:14.070,87.540,0.316,-0.952,-0.025
1574114114080,2019-11-18T16:55:14.080,87.550,0.320,-0.948,-0.024
1574114114090,2019-11-18T16:55:14.090,87.560,0.318,-0.945,-0.022
1574114114100,2019-11-18T16:55:14.100,87.570,0.316,-0.958,-0.026
1574114114110,2019-11-18T16:55:14.110,87.580,0.314,-0.965,-0.029
1574114114120,2019-11-18T16:55:14.120,87.590,0.306,-0.966,-0.035
1574114114130,2019-11-18T16:55:14.130,87.600,0.303,-0.971,-0.041
1574114114140,2019-11-18T16:55:14.140,87.610,0.302,-0.971,-0.042
1574114114150,2019-11-18T16:55:14.150,87.620,0.303,-0.958,-0.042
1574114114160,2019-11-18T16:55:14.160,87.630,0.298,-0.954,-0.040
1574114114170,2019-11-18T16:55:14.170,87.640,0.300,-0.960,-0.044
1574114114180,2019-11-18T16:55:14.180,87.650,0.295,-0.962,-0.045
1574114114190,2019-11-18T16:55:14.190,87.660,0.290,-0.961,-0.050
1574114114200,2019-11-18T16:55:14.200,87.670,0.286,-0.962,-0.054
1574114114210,2019-11-18T16:55:14.210,87.680,0.288,-0.964,-0.054
1574114114220,2019-11-18T16:55:14.220,87.690,0.289,-0.963,-0.051
1574114114230,2019-11-18T16:55:14.230,87.700,0.286,-0.953,-0.051
1574114114240,2019-11-18T16:55:14.240,87.710,0.291,-0.945,-0.044
1574114114250,2019-11-18T16:55:14.250,87.720,0.291,-0.951,-0.044
1574114114260,2019-11-18T16:55:14.260,87.730,0.290,-0.961,-0.046
1574114114270,2019-11-18T16:55:14.270,87.740,0.290,-0.965,-0.049
1574114114280,2019-11-18T16:55:14.280,87.750,0.286,-0.969,-0.047
1574114114290,2019-11-18T16:55:14.290,87.760,0.282,-0.967,-0.050
1574114114300,2019-11-18T16:55:14.300,87.770,0.280,-0.962,-0.049
1574114114310,2019-11-18T16:55:14.310,87.780,0.280,-0.954,-0.049
1574114114320,2019-11-18T16:55:14.320,87.790,0.281,-0.946,-0.047
1574114114330,2019-11-18T16:55:14.330,87.800,0.279,-0.947,-0.044
1574114114340,2019-11-18T16:55:14.340,87.810,0.281,-0.956,-0.045
1574114114350,2019-11-18T16:55:14.350,87.820,0.281,-0.959,-0.049
1574114114360,2019-11-18T16:55:14.360,87.830,0.272,-0.961,-0.049
1574114114370,2019-11-18T16:55:14.370,87.840,0.265,-0.963,-0.050
1574114114380,2019-11-18T16:55:14.380,87.850,0.268,-0.957,-0.048
1574114114390,2019-11-18T16:55:14.390,87.860,0.275,-0.950,-0.044
1574114114400,2019-11-18T16:55:14.400,87.870,0.284,-0.943,-0.037
1574114114410,2019-11-18T16:55:14.410,87.880,0.294,-0.944,-0.028
1574114114420,2019-11-18T16:55:14.420,87.890,0.301,-0.951,-0.028
1574114114430,2019-11-18T16:55:14.430,87.900,0.303,-0.959,-0.027
1574114114440,2019-11-18T16:55:14.440,87.910,0.302,-0.959,-0.024
1574114114450,2019-11-18T16:55:14.450,87.920,0.305,-0.961,-0.019
1574114114460,2019-11-18T16:55:14.460,87.930,0.318,-0.963,-0.021
1574114114470,2019-11-18T16:55:14.470,87.940,0.321,-0.964,-0.019
1574114114480,2019-11-18T16:55:14.480,87.950,0.318,-0.966,-0.017
1574114114490,2019-11-18T16:55:14.490,87.960,0.322,-0.964,-0.013
1574114114500,2019-11-18T16:55:14.500,87.970,0.327,-0.973,-0.017
1574114114510,2019-11-18T16:55:14.510,87.980,0.323,-0.984,-0.018
1574114114520,2019-11-18T16:55:14.520,87.990,0.309,-0.979,-0.020
1574114114530,2019-11-18T16:55:14.530,88.000,0.302,-0.968,-0.020
1574114114540,2019-11-18T16:55:14.540,88.010,0.302,-0.964,-0.020
1574114114550,2019-11-18T16:55:14.550,88.020,0.303,-0.963,-0.022
1574114114560,2019-11-18T16:55:14.560,88.030,0.293,-0.955,-0.024
1574114114570,2019-11-18T16:55:14.570,88.040,0.292,-0.951,-0.024
1574114114580,2019-11-18T16:55:14.580,88.050,0.292,-0.950,-0.023
1574114114590,2019-11-18T16:55:14.590,88.060,0.283,-0.955,-0.025
1574114114600,2019-11-18T16:55:14.600,88.070,0.278,-0.958,-0.027
1574114114610,2019-11-18T16:55:14.610,88.080,0.279,-0.964,-0.029
1574114114620,2019-11-18T16:55:14.620,88.090,0.275,-0.969,-0.027
1574114114630,2019-11-18T16:55:14.630,88.100,0.273,-0.965,-0.026
1574114114640,2019-11-18T16:55:14.640,88.110,0.274,-0.960,-0.025
1574114114650,2019-11-18T16:55:14.650,88.120,0.276,-0.959,-0.029
1574114114660,2019-11-18T16:55:14.660,88.130,0.277,-0.960,-0.025
1574114114670,2019-11-18T16:55:14.670,88.140,0.277,-0.957,-0.024
1574114114680,2019-11-18T16:55:14.680,88.150,0.271,-0.958,-0.027
1574114114690,2019-11-18T16:55:14.690,88.160,0.266,-0.957,-0.027
1574114114700,2019-11-18T16:55:14.700,88.170,0.268,-0.957,-0.024
1574114114710,2019-11-18T16:55:14.710,88.180,0.271,-0.954,-0.023
1574114114720,2019-11-18T16:55:14.720,88.190,0.268,-0.949,-0.021
1574114114730,2019-11-18T16:55:14.730,88.200,0.271,-0.939,-0.020
1574114114740,2019-11-18T16:55:14.740,88.210,0.273,-0.944,-0.016
1574114114750,2019-11-18T16:55:14.750,88.220,0.275,-0.950,-0.014
1574114114760,2019-11-18T16:55:14.760,88.230,0.273,-0.947,-0.016
1574114114770,2019-11-18T16:55:14.770,88.240,0.269,-0.948,-0.014
1574114114780,2019-11-18T16:55:14.780,88.250,0.272,-0.958,-0.019
1574114114790,2019-11-18T16:55:14.790,88.260,0.275,-0.963,-0.022
1574114114800,2019-11-18T16:55:14.800,88.270,0.274,-0.958,-0.021
1574114114810,2019-11-18T16:55:14.810,88.280,0.273,-0.950,-0.021
1574114114820,2019-11-18T16:55:14.820,88.290,0.280,-0.949,-0.023
1574114114830,2019-11-18T16:55:14.830,88.300,0.283,-0.953,-0.021
1574114114840,2019-11-18T16:55:14.840,88.310,0.282,-0.953,-0.021
1574114114850,2019-11-18T16:55:14.850,88.320,0.285,-0.951,-0.026
1574114114860,2019-11-18T16:55:14.860,88.330,0.286,-0.950,-0.027
1574114114870,2019-11-18T16:55:14.870,88.340,0.279,-0.956,-0.030
1574114114880,2019-11-18T16:55:14.880,88.350,0.278,-0.965,-0.031
1574114114890,2019-11-18T16:55:14.890,88.360,0.280,-0.968,-0.034
1574114114900,2019-11-18T16:55:14.900,88.370,0.277,-0.968,-0.035
1574114114910,2019-11-18T16:55:14.910,88.380,0.279,-0.964,-0.036
1574114114920,2019-11-18T16:55:14.920,88.390,0.283,-0.959,-0.038
1574114114930,2019-11-18T16:55:14.930,88.400,0.280,-0.956,-0.039
1574114114940,2019-11-18T16:55:14.940,88.410,0.283,-0.957,-0.044
1574114114950,2019-11-18T16:55:14.950,88.420,0.284,-0.965,-0.045
1574114114960,2019-11-18T16:55:14.960,88.430,0.281,-0.972,-0.046
1574114114970,2019-11-18T16:55:14.970,88.440,0.279,-0.965,-0.049
1574114114980,2019-11-18T16:55:14.980,88.450,0.279,-0.952,-0.047
1574114114990,2019-11-18T16:55:14.990,88.460,0.292,-0.943,-0.042
1574114115000,2019-11-18T16:55:15.000,88.470,0.303,-0.937,-0.043
1574114115010,2019-11-18T16:55:15.010,88.480,0.301,-0.938,-0.045
1574114115020,2019-11-18T16:55:15.020,88.490,0.298,-0.937,-0.046
1574114115030,2019-11-18T16:55:15.030,88.500,0.293,-0.933,-0.050
1574114115040,2019-11-18T16:55:15.040,88.510,0.295,-0.937,-0.046
1574114115050,2019-11-18T16:55:15.050,88.520,0.297,-0.945,-0.048
1574114115060,2019-11-18T16:55:15.060,88.530,0.305,-0.948,-0.048
1574114115070,2019-11-18T16:55:15.070,88.540,0.316,-0.946,-0.043
1574114115080,2019-11-18T16:55:15.080,88.550,0.335,-0.941,-0.037
1574114115090,2019-11-18T16:55:15.090,88.560,0.353,-0.928,-0.031
1574114115100,2019-11-18T16:55:15.100,88.570,0.367,-0.924,-0.023
1574114115110,2019-11-18T16:55:15.110,88.580,0.379,-0.926,-0.015
1574114115120,2019-11-18T16:55:15.120,88.590,0.387,-0.930,-0.013
1574114115130,2019-11-18T16:55:15.130,88.600,0.399,-0.937,-0.010
1574114115140,2019-11-18T16:55:15.140,88.610,0.405,-0.943,-0.004
1574114115150,2019-11-18T16:55:15.150,88.620,0.412,-0.954,-0.006
1574114115160,2019-11-18T16:55:15.160,88.630,0.413,-0.955,-0.007
1574114115170,2019-11-18T16:55:15.170,88.640,0.416,-0.954,-0.007
1574114115180,2019-11-18T16:55:15.180,88.650,0.424,-0.951,-0.007
1574114115190,2019-11-18T16:55:15.190,88.660,0.424,-0.954,-0.009
1574114115200,2019-11-18T16:55:15.200,88.670,0.426,-0.954,-0.007
1574114115210,2019-11-18T16:55:15.210,88.680,0.423,-0.949,-0.003
1574114115220,2019-11-18T16:55:15.220,88.690,0.420,-0.952,-0.004
1574114115230,2019-11-18T16:55:15.230,88.700,0.424,-0.961,-0.009
1574114115240,2019-11-18T16:55:15.240,88.710,0.430,-0.973,-0.006
1574114115250,2019-11-18T16:55:15.250,88.720,0.434,-0.980,-0.006
1574114115260,2019-11-18T16:55:15.260,88.730,0.418,-0.983,-0.009
1574114115270,2019-11-18T16:55:15.270,88.740,0.398,-0.962,-0.013
1574114115280,2019-11-18T16:55:15.280,88.750,0.390,-0.944,-0.015
1574114115290,2019-11-18T16:55:15.290,88.760,0.383,-0.951,-0.015
1574114115300,2019-11-18T16:55:15.300,88.770,0.375,-0.955,-0.016
1574114115310,2019-11-18T16:55:15.310,88.780,0.371,-0.931,-0.017
1574114115320,2019-11-18T16:55:15.320,88.790,0.361,-0.919,-0.016
1574114115330,2019-11-18T16:55:15.330,88.800,0.354,-0.920,-0.017
1574114115340,2019-11-18T16:55:15.340,88.810,0.350,-0.911,-0.017
1574114115350,2019-11-18T16:55:15.350,88.820,0.343,-0.914,-0.020
1574114115360,2019-11-18T16:55:15.360,88.830,0.341,-0.923,-0.021
1574114115370,2019-11-18T16:55:15.370,88.840,0.346,-0.931,-0.021
1574114115380,2019-11-18T16:55:15.380,88.850,0.335,-0.935,-0.021
1574114115390,2019-11-18T16:55:15.390,88.860,0.326,-0.920,-0.023
1574114115400,2019-11-18T16:55:15.400,88.870,0.327,-0.918,-0.022
1574114115410,2019-11-18T16:55:15.410,88.880,0.335,-0.933,-0.019
1574114115420,2019-11-18T16:55:15.420,88.890,0.334,-0.928,-0.018
1574114115430,2019-11-18T16:55:15.430,88.900,0.321,-0.924,-0.016
1574114115440,2019-11-18T16:55:15.440,88.910,0.324,-0.934,-0.022
1574114115450,2019-11-18T16:55:15.450,88.920,0.320,-0.934,-0.025
1574114115460,2019-11-18T16:55:15.460,88.930,0.317,-0.944,-0.027
1574114115470,2019-11-18T16:55:15.470,88.940,0.316,-0.946,-0.031
1574114115480,2019-11-18T16:55:15.480,88.950,0.303,-0.927,-0.029
1574114115490,2019-11-18T16:55:15.490,88.960,0.300,-0.933,-0.027
1574114115500,2019-11-18T16:55:15.500,88.970,0.300,-0.951,-0.034
1574114115510,2019-11-18T16:55:15.510,88.980,0.306,-0.955,-0.036
1574114115520,2019-11-18T16:55:15.520,88.990,0.302,-0.944,-0.035
1574114115530,2019-11-18T16:55:15.530,89.000,0.302,-0.945,-0.038
1574114115540,2019-11-18T16:55:15.540,89.010,0.305,-0.950,-0.040
1574114115550,2019-11-18T16:55:15.550,89.020,0.297,-0.948,-0.041
1574114115560,2019-11-18T16:55:15.560,89.030,0.292,-0.942,-0.042
1574114115570,2019-11-18T16:55:15.570,89.040,0.296,-0.940,-0.043
1574114115580,2019-11-18T16:55:15.580,89.050,0.295,-0.948,-0.044
1574114115590,2019-11-18T16:55:15.590,89.060,0.297,-0.957,-0.045
1574114115600,2019-11-18T16:55:15.600,89.070,0.292,-0.945,-0.045
1574114115610,2019-11-18T16:55:15.610,89.080,0.286,-0.947,-0.046
1574114115620,2019-11-18T16:55:15.620,89.090,0.289,-0.955,-0.046
1574114115630,2019-11-18T16:55:15.630,89.100,0.292,-0.954,-0.049
1574114115640,2019-11-18T16:55:15.640,89.110,0.290,-0.953,-0.050
1574114115650,2019-11-18T16:55:15.650,89.120,0.295,-0.955,-0.048
1574114115660,2019-11-18T16:55:15.660,89.130,0.292,-0.955,-0.051
1574114115670,2019-11-18T16:55:15.670,89.140,0.285,-0.952,-0.055
1574114115680,2019-11-18T16:55:15.680,89.150,0.284,-0.945,-0.064
1574114115690,2019-11-18T16:55:15.690,89.160,0.282,-0.950,-0.065
1574114115700,2019-11-18T16:55:15.700,89.170,0.281,-0.956,-0.071
1574114115710,2019-11-18T16:55:15.710,89.180,0.283,-0.968,-0.070
1574114115720,2019-11-18T16:55:15.720,89.190,0.283,-0.965,-0.078
1574114115730,2019-11-18T16:55:15.730,89.200,0.277,-0.958,-0.076
1574114115740,2019-11-18T16:55:15.740,89.210,0.285,-0.963,-0.077
1574114115750,2019-11-18T16:55:15.750,89.220,0.281,-0.969,-0.079
1574114115760,2019-11-18T16:55:15.760,89.230,0.280,-0.958,-0.080
1574114115770,2019-11-18T16:55:15.770,89.240,0.280,-0.953,-0.077
1574114115780,2019-11-18T16:55:15.780,89.250,0.281,-0.963,-0.081
1574114115790,2019-11-18T16:55:15.790,89.260,0.280,-0.965,-0.081
1574114115800,2019-11-18T16:55:15.800,89.270,0.286,-0.966,-0.082
1574114115810,2019-11-18T16:55:15.810,89.280,0.288,-0.976,-0.083
1574114115820,2019-11-18T16:55:15.820,89.290,0.283,-0.961,-0.078
1574114115830,2019-11-18T16:55:15.830,89.300,0.279,-0.951,-0.076
1574114115840,2019-11-18T16:55:15.840,89.310,0.288,-0.965,-0.074
1574114115850,2019-11-18T16:55:15.850,89.320,0.290,-0.976,-0.068
1574114115860,2019-11-18T16:55:15.860,89.330,0.283,-0.958,-0.072
1574114115870,2019-11-18T16:55:15.870,89.340,0.280,-0.947,-0.075
1574114115880,2019-11-18T16:55:15.880,89.350,0.290,-0.955,-0.078
1574114115890,2019-11-18T16:55:15.890,89.360,0.285,-0.961,-0.084
1574114115900,2019-11-18T16:55:15.900,89.370,0.283,-0.964,-0.083
1574114115910,2019-11-18T16:55:15.910,89.380,0.290,-0.970,-0.084
1574114115920,2019-11-18T16:55:15.920,89.390,0.287,-0.969,-0.087
1574114115930,2019-11-18T16:55:15.930,89.400,0.282,-0.960,-0.083
1574114115940,2019-11-18T16:55:15.940,89.410,0.274,-0.956,-0.084
1574114115950,2019-11-18T16:55:15.950,89.420,0.271,-0.953,-0.085
1574114115960,2019-11-18T16:55:15.960,89.430,0.271,-0.958,-0.085
1574114115970,2019-11-18T16:55:15.970,89.440,0.277,-0.965,-0.087
1574114115980,2019-11-18T16:55:15.980,89.450,0.285,-0.977,-0.088
1574114115990,2019-11-18T16:55:15.990,89.460,0.291,-0.994,-0.085
1574114116000,2019-11-18T16:55:16.000,89.470,0.285,-0.983,-0.083
1574114116010,2019-11-18T16:55:16.010,89.480,0.263,-0.957,-0.083
1574114116020,2019-11-18T16:55:16.020,89.490,0.258,-0.947,-0.077
1574114116030,2019-11-18T16:55:16.030,89.500,0.285,-0.969,-0.082
1574114116040,2019-11-18T16:55:16.040,89.510,0.305,-0.978,-0.075
1574114116050,2019-11-18T16:55:16.050,89.520,0.271,-0.940,-0.083
1574114116060,2019-11-18T16:55:16.060,89.530,0.258,-0.914,-0.067
1574114116070,2019-11-18T16:55:16.070,89.540,0.270,-0.932,-0.072
1574114116080,2019-11-18T16:55:16.080,89.550,0.264,-0.960,-0.079
1574114116090,2019-11-18T16:55:16.090,89.560,0.271,-0.937,-0.068
1574114116100,2019-11-18T16:55:16.100,89.570,0.270,-0.959,-0.078
1574114116110,2019-11-18T16:55:16.110,89.580,0.278,-0.982,-0.077
1574114116120,2019-11-18T16:55:16.120,89.590,0.281,-0.951,-0.065
1574114116130,2019-11-18T16:55:16.130,89.600,0.272,-0.950,-0.069
1574114116140,2019-11-18T16:55:16.140,89.610,0.280,-0.962,-0.079
1574114116150,2019-11-18T16:55:16.150,89.620,0.263,-0.938,-0.062
1574114116160,2019-11-18T16:55:16.160,89.630,0.261,-0.956,-0.084
1574114116170,2019-11-18T16:55:16.170,89.640,0.266,-0.961,-0.080
1574114116180,2019-11-18T16:55:16.180,89.650,0.275,-0.955,-0.079
1574114116190,2019-11-18T16:55:16.190,89.660,0.268,-0.960,-0.077
1574114116200,2019-11-18T16:55:16.200,89.670,0.267,-0.949,-0.084
1574114116210,2019-11-18T16:55:16.210,89.680,0.261,-0.957,-0.081
1574114116220,2019-11-18T16:55:16.220,89.690,0.266,-0.970,-0.078
1574114116230,2019-11-18T16:55:16.230,89.700,0.265,-0.970,-0.080
1574114116240,2019-11-18T16:55:16.240,89.710,0.261,-0.956,-0.075
1574114116250,2019-11-18T16:55:16.250,89.720,0.263,-0.958,-0.073
1574114116260,2019-11-18T16:55:16.260,89.730,0.262,-0.968,-0.071
1574114116270,2019-11-18T16:55:16.270,89.740,0.263,-0.966,-0.069
1574114116280,2019-11-18T16:55:16.280,89.750,0.269,-0.955,-0.066
1574114116290,2019-11-18T16:55:16.290,89.760,0.265,-0.954,-0.065
1574114116300,2019-11-18T16:55:16.300,89.770,0.261,-0.953,-0.063
1574114116310,2019-11-18T16:55:16.310,89.780,0.276,-0.963,-0.065
1574114116320,2019-11-18T16:55:16.320,89.790,0.258,-0.947,-0.063
1574114116330,2019-11-18T16:55:16.330,89.800,0.266,-0.955,-0.063
1574114116340,2019-11-18T16:55:16.340,89.810,0.271,-0.975,-0.069
1574114116350,2019-11-18T16:55:16.350,89.820,0.260,-0.956,-0.065
1574114116360,2019-11-18T16:55:16.360,89.830,0.263,-0.944,-0.063
1574114116370,2019-11-18T16:55:16.370,89.840,0.271,-0.963,-0.068
1574114116380,2019-11-18T16:55:16.380,89.850,0.270,-0.963,-0.058
1574114116390,2019-11-18T16:55:16.390,89.860,0.270,-0.962,-0.062
1574114116400,2019-11-18T16:55:16.400,89.870,0.262,-0.955,-0.059
1574114116410,2019-11-18T16:55:16.410,89.880,0.268,-0.963,-0.052
1574114116420,2019-11-18T16:55:16.420,89.890,0.269,-0.978,-0.054
1574114116430,2019-11-18T16:55:16.430,89.900,0.267,-0.953,-0.055
1574114116440,2019-11-18T16:55:16.440,89.910,0.270,-0.959,-0.056
1574114116450,2019-11-18T16:55:16.450,89.920,0.267,-0.966,-0.055
1574114116460,2019-11-18T16:55:16.460,89.930,0.263,-0.949,-0.054
1574114116470,2019-11-18T16:55:16.470,89.940,0.260,-0.952,-0.054
1574114116480,2019-11-18T16:55:16.480,89.950,0.260,-0.956,-0.057
1574114116490,2019-11-18T16:55:16.490,89.960,0.260,-0.948,-0.055
1574114116500,2019-11-18T16:55:16.500,89.970,0.265,-0.949,-0.056
1574114116510,2019-11-18T16:55:16.510,89.980,0.269,-0.963,-0.061
1574114116520,2019-11-18T16:55:16.520,89.990,0.271,-0.965,-0.063
1574114116530,2019-11-18T16:55:16.530,90.000,0.251,-0.943,-0.061
1574114116540,2019-11-18T16:55:16.540,90.010,0.253,-0.945,-0.064
1574114116550,2019-11-18T16:55:16.550,90.020,0.259,-0.958,-0.066
1574114116560,2019-11-18T16:55:16.560,90.030,0.260,-0.966,-0.069
1574114116570,2019-11-18T16:55:16.570,90.040,0.268,-0.980,-0.072
1574114116580,2019-11-18T16:55:16.580,90.050,0.252,-0.960,-0.072
1574114116590,2019-11-18T16:55:16.590,90.060,0.252,-0.958,-0.068
1574114116600,2019-11-18T16:55:16.600,90.070,0.252,-0.964,-0.068
1574114116610,2019-11-18T16:55:16.610,90.080,0.246,-0.965,-0.070
1574114116620,2019-11-18T16:55:16.620,90.090,0.252,-0.971,-0.073
1574114116630,2019-11-18T16:55:16.630,90.100,0.257,-0.968,-0.073
1574114116640,2019-11-18T16:55:16.640,90.110,0.260,-0.975,-0.078
1574114116650,2019-11-18T16:55:16.650,90.120,0.249,-0.961,-0.078
1574114116660,2019-11-18T16:55:16.660,90.130,0.249,-0.953,-0.078
1574114116670,2019-11-18T16:55:16.670,90.140,0.249,-0.954,-0.079
1574114116680,2019-11-18T16:55:16.680,90.150,0.253,-0.958,-0.080
1574114116690,2019-11-18T16:55:16.690,90.160,0.256,-0.969,-0.078
1574114116700,2019-11-18T16:55:16.700,90.170,0.254,-0.963,-0.067
1574114116710,2019-11-18T16:55:16.710,90.180,0.254,-0.972,-0.068
1574114116720,2019-11-18T16:55:16.720,90.190,0.250,-0.967,-0.066
1574114116730,2019-11-18T16:55:16.730,90.200,0.245,-0.954,-0.068
1574114116740,2019-11-18T16:55:16.740,90.210,0.249,-0.947,-0.066
1574114116750,2019-11-18T16:55:16.750,90.220,0.252,-0.967,-0.062
1574114116760,2019-11-18T16:55:16.760,90.230,0.257,-0.958,-0.062
1574114116770,2019-11-18T16:55:16.770,90.240,0.260,-0.940,-0.052
1574114116780,2019-11-18T16:55:16.780,90.250,0.262,-0.970,-0.050
1574114116790,2019-11-18T16:55:16.790,90.260,0.281,-0.974,-0.050
1574114116800,2019-11-18T16:55:16.800,90.270,0.273,-0.959,-0.052
1574114116810,2019-11-18T16:55:16.810,90.280,0.261,-0.945,-0.049
1574114116820,2019-11-18T16:55:16.820,90.290,0.268,-0.937,-0.047
1574114116830,2019-11-18T16:55:16.830,90.300,0.269,-0.939,-0.047
1574114116840,2019-11-18T16:55:16.840,90.310,0.272,-0.937,-0.047
1574114116850,2019-11-18T16:55:16.850,90.320,0.271,-0.940,-0.047
1574114116860,2019-11-18T16:55:16.860,90.330,0.280,-0.969,-0.053
1574114116870,2019-11-18T16:55:16.870,90.340,0.290,-0.975,-0.051
1574114116880,2019-11-18T16:55:16.880,90.350,0.282,-0.968,-0.050
1574114116890,2019-11-18T16:55:16.890,90.360,0.276,-0.962,-0.052
1574114116900,2019-11-18T16:55:16.900,90.370,0.276,-0.953,-0.051
1574114116910,2019-11-18T16:55:16.910,90.380,0.276,-0.953,-0.052
1574114116920,2019-11-18T16:55:16.920,90.390,0.279,-0.956,-0.050
1574114116930,2019-11-18T16:55:16.930,90.400,0.286,-0.954,-0.049
1574114116940,2019-11-18T16:55:16.940,90.410,0.285,-0.955,-0.051
1574114116950,2019-11-18T16:55:16.950,90.420,0.287,-0.954,-0.048
1574114116960,2019-11-18T16:55:16.960,90.430,0.287,-0.959,-0.046
1574114116970,2019-11-18T16:55:16.970,90.440,0.291,-0.957,-0.046
1574114116980,2019-11-18T16:55:16.980,90.450,0.291,-0.967,-0.043
1574114116990,2019-11-18T16:55:16.990,90.460,0.300,-0.977,-0.047
1574114117000,2019-11-18T16:55:17.000,90.470,0.290,-0.947,-0.045
1574114117010,2019-11-18T16:55:17.010,90.480,0.278,-0.932,-0.045
1574114117020,2019-11-18T16:55:17.020,90.490,0.285,-0.939,-0.048
1574114117030,2019-11-18T16:55:17.030,90.500,0.286,-0.940,-0.048
1574114117040,2019-11-18T16:55:17.040,90.510,0.277,-0.938,-0.054
1574114117050,2019-11-18T16:55:17.050,90.520,0.272,-0.926,-0.051
1574114117060,2019-11-18T16:55:17.060,90.530,0.271,-0.923,-0.051
1574114117070,2019-11-18T16:55:17.070,90.540,0.271,-0.930,-0.053
1574114117080,2019-11-18T16:55:17.080,90.550,0.268,-0.926,-0.053
1574114117090,2019-11-18T16:55:17.090,90.560,0.263,-0.912,-0.050
1574114117100,2019-11-18T16:55:17.100,90.570,0.266,-0.921,-0.048
1574114117110,2019-11-18T16:55:17.110,90.580,0.274,-0.930,-0.045
1574114117120,2019-11-18T16:55:17.120,90.590,0.288,-0.927,-0.044
1574114117130,2019-11-18T16:55:17.130,90.600,0.292,-0.932,-0.040
1574114117140,2019-11-18T16:55:17.140,90.610,0.303,-0.928,-0.040
1574114117150,2019-11-18T16:55:17.150,90.620,0.317,-0.918,-0.036
1574114117160,2019-11-18T16:55:17.160,90.630,0.331,-0.914,-0.031
1574114117170,2019-11-18T16:55:17.170,90.640,0.343,-0.913,-0.031
1574114117180,2019-11-18T16:55:17.180,90.650,0.349,-0.915,-0.032
1574114117190,2019-11-18T16:55:17.190,90.660,0.362,-0.918,-0.028
1574114117200,2019-11-18T16:55:17.200,90.670,0.376,-0.918,-0.023
1574114117210,2019-11-18T16:55:17.210,90.680,0.387,-0.926,-0.023
1574114117220,2019-11-18T16:55:17.220,90.690,0.399,-0.924,-0.022
1574114117230,2019-11-18T16:55:17.230,90.700,0.407,-0.908,-0.021
1574114117240,2019-11-18T16:55:17.240,90.710,0.424,-0.911,-0.018
1574114117250,2019-11-18T16:55:17.250,90.720,0.435,-0.911,-0.015
1574114117260,2019-11-18T16:55:17.260,90.730,0.449,-0.907,-0.015
1574114117270,2019-11-18T16:55:17.270,90.740,0.456,-0.904,-0.017
1574114117280,2019-11-18T16:55:17.280,90.750,0.458,-0.911,-0.018
1574114117290,2019-11-18T16:55:17.290,90.760,0.473,-0.910,-0.018
1574114117300,2019-11-18T16:55:17.300,90.770,0.478,-0.909,-0.017
1574114117310,2019-11-18T16:55:17.310,90.780,0.479,-0.908,-0.016
1574114117320,2019-11-18T16:55:17.320,90.790,0.487,-0.905,-0.017
1574114117330,2019-11-18T16:55:17.330,90.800,0.493,-0.904,-0.021
1574114117340,2019-11-18T16:55:17.340,90.810,0.494,-0.897,-0.023
1574114117350,2019-11-18T16:55:17.350,90.820,0.494,-0.897,-0.025
1574114117360,2019-11-18T16:55:17.360,90.830,0.497,-0.893,-0.025
1574114117370,2019-11-18T16:55:17.370,90.840,0.502,-0.896,-0.028
1574114117380,2019-11-18T16:55:17.380,90.850,0.504,-0.901,-0.027
1574114117390,2019-11-18T16:55:17.390,90.860,0.506,-0.896,-0.029
1574114117400,2019-11-18T16:55:17.400,90.870,0.504,-0.883,-0.025
1574114117410,2019-11-18T16:55:17.410,90.880,0.506,-0.878,-0.028
1574114117420,2019-11-18T16:55:17.420,90.890,0.517,-0.885,-0.027
1574114117430,2019-11-18T16:55:17.430,90.900,0.522,-0.881,-0.025
1574114117440,2019-11-18T16:55:17.440,90.910,0.527,-0.880,-0.025
1574114117450,2019-11-18T16:55:17.450,90.920,0.528,-0.875,-0.027
1574114117460,2019-11-18T16:55:17.460,90.930,0.532,-0.871,-0.027
1574114117470,2019-11-18T16:55:17.470,90.940,0.533,-0.873,-0.030
1574114117480,2019-11-18T16:55:17.480,90.950,0.529,-0.872,-0.028
1574114117490,2019-11-18T16:55:17.490,90.960,0.530,-0.870,-0.028
1574114117500,2019-11-18T16:55:17.500,90.970,0.534,-0.869,-0.030
1574114117510,2019-11-18T16:55:17.510,90.980,0.536,-0.867,-0.031
1574114117520,2019-11-18T16:55:17.520,90.990,0.536,-0.868,-0.031
1574114117530,2019-11-18T16:55:17.530,91.000,0.536,-0.864,-0.033
1574114117540,2019-11-18T16:55:17.540,91.010,0.538,-0.864,-0.035
1574114117550,2019-11-18T16:55:17.550,91.020,0.541,-0.879,-0.035
1574114117560,2019-11-18T16:55:17.560,91.030,0.536,-0.880,-0.034
1574114117570,2019-11-18T16:55:17.570,91.040,0.534,-0.869,-0.034
1574114117580,2019-11-18T16:55:17.580,91.050,0.532,-0.866,-0.036
1574114117590,2019-11-18T16:55:17.590,91.060,0.534,-0.861,-0.036
1574114117600,2019-11-18T16:55:17.600,91.070,0.537,-0.856,-0.038
1574114117610,2019-11-18T16:55:17.610,91.080,0.535,-0.856,-0.037
1574114117620,2019-11-18T16:55:17.620,91.090,0.537,-0.854,-0.037
1574114117630,2019-11-18T16:55:17.630,91.100,0.537,-0.856,-0.038
1574114117640,2019-11-18T16:55:17.640,91.110,0.541,-0.859,-0.038
1574114117650,2019-11-18T16:55:17.650,91.120,0.542,-0.855,-0.038
1574114117660,2019-11-18T16:55:17.660,91.130,0.537,-0.856,-0.038
1574114117670,2019-11-18T16:55:17.670,91.140,0.542,-0.856,-0.035
1574114117680,2019-11-18T16:55:17.680,91.150,0.541,-0.854,-0.036
1574114117690,2019-11-18T16:55:17.690,91.160,0.543,-0.850,-0.038
1574114117700,2019-11-18T16:55:17.700,91.170,0.549,-0.846,-0.040
1574114117710,2019-11-18T16:55:17.710,91.180,0.549,-0.846,-0.043
1574114117720,2019-11-18T16:55:17.720,91.190,0.540,-0.847,-0.041
1574114117730,2019-11-18T16:55:17.730,91.200,0.540,-0.845,-0.042
1574114117740,2019-11-18T16:55:17.740,91.210,0.543,-0.847,-0.042
1574114117750,2019-11-18T16:55:17.750,91.220,0.544,-0.848,-0.045
1574114117760,2019-11-18T16:55:17.760,91.230,0.545,-0.852,-0.050
1574114117770,2019-11-18T16:55:17.770,91.240,0.545,-0.854,-0.050
1574114117780,2019-11-18T16:55:17.780,91.250,0.545,-0.857,-0.049
1574114117790,2019-11-18T16:55:17.790,91.260,0.544,-0.856,-0.050
1574114117800,2019-11-18T16:55:17.800,91.270,0.550,-0.852,-0.050
1574114117810,2019-11-18T16:55:17.810,91.280,0.546,-0.854,-0.048
1574114117820,2019-11-18T16:55:17.820,91.290,0.547,-0.853,-0.051
1574114117830,2019-11-18T16:55:17.830,91.300,0.548,-0.851,-0.050
1574114117840,2019-11-18T16:55:17.840,91.310,0.554,-0.854,-0.053
1574114117850,2019-11-18T16:55:17.850,91.320,0.556,-0.853,-0.052
1574114117860,2019-11-18T16:55:17.860,91.330,0.553,-0.859,-0.050
1574114117870,2019-11-18T16:55:17.870,91.340,0.564,-0.868,-0.048
1574114117880,2019-11-18T16:55:17.880,91.350,0.575,-0.874,-0.046
1574114117890,2019-11-18T16:55:17.890,91.360,0.580,-0.885,-0.042
1574114117900,2019-11-18T16:55:17.900,91.370,0.591,-0.900,-0.039
1574114117910,2019-11-18T16:55:17.910,91.380,0.601,-0.919,-0.032
1574114117920,2019-11-18T16:55:17.920,91.390,0.612,-0.946,-0.025
1574114117930,2019-11-18T16:55:17.930,91.400,0.641,-0.987,-0.022
1574114117940,2019-11-18T16:55:17.940,91.410,0.675,-1.027,-0.016
1574114117950,2019-11-18T16:55:17.950,91.420,0.693,-1.015,-0.011
1574114117960,2019-11-18T16:55:17.960,91.430,0.690,-0.960,-0.012
1574114117970,2019-11-18T16:55:17.970,91.440,0.664,-0.926,-0.014
1574114117980,2019-11-18T16:55:17.980,91.450,0.640,-0.906,-0.021
1574114117990,2019-11-18T16:55:17.990,91.460,0.605,-0.895,-0.027
1574114118000,2019-11-18T16:55:18.000,91.470,0.574,-0.877,-0.031
1574114118010,2019-11-18T16:55:18.010,91.480,0.534,-0.857,-0.038
1574114118020,2019-11-18T16:55:18.020,91.490,0.504,-0.844,-0.042
1574114118030,2019-11-18T16:55:18.030,91.500,0.475,-0.835,-0.049
1574114118040,2019-11-18T16:55:18.040,91.510,0.448,-0.835,-0.049
1574114118050,2019-11-18T16:55:18.050,91.520,0.417,-0.835,-0.051
1574114118060,2019-11-18T16:55:18.060,91.530,0.392,-0.833,-0.050
1574114118070,2019-11-18T16:55:18.070,91.540,0.370,-0.837,-0.049
1574114118080,2019-11-18T16:55:18.080,91.550,0.348,-0.851,-0.053
1574114118090,2019-11-18T16:55:18.090,91.560,0.337,-0.870,-0.050
1574114118100,2019-11-18T16:55:18.100,91.570,0.319,-0.880,-0.047
1574114118110,2019-11-18T16:55:18.110,91.580,0.303,-0.882,-0.042
1574114118120,2019-11-18T16:55:18.120,91.590,0.294,-0.888,-0.042
1574114118130,2019-11-18T16:55:18.130,91.600,0.283,-0.898,-0.039
1574114118140,2019-11-18T16:55:18.140,91.610,0.271,-0.908,-0.035
1574114118150,2019-11-18T16:55:18.150,91.620,0.267,-0.915,-0.030
1574114118160,2019-11-18T16:55:18.160,91.630,0.261,-0.918,-0.028
1574114118170,2019-11-18T16:55:18.170,91.640,0.259,-0.927,-0.027
1574114118180,2019-11-18T16:55:18.180,91.650,0.261,-0.926,-0.025
1574114118190,2019-11-18T16:55:18.190,91.660,0.253,-0.917,-0.024
1574114118200,2019-11-18T16:55:18.200,91.670,0.250,-0.914,-0.023
1574114118210,2019-11-18T16:55:18.210,91.680,0.252,-0.923,-0.025
1574114118220,2019-11-18T16:55:18.220,91.690,0.253,-0.931,-0.024
1574114118230,2019-11-18T16:55:18.230,91.700,0.253,-0.929,-0.022
1574114118240,2019-11-18T16:55:18.240,91.710,0.249,-0.925,-0.020
1574114118250,2019-11-18T16:55:18.250,91.720,0.251,-0.931,-0.021
1574114118260,2019-11-18T16:55:18.260,91.730,0.253,-0.945,-0.026
1574114118270,2019-11-18T16:55:18.270,91.740,0.256,-0.940,-0.025
1574114118280,2019-11-18T16:55:18.280,91.750,0.251,-0.938,-0.026
1574114118290,2019-11-18T16:55:18.290,91.760,0.249,-0.949,-0.030
1574114118300,2019-11-18T16:55:18.300,91.770,0.249,-0.959,-0.037
1574114118310,2019-11-18T16:55:18.310,91.780,0.247,-0.967,-0.043
1574114118320,2019-11-18T16:55:18.320,91.790,0.243,-0.969,-0.045
1574114118330,2019-11-18T16:55:18.330,91.800,0.246,-0.975,-0.049
1574114118340,2019-11-18T16:55:18.340,91.810,0.248,-0.992,-0.052
1574114118350,2019-11-18T16:55:18.350,91.820,0.241,-0.995,-0.063
1574114118360,2019-11-18T16:55:18.360,91.830,0.228,-0.988,-0.069
1574114118370,2019-11-18T16:55:18.370,91.840,0.212,-0.995,-0.083
1574114118380,2019-11-18T16:55:18.380,91.850,0.205,-1.008,-0.094
1574114118390,2019-11-18T16:55:18.390,91.860,0.208,-1.006,-0.097
1574114118400,2019-11-18T16:55:18.400,91.870,0.214,-1.000,-0.090
1574114118410,2019-11-18T16:55:18.410,91.880,0.217,-0.997,-0.085
1574114118420,2019-11-18T16:55:18.420,91.890,0.229,-0.999,-0.079
1574114118430,2019-11-18T16:55:18.430,91.900,0.237,-0.996,-0.075
1574114118440,2019-11-18T16:55:18.440,91.910,0.232,-0.989,-0.074
1574114118450,2019-11-18T16:55:18.450,91.920,0.230,-0.989,-0.071
1574114118460,2019-11-18T16:55:18.460,91.930,0.245,-0.988,-0.064
1574114118470,2019-11-18T16:55:18.470,91.940,0.253,-0.973,-0.053
1574114118480,2019-11-18T16:55:18.480,91.950,0.265,-0.966,-0.041
1574114118490,2019-11-18T16:55:18.490,91.960,0.287,-0.955,-0.026
1574114118500,2019-11-18T16:55:18.500,91.970,0.303,-0.948,-0.010
1574114118510,2019-11-18T16:55:18.510,91.980,0.311,-0.955,-0.000
1574114118520,2019-11-18T16:55:18.520,91.990,0.316,-0.954,0.013
1574114118530,2019-11-18T16:55:18.530,92.000,0.333,-0.936,0.027
1574114118540,2019-11-18T16:55:18.540,92.010,0.342,-0.931,0.040
1574114118550,2019-11-18T16:55:18.550,92.020,0.345,-0.932,0.044
1574114118560,2019-11-18T16:55:18.560,92.030,0.351,-0.926,0.055
1574114118570,2019-11-18T16:55:18.570,92.040,0.352,-0.922,0.064
1574114118580,2019-11-18T16:55:18.580,92.050,0.356,-0.925,0.065
1574114118590,2019-11-18T16:55:18.590,92.060,0.366,-0.922,0.070
1574114118600,2019-11-18T16:55:18.600,92.070,0.368,-0.922,0.075
1574114118610,2019-11-18T16:55:18.610,92.080,0.364,-0.934,0.076
1574114118620,2019-11-18T16:55:18.620,92.090,0.364,-0.938,0.076
1574114118630,2019-11-18T16:55:18.630,92.100,0.363,-0.928,0.079
1574114118640,2019-11-18T16:55:18.640,92.110,0.360,-0.916,0.082
1574114118650,2019-11-18T16:55:18.650,92.120,0.361,-0.914,0.083
1574114118660,2019-11-18T16:55:18.660,92.130,0.362,-0.918,0.084
1574114118670,2019-11-18T16:55:18.670,92.140,0.365,-0.923,0.083
1574114118680,2019-11-18T16:55:18.680,92.150,0.373,-0.925,0.084
1574114118690,2019-11-18T16:55:18.690,92.160,0.362,-0.920,0.085
1574114118700,2019-11-18T16:55:18.700,92.170,0.358,-0.925,0.085
1574114118710,2019-11-18T16:55:18.710,92.180,0.362,-0.937,0.085
1574114118720,2019-11-18T16:55:18.720,92.190,0.357,-0.951,0.080
1574114118730,2019-11-18T16:55:18.730,92.200,0.358,-0.933,0.079
1574114118740,2019-11-18T16:55:18.740,92.210,0.343,-0.941,0.080
1574114118750,2019-11-18T16:55:18.750,92.220,0.352,-0.954,0.076
1574114118760,2019-11-18T16:55:18.760,92.230,0.351,-0.949,0.075
1574114118770,2019-11-18T16:55:18.770,92.240,0.341,-0.946,0.073
1574114118780,2019-11-18T16:55:18.780,92.250,0.345,-0.955,0.071
1574114118790,2019-11-18T16:55:18.790,92.260,0.346,-0.958,0.068
1574114118800,2019-11-18T16:55:18.800,92.270,0.341,-0.953,0.067
1574114118810,2019-11-18T16:55:18.810,92.280,0.339,-0.949,0.065
1574114118820,2019-11-18T16:55:18.820,92.290,0.340,-0.952,0.068
1574114118830,2019-11-18T16:55:18.830,92.300,0.345,-0.955,0.065
1574114118840,2019-11-18T16:55:18.840,92.310,0.342,-0.956,0.067
1574114118850,2019-11-18T16:55:18.850,92.320,0.343,-0.955,0.065
1574114118860,2019-11-18T16:55:18.860,92.330,0.343,-0.953,0.065
1574114118870,2019-11-18T16:55:18.870,92.340,0.343,-0.956,0.066
1574114118880,2019-11-18T16:55:18.880,92.350,0.334,-0.952,0.065
1574114118890,2019-11-18T16:55:18.890,92.360,0.332,-0.948,0.065
1574114118900,2019-11-18T16:55:18.900,92.370,0.334,-0.949,0.065
1574114118910,2019-11-18T16:55:18.910,92.380,0.334,-0.946,0.064
1574114118920,2019-11-18T16:55:18.920,92.390,0.335,-0.939,0.066
1574114118930,2019-11-18T16:55:18.930,92.400,0.340,-0.944,0.067
1574114118940,2019-11-18T16:55:18.940,92.410,0.345,-0.947,0.067
1574114118950,2019-11-18T16:55:18.950,92.420,0.349,-0.943,0.073
1574114118960,2019-11-18T16:55:18.960,92.430,0.358,-0.944,0.073
1574114118970,2019-11-18T16:55:18.970,92.440,0.358,-0.942,0.078
1574114118980,2019-11-18T16:55:18.980,92.450,0.362,-0.939,0.080
1574114118990,2019-11-18T16:55:18.990,92.460,0.364,-0.938,0.085
1574114119000,2019-11-18T16:55:19.000,92.470,0.361,-0.937,0.087
1574114119010,2019-11-18T16:55:19.010,92.480,0.362,-0.928,0.087
1574114119020,2019-11-18T16:55:19.020,92.490,0.363,-0.927,0.084
1574114119030,2019-11-18T16:55:19.030,92.500,0.364,-0.934,0.083
1574114119040,2019-11-18T16:55:19.040,92.510,0.364,-0.932,0.078
1574114119050,2019-11-18T16:55:19.050,92.520,0.352,-0.930,0.074
1574114119060,2019-11-18T16:55:19.060,92.530,0.348,-0.932,0.069
1574114119070,2019-11-18T16:55:19.070,92.540,0.348,-0.942,0.065
1574114119080,2019-11-18T16:55:19.080,92.550,0.343,-0.946,0.062
1574114119090,2019-11-18T16:55:19.090,92.560,0.333,-0.950,0.055
1574114119100,2019-11-18T16:55:19.100,92.570,0.333,-0.945,0.055
1574114119110,2019-11-18T16:55:19.110,92.580,0.334,-0.936,0.055
1574114119120,2019-11-18T16:55:19.120,92.590,0.329,-0.942,0.054
1574114119130,2019-11-18T16:55:19.130,92.600,0.329,-0.955,0.048
1574114119140,2019-11-18T16:55:19.140,92.610,0.328,-0.963,0.041
1574114119150,2019-11-18T16:55:19.150,92.620,0.318,-0.966,0.037
1574114119160,2019-11-18T16:55:19.160,92.630,0.320,-0.977,0.033
1574114119170,2019-11-18T16:55:19.170,92.640,0.317,-0.974,0.031
1574114119180,2019-11-18T16:55:19.180,92.650,0.313,-0.955,0.029
1574114119190,2019-11-18T16:55:19.190,92.660,0.313,-0.950,0.025
1574114119200,2019-11-18T16:55:19.200,92.670,0.312,-0.957,0.017
1574114119210,2019-11-18T16:55:19.210,92.680,0.303,-0.962,0.009
1574114119220,2019-11-18T16:55:19.220,92.690,0.295,-0.961,0.001
1574114119230,2019-11-18T16:55:19.230,92.700,0.285,-0.966,-0.010
1574114119240,2019-11-18T16:55:19.240,92.710,0.281,-0.974,-0.021
1574114119250,2019-11-18T16:55:19.250,92.720,0.288,-0.974,-0.029
1574114119260,2019-11-18T16:55:19.260,92.730,0.294,-0.970,-0.028
1574114119270,2019-11-18T16:55:19.270,92.740,0.302,-0.949,-0.025
1574114119280,2019-11-18T16:55:19.280,92.750,0.302,-0.927,-0.020
1574114119290,2019-11-18T16:55:19.290,92.760,0.309,-0.940,-0.021
1574114119300,2019-11-18T16:55:19.300,92.770,0.319,-0.964,-0.023
1574114119310,2019-11-18T16:55:19.310,92.780,0.330,-0.979,-0.018
1574114119320,2019-11-18T16:55:19.320,92.790,0.353,-0.971,-0.010
1574114119330,2019-11-18T16:55:19.330,92.800,0.372,-0.955,-0.001
1574114119340,2019-11-18T16:55:19.340,92.810,0.382,-0.935,0.013
1574114119350,2019-11-18T16:55:19.350,92.820,0.398,-0.921,0.024
1574114119360,2019-11-18T16:55:19.360,92.830,0.419,-0.916,0.039
1574114119370,2019-11-18T16:55:19.370,92.840,0.437,-0.906,0.056
1574114119380,2019-11-18T16:55:19.380,92.850,0.441,-0.893,0.067
1574114119390,2019-11-18T16:55:19.390,92.860,0.448,-0.904,0.074
1574114119400,2019-11-18T16:55:19.400,92.870,0.461,-0.927,0.076
1574114119410,2019-11-18T16:55:19.410,92.880,0.466,-0.917,0.085
1574114119420,2019-11-18T16:55:19.420,92.890,0.469,-0.903,0.098
1574114119430,2019-11-18T16:55:19.430,92.900,0.476,-0.905,0.109
1574114119440,2019-11-18T16:55:19.440,92.910,0.481,-0.911,0.118
1574114119450,2019-11-18T16:55:19.450,92.920,0.476,-0.921,0.124
1574114119460,2019-11-18T16:55:19.460,92.930,0.474,-0.936,0.121
1574114119470,2019-11-18T16:55:19.470,92.940,0.468,-0.930,0.118
1574114119480,2019-11-18T16:55:19.480,92.950,0.464,-0.910,0.129
1574114119490,2019-11-18T16:55:19.490,92.960,0.469,-0.907,0.134
1574114119500,2019-11-18T16:55:19.500,92.970,0.469,-0.903,0.133
1574114119510,2019-11-18T16:55:19.510,92.980,0.459,-0.898,0.141
1574114119520,2019-11-18T16:55:19.520,92.990,0.455,-0.898,0.147
1574114119530,2019-11-18T16:55:19.530,93.000,0.456,-0.901,0.147
1574114119540,2019-11-18T16:55:19.540,93.010,0.449,-0.900,0.152
1574114119550,2019-11-18T16:55:19.550,93.020,0.445,-0.900,0.156
1574114119560,2019-11-18T16:55:19.560,93.030,0.440,-0.898,0.155
1574114119570,2019-11-18T16:55:19.570,93.040,0.434,-0.905,0.156
1574114119580,2019-11-18T16:55:19.580,93.050,0.433,-0.913,0.151
1574114119590,2019-11-18T16:55:19.590,93.060,0.431,-0.914,0.140
1574114119600,2019-11-18T16:55:19.600,93.070,0.426,-0.919,0.137
1574114119610,2019-11-18T16:55:19.610,93.080,0.420,-0.913,0.137
1574114119620,2019-11-18T16:55:19.620,93.090,0.415,-0.899,0.140
1574114119630,2019-11-18T16:55:19.630,93.100,0.413,-0.905,0.139
1574114119640,2019-11-18T16:55:19.640,93.110,0.415,-0.912,0.136
1574114119650,2019-11-18T16:55:19.650,93.120,0.415,-0.913,0.143
1574114119660,2019-11-18T16:55:19.660,93.130,0.412,-0.917,0.143
1574114119670,2019-11-18T16:55:19.670,93.140,0.409,-0.911,0.146
1574114119680,2019-11-18T16:55:19.680,93.150,0.410,-0.911,0.144
1574114119690,2019-11-18T16:55:19.690,93.160,0.408,-0.916,0.142
1574114119700,2019-11-18T16:55:19.700,93.170,0.409,-0.917,0.139
1574114119710,2019-11-18T16:55:19.710,93.180,0.403,-0.921,0.133
1574114119720,2019-11-18T16:55:19.720,93.190,0.396,-0.931,0.129
1574114119730,2019-11-18T16:55:19.730,93.200,0.399,-0.926,0.133
1574114119740,2019-11-18T16:55:19.740,93.210,0.406,-0.920,0.135
1574114119750,2019-11-18T16:55:19.750,93.220,0.405,-0.915,0.135
1574114119760,2019-11-18T16:55:19.760,93.230,0.404,-0.907,0.137
1574114119770,2019-11-18T16:55:19.770,93.240,0.412,-0.908,0.140
1574114119780,2019-11-18T16:55:19.780,93.250,0.415,-0.908,0.143
1574114119790,2019-11-18T16:55:19.790,93.260,0.416,-0.898,0.141
1574114119800,2019-11-18T16:55:19.800,93.270,0.414,-0.903,0.140
1574114119810,2019-11-18T16:55:19.810,93.280,0.410,-0.917,0.134
1574114119820,2019-11-18T16:55:19.820,93.290,0.406,-0.919,0.131
1574114119830,2019-11-18T16:55:19.830,93.300,0.405,-0.920,0.131
1574114119840,2019-11-18T16:55:19.840,93.310,0.409,-0.921,0.130
1574114119850,2019-11-18T16:55:19.850,93.320,0.410,-0.916,0.133
1574114119860,2019-11-18T16:55:19.860,93.330,0.412,-0.916,0.133
1574114119870,2019-11-18T16:55:19.870,93.340,0.412,-0.917,0.134
1574114119880,2019-11-18T16:55:19.880,93.350,0.408,-0.919,0.132
1574114119890,2019-11-18T16:55:19.890,93.360,0.406,-0.932,0.131
1574114119900,2019-11-18T16:55:19.900,93.370,0.406,-0.943,0.127
1574114119910,2019-11-18T16:55:19.910,93.380,0.402,-0.949,0.122
1574114119920,2019-11-18T16:55:19.920,93.390,0.403,-0.949,0.120
1574114119930,2019-11-18T16:55:19.930,93.400,0.403,-0.938,0.115
1574114119940,2019-11-18T16:55:19.940,93.410,0.401,-0.925,0.112
1574114119950,2019-11-18T16:55:19.950,93.420,0.399,-0.911,0.112
1574114119960,2019-11-18T16:55:19.960,93.430,0.399,-0.906,0.112
1574114119970,2019-11-18T16:55:19.970,93.440,0.399,-0.915,0.109
1574114119980,2019-11-18T16:55:19.980,93.450,0.394,-0.926,0.101
1574114119990,2019-11-18T16:55:19.990,93.460,0.391,-0.929,0.096
1574114120000,2019-11-18T16:55:20.000,93.470,0.390,-0.928,0.088
1574114120010,2019-11-18T16:55:20.010,93.480,0.384,-0.927,0.087
1574114120020,2019-11-18T16:55:20.020,93.490,0.384,-0.929,0.083
1574114120030,2019-11-18T16:55:20.030,93.500,0.380,-0.928,0.083
1574114120040,2019-11-18T16:55:20.040,93.510,0.380,-0.931,0.081
1574114120050,2019-11-18T16:55:20.050,93.520,0.380,-0.933,0.080
1574114120060,2019-11-18T16:55:20.060,93.530,0.376,-0.930,0.080
1574114120070,2019-11-18T16:55:20.070,93.540,0.371,-0.937,0.078
1574114120080,2019-11-18T16:55:20.080,93.550,0.374,-0.951,0.074
1574114120090,2019-11-18T16:55:20.090,93.560,0.374,-0.947,0.075
1574114120100,2019-11-18T16:55:20.100,93.570,0.367,-0.933,0.076
1574114120110,2019-11-18T16:55:20.110,93.580,0.364,-0.930,0.079
1574114120120,2019-11-18T16:55:20.120,93.590,0.370,-0.932,0.079
1574114120130,2019-11-18T16:55:20.130,93.600,0.376,-0.930,0.082
1574114120140,2019-11-18T16:55:20.140,93.610,0.379,-0.927,0.082
1574114120150,2019-11-18T16:55:20.150,93.620,0.378,-0.922,0.084
1574114120160,2019-11-18T16:55:20.160,93.630,0.376,-0.928,0.083
1574114120170,2019-11-18T16:55:20.170,93.640,0.377,-0.936,0.083
1574114120180,2019-11-18T16:55:20.180,93.650,0.381,-0.939,0.084
1574114120190,2019-11-18T16:55:20.190,93.660,0.382,-0.932,0.084
1574114120200,2019-11-18T16:55:20.200,93.670,0.379,-0.933,0.083
1574114120210,2019-11-18T16:55:20.210,93.680,0.377,-0.941,0.080
1574114120220,2019-11-18T16:55:20.220,93.690,0.381,-0.936,0.079
1574114120230,2019-11-18T16:55:20.230,93.700,0.378,-0.924,0.080
1574114120240,2019-11-18T16:55:20.240,93.710,0.379,-0.928,0.078
1574114120250,2019-11-18T16:55:20.250,93.720,0.380,-0.931,0.079
1574114120260,2019-11-18T16:55:20.260,93.730,0.379,-0.925,0.082
1574114120270,2019-11-18T16:55:20.270,93.740,0.380,-0.924,0.081
1574114120280,2019-11-18T16:55:20.280,93.750,0.377,-0.928,0.083
1574114120290,2019-11-18T16:55:20.290,93.760,0.380,-0.930,0.082
1574114120300,2019-11-18T16:55:20.300,93.770,0.385,-0.930,0.083
1574114120310,2019-11-18T16:55:20.310,93.780,0.378,-0.935,0.081
1574114120320,2019-11-18T16:55:20.320,93.790,0.382,-0.938,0.079
1574114120330,2019-11-18T16:55:20.330,93.800,0.383,-0.941,0.081
1574114120340,2019-11-18T16:55:20.340,93.810,0.378,-0.937,0.083
1574114120350,2019-11-18T16:55:20.350,93.820,0.379,-0.931,0.079
1574114120360,2019-11-18T16:55:20.360,93.830,0.380,-0.932,0.078
1574114120370,2019-11-18T16:55:20.370,93.840,0.377,-0.940,0.073
1574114120380,2019-11-18T16:55:20.380,93.850,0.375,-0.944,0.069
1574114120390,2019-11-18T16:55:20.390,93.860,0.375,-0.945,0.069
1574114120400,2019-11-18T16:55:20.400,93.870,0.376,-0.943,0.069
1574114120410,2019-11-18T16:55:20.410,93.880,0.372,-0.940,0.071
1574114120420,2019-11-18T16:55:20.420,93.890,0.373,-0.942,0.072
1574114120430,2019-11-18T16:55:20.430,93.900,0.373,-0.937,0.073
1574114120440,2019-11-18T16:55:20.440,93.910,0.374,-0.931,0.075
1574114120450,2019-11-18T16:55:20.450,93.920,0.378,-0.935,0.077
1574114120460,2019-11-18T16:55:20.460,93.930,0.377,-0.938,0.075
1574114120470,2019-11-18T16:55:20.470,93.940,0.372,-0.934,0.075
1574114120480,2019-11-18T16:55:20.480,93.950,0.367,-0.939,0.075
1574114120490,2019-11-18T16:55:20.490,93.960,0.372,-0.947,0.069
1574114120500,2019-11-18T16:55:20.500,93.970,0.374,-0.947,0.071
1574114120510,2019-11-18T16:55:20.510,93.980,0.370,-0.941,0.070
1574114120520,2019-11-18T16:55:20.520,93.990,0.368,-0.938,0.071
1574114120530,2019-11-18T16:55:20.530,94.000,0.370,-0.939,0.070
1574114120540,2019-11-18T16:55:20.540,94.010,0.370,-0.938,0.073
1574114120550,2019-11-18T16:55:20.550,94.020,0.372,-0.936,0.074
1574114120560,2019-11-18T16:55:20.560,94.030,0.369,-0.932,0.075
1574114120570,2019-11-18T16:55:20.570,94.040,0.369,-0.931,0.076
1574114120580,2019-11-18T16:55:20.580,94.050,0.374,-0.933,0.079
1574114120590,2019-11-18T16:55:20.590,94.060,0.374,-0.932,0.083
1574114120600,2019-11-18T16:55:20.600,94.070,0.369,-0.935,0.080
1574114120610,2019-11-18T16:55:20.610,94.080,0.373,-0.935,0.081
1574114120620,2019-11-18T16:55:20.620,94.090,0.374,-0.928,0.078
1574114120630,2019-11-18T16:55:20.630,94.100,0.371,-0.928,0.078
1574114120640,2019-11-18T16:55:20.640,94.110,0.371,-0.926,0.077
1574114120650,2019-11-18T16:55:20.650,94.120,0.373,-0.924,0.080
1574114120660,2019-11-18T16:55:20.660,94.130,0.373,-0.930,0.078
1574114120670,2019-11-18T16:55:20.670,94.140,0.374,-0.938,0.079
1574114120680,2019-11-18T16:55:20.680,94.150,0.378,-0.935,0.077
1574114120690,2019-11-18T16:55:20.690,94.160,0.378,-0.930,0.079
1574114120700,2019-11-18T16:55:20.700,94.170,0.375,-0.932,0.079
1574114120710,2019-11-18T16:55:20.710,94.180,0.376,-0.943,0.071
1574114120720,2019-11-18T16:55:20.720,94.190,0.378,-0.953,0.070
1574114120730,2019-11-18T16:55:20.730,94.200,0.379,-0.946,0.071
1574114120740,2019-11-18T16:55:20.740,94.210,0.375,-0.941,0.073
1574114120750,2019-11-18T16:55:20.750,94.220,0.377,-0.948,0.071
1574114120760,2019-11-18T16:55:20.760,94.230,0.383,-0.952,0.070
1574114120770,2019-11-18T16:55:20.770,94.240,0.380,-0.946,0.073
1574114120780,2019-11-18T16:55:20.780,94.250,0.376,-0.948,0.070
1574114120790,2019-11-18T16:55:20.790,94.260,0.375,-0.953,0.070
1574114120800,2019-11-18T16:55:20.800,94.270,0.375,-0.952,0.070
1574114120810,2019-11-18T16:55:20.810,94.280,0.372,-0.949,0.072
1574114120820,2019-11-18T16:55:20.820,94.290,0.374,-0.951,0.073
1574114120830,2019-11-18T16:55:20.830,94.300,0.371,-0.962,0.074
1574114120840,2019-11-18T16:55:20.840,94.310,0.369,-0.962,0.076
1574114120850,2019-11-18T16:55:20.850,94.320,0.365,-0.958,0.075
1574114120860,2019-11-18T16:55:20.860,94.330,0.356,-0.958,0.077
1574114120870,2019-11-18T16:55:20.870,94.340,0.354,-0.955,0.077
1574114120880,2019-11-18T16:55:20.880,94.350,0.351,-0.946,0.078
1574114120890,2019-11-18T16:55:20.890,94.360,0.347,-0.942,0.079
1574114120900,2019-11-18T16:55:20.900,94.370,0.344,-0.941,0.081
1574114120910,2019-11-18T16:55:20.910,94.380,0.345,-0.937,0.083
1574114120920,2019-11-18T16:55:20.920,94.390,0.343,-0.928,0.083
1574114120930,2019-11-18T16:55:20.930,94.400,0.341,-0.926,0.085
1574114120940,2019-11-18T16:55:20.940,94.410,0.345,-0.930,0.085
1574114120950,2019-11-18T16:55:20.950,94.420,0.347,-0.927,0.088
1574114120960,2019-11-18T16:55:20.960,94.430,0.348,-0.929,0.088
1574114120970,2019-11-18T16:55:20.970,94.440,0.355,-0.938,0.092
1574114120980,2019-11-18T16:55:20.980,94.450,0.359,-0.939,0.095
1574114120990,2019-11-18T16:55:20.990,94.460,0.359,-0.937,0.097
1574114121000,2019-11-18T16:55:21.000,94.470,0.362,-0.935,0.099
1574114121010,2019-11-18T16:55:21.010,94.480,0.366,-0.930,0.101
1574114121020,2019-11-18T16:55:21.020,94.490,0.371,-0.921,0.109
1574114121030,2019-11-18T16:55:21.030,94.500,0.385,-0.904,0.119
1574114121040,2019-11-18T16:55:21.040,94.510,0.397,-0.893,0.133
1574114121050,2019-11-18T16:55:21.050,94.520,0.417,-0.897,0.145
1574114121060,2019-11-18T16:55:21.060,94.530,0.437,-0.904,0.163
1574114121070,2019-11-18T16:55:21.070,94.540,0.478,-0.900,0.187
1574114121080,2019-11-18T16:55:21.080,94.550,0.523,-0.882,0.223
1574114121090,2019-11-18T16:55:21.090,94.560,0.565,-0.902,0.256
1574114121100,2019-11-18T16:55:21.100,94.570,0.630,-0.917,0.284
1574114121110,2019-11-18T16:55:21.110,94.580,0.680,-0.894,0.316
1574114121120,2019-11-18T16:55:21.120,94.590,0.710,-0.886,0.317
1574114121130,2019-11-18T16:55:21.130,94.600,0.710,-0.879,0.305
1574114121140,2019-11-18T16:55:21.140,94.610,0.716,-0.843,0.302
1574114121150,2019-11-18T16:55:21.150,94.620,0.736,-0.826,0.301
1574114121160,2019-11-18T16:55:21.160,94.630,0.754,-0.828,0.285
1574114121170,2019-11-18T16:55:21.170,94.640,0.751,-0.827,0.254
1574114121180,2019-11-18T16:55:21.180,94.650,0.725,-0.837,0.212
1574114121190,2019-11-18T16:55:21.190,94.660,0.701,-0.850,0.168
1574114121200,2019-11-18T16:55:21.200,94.670,0.661,-0.867,0.119
1574114121210,2019-11-18T16:55:21.210,94.680,0.621,-0.877,0.073
1574114121220,2019-11-18T16:55:21.220,94.690,0.582,-0.884,0.026
1574114121230,2019-11-18T16:55:21.230,94.700,0.528,-0.895,-0.019
1574114121240,2019-11-18T16:55:21.240,94.710,0.468,-0.901,-0.056
1574114121250,2019-11-18T16:55:21.250,94.720,0.415,-0.912,-0.090
1574114121260,2019-11-18T16:55:21.260,94.730,0.385,-0.919,-0.098
1574114121270,2019-11-18T16:55:21.270,94.740,0.367,-0.905,-0.103
1574114121280,2019-11-18T16:55:21.280,94.750,0.338,-0.890,-0.114
1574114121290,2019-11-18T16:55:21.290,94.760,0.297,-0.894,-0.141
1574114121300,2019-11-18T16:55:21.300,94.770,0.247,-0.914,-0.168
1574114121310,2019-11-18T16:55:21.310,94.780,0.215,-0.924,-0.180
1574114121320,2019-11-18T16:55:21.320,94.790,0.199,-0.922,-0.176
1574114121330,2019-11-18T16:55:21.330,94.800,0.181,-0.911,-0.158
1574114121340,2019-11-18T16:55:21.340,94.810,0.173,-0.901,-0.140
1574114121350,2019-11-18T16:55:21.350,94.820,0.174,-0.920,-0.122
1574114121360,2019-11-18T16:55:21.360,94.830,0.188,-0.962,-0.107
1574114121370,2019-11-18T16:55:21.370,94.840,0.204,-0.993,-0.093
1574114121380,2019-11-18T16:55:21.380,94.850,0.213,-0.999,-0.081
1574114121390,2019-11-18T16:55:21.390,94.860,0.215,-0.990,-0.065
1574114121400,2019-11-18T16:55:21.400,94.870,0.225,-0.993,-0.050
1574114121410,2019-11-18T16:55:21.410,94.880,0.241,-0.997,-0.041
1574114121420,2019-11-18T16:55:21.420,94.890,0.246,-0.995,-0.036
1574114121430,2019-11-18T16:55:21.430,94.900,0.249,-0.983,-0.031
1574114121440,2019-11-18T16:55:21.440,94.910,0.253,-0.971,-0.029
1574114121450,2019-11-18T16:55:21.450,94.920,0.255,-0.970,-0.027
1574114121460,2019-11-18T16:55:21.460,94.930,0.257,-0.973,-0.022
1574114121470,2019-11-18T16:55:21.470,94.940,0.256,-0.972,-0.020
1574114121480,2019-11-18T16:55:21.480,94.950,0.254,-0.975,-0.016
1574114121490,2019-11-18T16:55:21.490,94.960,0.260,-0.986,-0.012
1574114121500,2019-11-18T16:55:21.500,94.970,0.264,-0.991,-0.008
1574114121510,2019-11-18T16:55:21.510,94.980,0.262,-0.997,-0.007
1574114121520,2019-11-18T16:55:21.520,94.990,0.262,-1.009,-0.008
1574114121530,2019-11-18T16:55:21.530,95.000,0.267,-1.024,-0.003
1574114121540,2019-11-18T16:55:21.540,95.010,0.277,-1.014,-0.001
1574114121550,2019-11-18T16:55:21.550,95.020,0.275,-0.993,0.006
1574114121560,2019-11-18T16:55:21.560,95.030,0.278,-0.989,0.013
1574114121570,2019-11-18T16:55:21.570,95.040,0.288,-0.984,0.014
1574114121580,2019-11-18T16:55:21.580,95.050,0.290,-0.977,0.019
1574114121590,2019-11-18T16:55:21.590,95.060,0.292,-0.968,0.023
1574114121600,2019-11-18T16:55:21.600,95.070,0.292,-0.949,0.022
1574114121610,2019-11-18T16:55:21.610,95.080,0.287,-0.948,0.028
1574114121620,2019-11-18T16:55:21.620,95.090,0.293,-0.960,0.034
1574114121630,2019-11-18T16:55:21.630,95.100,0.299,-0.963,0.038
1574114121640,2019-11-18T16:55:21.640,95.110,0.293,-0.962,0.042
1574114121650,2019-11-18T16:55:21.650,95.120,0.294,-0.965,0.042
1574114121660,2019-11-18T16:55:21.660,95.130,0.303,-0.976,0.049
1574114121670,2019-11-18T16:55:21.670,95.140,0.302,-0.983,0.052
1574114121680,2019-11-18T16:55:21.680,95.150,0.299,-0.985,0.058
1574114121690,2019-11-18T16:55:21.690,95.160,0.298,-0.989,0.063
1574114121700,2019-11-18T16:55:21.700,95.170,0.310,-0.988,0.059
1574114121710,2019-11-18T16:55:21.710,95.180,0.311,-0.972,0.062
1574114121720,2019-11-18T16:55:21.720,95.190,0.305,-0.957,0.062
1574114121730,2019-11-18T16:55:21.730,95.200,0.303,-0.945,0.058
1574114121740,2019-11-18T16:55:21.740,95.210,0.303,-0.934,0.058
1574114121750,2019-11-18T16:55:21.750,95.220,0.303,-0.922,0.058
1574114121760,2019-11-18T16:55:21.760,95.230,0.301,-0.917,0.060
1574114121770,2019-11-18T16:55:21.770,95.240,0.304,-0.916,0.065
1574114121780,2019-11-18T16:55:21.780,95.250,0.297,-0.908,0.067
1574114121790,2019-11-18T16:55:21.790,95.260,0.292,-0.924,0.064
1574114121800,2019-11-18T16:55:21.800,95.270,0.295,-0.952,0.064
1574114121810,2019-11-18T16:55:21.810,95.280,0.292,-0.957,0.064
1574114121820,2019-11-18T16:55:21.820,95.290,0.296,-0.946,0.066
1574114121830,2019-11-18T16:55:21.830,95.300,0.297,-0.942,0.055
1574114121840,2019-11-18T16:55:21.840,95.310,0.293,-0.949,0.059
1574114121850,2019-11-18T16:55:21.850,95.320,0.304,-0.968,0.063
1574114121860,2019-11-18T16:55:21.860,95.330,0.314,-0.972,0.059
1574114121870,2019-11-18T16:55:21.870,95.340,0.309,-0.951,0.056
1574114121880,2019-11-18T16:55:21.880,95.350,0.300,-0.948,0.056
1574114121890,2019-11-18T16:55:21.890,95.360,0.308,-0.963,0.051
1574114121900,2019-11-18T16:55:21.900,95.370,0.314,-0.972,0.055
1574114121910,2019-11-18T16:55:21.910,95.380,0.313,-0.978,0.057
1574114121920,2019-11-18T16:55:21.920,95.390,0.317,-0.981,0.056
1574114121930,2019-11-18T16:55:21.930,95.400,0.324,-0.976,0.056
1574114121940,2019-11-18T16:55:21.940,95.410,0.323,-0.953,0.053
1574114121950,2019-11-18T16:55:21.950,95.420,0.313,-0.937,0.051
1574114121960,2019-11-18T16:55:21.960,95.430,0.309,-0.938,0.056
1574114121970,2019-11-18T16:55:21.970,95.440,0.320,-0.958,0.052
1574114121980,2019-11-18T16:55:21.980,95.450,0.328,-0.956,0.042
1574114121990,2019-11-18T16:55:21.990,95.460,0.321,-0.948,0.047
1574114122000,2019-11-18T16:55:22.000,95.470,0.318,-0.974,0.048
1574114122010,2019-11-18T16:55:22.010,95.480,0.329,-0.995,0.047
1574114122020,2019-11-18T16:55:22.020,95.490,0.332,-0.994,0.052
1574114122030,2019-11-18T16:55:22.030,95.500,0.322,-0.979,0.051
1574114122040,2019-11-18T16:55:22.040,95.510,0.322,-0.981,0.048
1574114122050,2019-11-18T16:55:22.050,95.520,0.327,-0.981,0.052
1574114122060,2019-11-18T16:55:22.060,95.530,0.323,-0.971,0.054
1574114122070,2019-11-18T16:55:22.070,95.540,0.319,-0.962,0.051
1574114122080,2019-11-18T16:55:22.080,95.550,0.323,-0.953,0.053
1574114122090,2019-11-18T16:55:22.090,95.560,0.321,-0.960,0.052
1574114122100,2019-11-18T16:55:22.100,95.570,0.323,-0.966,0.052
1574114122110,2019-11-18T16:55:22.110,95.580,0.317,-0.960,0.054
1574114122120,2019-11-18T16:55:22.120,95.590,0.311,-0.953,0.056
1574114122130,2019-11-18T16:55:22.130,95.600,0.307,-0.953,0.057
1574114122140,2019-11-18T16:55:22.140,95.610,0.310,-0.957,0.056
1574114122150,2019-11-18T16:55:22.150,95.620,0.312,-0.961,0.059
1574114122160,2019-11-18T16:55:22.160,95.630,0.311,-0.965,0.063
1574114122170,2019-11-18T16:55:22.170,95.640,0.313,-0.964,0.062
1574114122180,2019-11-18T16:55:22.180,95.650,0.312,-0.957,0.061
1574114122190,2019-11-18T16:55:22.190,95.660,0.306,-0.955,0.063
1574114122200,2019-11-18T16:55:22.200,95.670,0.308,-0.953,0.063
1574114122210,2019-11-18T16:55:22.210,95.680,0.313,-0.953,0.063
1574114122220,2019-11-18T16:55:22.220,95.690,0.307,-0.953,0.064
1574114122230,2019-11-18T16:55:22.230,95.700,0.304,-0.952,0.064
1574114122240,2019-11-18T16:55:22.240,95.710,0.308,-0.949,0.063
1574114122250,2019-11-18T16:55:22.250,95.720,0.306,-0.954,0.065
1574114122260,2019-11-18T16:55:22.260,95.730,0.299,-0.964,0.067
1574114122270,2019-11-18T16:55:22.270,95.740,0.295,-0.960,0.067
1574114122280,2019-11-18T16:55:22.280,95.750,0.296,-0.956,0.068
1574114122290,2019-11-18T16:55:22.290,95.760,0.299,-0.959,0.068
1574114122300,2019-11-18T16:55:22.300,95.770,0.303,-0.962,0.071
1574114122310,2019-11-18T16:55:22.310,95.780,0.308,-0.961,0.075
1574114122320,2019-11-18T16:55:22.320,95.790,0.308,-0.956,0.073
1574114122330,2019-11-18T16:55:22.330,95.800,0.301,-0.947,0.071
1574114122340,2019-11-18T16:55:22.340,95.810,0.303,-0.943,0.072
1574114122350,2019-11-18T16:55:22.350,95.820,0.302,-0.943,0.069
1574114122360,2019-11-18T16:55:22.360,95.830,0.298,-0.940,0.067
1574114122370,2019-11-18T16:55:22.370,95.840,0.293,-0.940,0.069
1574114122380,2019-11-18T16:55:22.380,95.850,0.295,-0.952,0.066
1574114122390,2019-11-18T16:55:22.390,95.860,0.291,-0.958,0.064
1574114122400,2019-11-18T16:55:22.400,95.870,0.285,-0.954,0.063
1574114122410,2019-11-18T16:55:22.410,95.880,0.284,-0.959,0.060
1574114122420,2019-11-18T16:55:22.420,95.890,0.292,-0.960,0.059
1574114122430,2019-11-18T16:55:22.430,95.900,0.292,-0.955,0.063
1574114122440,2019-11-18T16:55:22.440,95.910,0.289,-0.955,0.065
1574114122450,2019-11-18T16:55:22.450,95.920,0.294,-0.958,0.065
1574114122460,2019-11-18T16:55:22.460,95.930,0.296,-0.958,0.065
1574114122470,2019-11-18T16:55:22.470,95.940,0.298,-0.957,0.065
1574114122480,2019-11-18T16:55:22.480,95.950,0.299,-0.960,0.064
1574114122490,2019-11-18T16:55:22.490,95.960,0.305,-0.967,0.068
1574114122500,2019-11-18T16:55:22.500,95.970,0.305,-0.961,0.067
1574114122510,2019-11-18T16:55:22.510,95.980,0.304,-0.956,0.069
1574114122520,2019-11-18T16:55:22.520,95.990,0.306,-0.966,0.070
1574114122530,2019-11-18T16:55:22.530,96.000,0.309,-0.969,0.070
1574114122540,2019-11-18T16:55:22.540,96.010,0.306,-0.970,0.073
1574114122550,2019-11-18T16:55:22.550,96.020,0.308,-0.960,0.071
1574114122560,2019-11-18T16:55:22.560,96.030,0.305,-0.953,0.070
1574114122570,2019-11-18T16:55:22.570,96.040,0.305,-0.954,0.072
1574114122580,2019-11-18T16:55:22.580,96.050,0.307,-0.952,0.073
1574114122590,2019-11-18T16:55:22.590,96.060,0.311,-0.954,0.076
1574114122600,2019-11-18T16:55:22.600,96.070,0.313,-0.955,0.076
1574114122610,2019-11-18T16:55:22.610,96.080,0.316,-0.960,0.074
1574114122620,2019-11-18T16:55:22.620,96.090,0.310,-0.961,0.075
1574114122630,2019-11-18T16:55:22.630,96.100,0.309,-0.958,0.073
1574114122640,2019-11-18T16:55:22.640,96.110,0.309,-0.957,0.077
1574114122650,2019-11-18T16:55:22.650,96.120,0.310,-0.957,0.075
1574114122660,2019-11-18T16:55:22.660,96.130,0.310,-0.957,0.073
1574114122670,2019-11-18T16:55:22.670,96.140,0.302,-0.952,0.074
1574114122680,2019-11-18T16:55:22.680,96.150,0.301,-0.948,0.073
1574114122690,2019-11-18T16:55:22.690,96.160,0.305,-0.951,0.070
1574114122700,2019-11-18T16:55:22.700,96.170,0.305,-0.953,0.069
1574114122710,2019-11-18T16:55:22.710,96.180,0.302,-0.950,0.067
1574114122720,2019-11-18T16:55:22.720,96.190,0.304,-0.951,0.067
1574114122730,2019-11-18T16:55:22.730,96.200,0.307,-0.953,0.069
1574114122740,2019-11-18T16:55:22.740,96.210,0.306,-0.960,0.070
1574114122750,2019-11-18T16:55:22.750,96.220,0.303,-0.965,0.072
1574114122760,2019-11-18T16:55:22.760,96.230,0.301,-0.962,0.067
1574114122770,2019-11-18T16:55:22.770,96.240,0.310,-0.965,0.072
1574114122780,2019-11-18T16:55:22.780,96.250,0.313,-0.965,0.072
1574114122790,2019-11-18T16:55:22.790,96.260,0.311,-0.954,0.075
1574114122800,2019-11-18T16:55:22.800,96.270,0.316,-0.954,0.075
1574114122810,2019-11-18T16:55:22.810,96.280,0.328,-0.954,0.073
1574114122820,2019-11-18T16:55:22.820,96.290,0.323,-0.948,0.075
1574114122830,2019-11-18T16:55:22.830,96.300,0.313,-0.948,0.073
1574114122840,2019-11-18T16:55:22.840,96.310,0.321,-0.951,0.074
1574114122850,2019-11-18T16:55:22.850,96.320,0.318,-0.952,0.075
1574114122860,2019-11-18T16:55:22.860,96.330,0.320,-0.958,0.074
1574114122870,2019-11-18T16:55:22.870,96.340,0.319,-0.957,0.074
1574114122880,2019-11-18T16:55:22.880,96.350,0.322,-0.958,0.076
1574114122890,2019-11-18T16:55:22.890,96.360,0.325,-0.957,0.074
1574114122900,2019-11-18T16:55:22.900,96.370,0.322,-0.957,0.075
1574114122910,2019-11-18T16:55:22.910,96.380,0.327,-0.959,0.076
1574114122920,2019-11-18T16:55:22.920,96.390,0.333,-0.959,0.074
1574114122930,2019-11-18T16:55:22.930,96.400,0.331,-0.968,0.074
1574114122940,2019-11-18T16:55:22.940,96.410,0.332,-0.979,0.075
1574114122950,2019-11-18T16:55:22.950,96.420,0.330,-0.965,0.076
1574114122960,2019-11-18T16:55:22.960,96.430,0.319,-0.947,0.077
1574114122970,2019-11-18T16:55:22.970,96.440,0.321,-0.938,0.076
1574114122980,2019-11-18T16:55:22.980,96.450,0.331,-0.961,0.079
1574114122990,2019-11-18T16:55:22.990,96.460,0.329,-0.969,0.076
1574114123000,2019-11-18T16:55:23.000,96.470,0.316,-0.950,0.080
1574114123010,2019-11-18T16:55:23.010,96.480,0.313,-0.940,0.082
1574114123020,2019-11-18T16:55:23.020,96.490,0.321,-0.947,0.076
1574114123030,2019-11-18T16:55:23.030,96.500,0.319,-0.964,0.077
1574114123040,2019-11-18T16:55:23.040,96.510,0.317,-0.971,0.076
1574114123050,2019-11-18T16:55:23.050,96.520,0.314,-0.977,0.077
1574114123060,2019-11-18T16:55:23.060,96.530,0.298,-0.960,0.073
1574114123070,2019-11-18T16:55:23.070,96.540,0.293,-0.947,0.073
1574114123080,2019-11-18T16:55:23.080,96.550,0.308,-0.970,0.066
1574114123090,2019-11-18T16:55:23.090,96.560,0.302,-0.962,0.065
1574114123100,2019-11-18T16:55:23.100,96.570,0.286,-0.943,0.068
1574114123110,2019-11-18T16:55:23.110,96.580,0.284,-0.952,0.068
1574114123120,2019-11-18T16:55:23.120,96.590,0.294,-0.961,0.068
1574114123130,2019-11-18T16:55:23.130,96.600,0.296,-0.961,0.062
1574114123140,2019-11-18T16:55:23.140,96.610,0.286,-0.955,0.063
1574114123150,2019-11-18T16:55:23.150,96.620,0.279,-0.948,0.064
1574114123160,2019-11-18T16:55:23.160,96.630,0.278,-0.964,0.063
1574114123170,2019-11-18T16:55:23.170,96.640,0.280,-0.973,0.063
1574114123180,2019-11-18T16:55:23.180,96.650,0.276,-0.963,0.065
1574114123190,2019-11-18T16:55:23.190,96.660,0.268,-0.957,0.067
1574114123200,2019-11-18T16:55:23.200,96.670,0.269,-0.947,0.062
1574114123210,2019-11-18T16:55:23.210,96.680,0.266,-0.940,0.063
1574114123220,2019-11-18T16:55:23.220,96.690,0.274,-0.944,0.061
1574114123230,2019-11-18T16:55:23.230,96.700,0.285,-0.952,0.060
1574114123240,2019-11-18T16:55:23.240,96.710,0.296,-0.946,0.059
1574114123250,2019-11-18T16:55:23.250,96.720,0.294,-0.942,0.062
1574114123260,2019-11-18T16:55:23.260,96.730,0.293,-0.947,0.061
1574114123270,2019-11-18T16:55:23.270,96.740,0.299,-0.949,0.064
1574114123280,2019-11-18T16:55:23.280,96.750,0.312,-0.955,0.064
1574114123290,2019-11-18T16:55:23.290,96.760,0.315,-0.957,0.069
1574114123300,2019-11-18T16:55:23.300,96.770,0.325,-0.957,0.068
1574114123310,2019-11-18T16:55:23.310,96.780,0.330,-0.924,0.066
1574114123320,2019-11-18T16:55:23.320,96.790,0.322,-0.909,0.075
1574114123330,2019-11-18T16:55:23.330,96.800,0.342,-0.949,0.076
1574114123340,2019-11-18T16:55:23.340,96.810,0.359,-0.974,0.074
1574114123350,2019-11-18T16:55:23.350,96.820,0.350,-0.957,0.076
1574114123360,2019-11-18T16:55:23.360,96.830,0.345,-0.957,0.076
1574114123370,2019-11-18T16:55:23.370,96.840,0.346,-0.966,0.075
1574114123380,2019-11-18T16:55:23.380,96.850,0.345,-0.958,0.076
1574114123390,2019-11-18T16:55:23.390,96.860,0.344,-0.931,0.075
1574114123400,2019-11-18T16:55:23.400,96.870,0.338,-0.917,0.074
1574114123410,2019-11-18T16:55:23.410,96.880,0.331,-0.921,0.073
1574114123420,2019-11-18T16:55:23.420,96.890,0.337,-0.927,0.072
1574114123430,2019-11-18T16:55:23.430,96.900,0.330,-0.937,0.071
1574114123440,2019-11-18T16:55:23.440,96.910,0.324,-0.963,0.069
1574114123450,2019-11-18T16:55:23.450,96.920,0.334,-0.976,0.071
1574114123460,2019-11-18T16:55:23.460,96.930,0.331,-0.967,0.069
1574114123470,2019-11-18T16:55:23.470,96.940,0.330,-0.957,0.071
1574114123480,2019-11-18T16:55:23.480,96.950,0.336,-0.943,0.072
1574114123490,2019-11-18T16:55:23.490,96.960,0.337,-0.938,0.073
1574114123500,2019-11-18T16:55:23.500,96.970,0.347,-0.952,0.075
1574114123510,2019-11-18T16:55:23.510,96.980,0.357,-0.968,0.077
1574114123520,2019-11-18T16:55:23.520,96.990,0.363,-0.948,0.073
1574114123530,2019-11-18T16:55:23.530,97.000,0.354,-0.917,0.073
1574114123540,2019-11-18T16:55:23.540,97.010,0.346,-0.915,0.073
1574114123550,2019-11-18T16:55:23.550,97.020,0.360,-0.937,0.070
1574114123560,2019-11-18T16:55:23.560,97.030,0.369,-0.955,0.068
1574114123570,2019-11-18T16:55:23.570,97.040,0.366,-0.956,0.070
1574114123580,2019-11-18T16:55:23.580,97.050,0.363,-0.959,0.062
1574114123590,2019-11-18T16:55:23.590,97.060,0.366,-0.951,0.066
1574114123600,2019-11-18T16:55:23.600,97.070,0.362,-0.940,0.063
1574114123610,2019-11-18T16:55:23.610,97.080,0.363,-0.942,0.059
1574114123620,2019-11-18T16:55:23.620,97.090,0.367,-0.939,0.060
1574114123630,2019-11-18T16:55:23.630,97.100,0.359,-0.937,0.061
1574114123640,2019-11-18T16:55:23.640,97.110,0.352,-0.941,0.061
1574114123650,2019-11-18T16:55:23.650,97.120,0.353,-0.951,0.059
1574114123660,2019-11-18T16:55:23.660,97.130,0.361,-0.956,0.060
1574114123670,2019-11-18T16:55:23.670,97.140,0.361,-0.952,0.061
1574114123680,2019-11-18T16:55:23.680,97.150,0.361,-0.943,0.058
1574114123690,2019-11-18T16:55:23.690,97.160,0.364,-0.943,0.059
1574114123700,2019-11-18T16:55:23.700,97.170,0.372,-0.944,0.059
1574114123710,2019-11-18T16:55:23.710,97.180,0.374,-0.939,0.060
1574114123720,2019-11-18T16:55:23.720,97.190,0.371,-0.933,0.064
1574114123730,2019-11-18T16:55:23.730,97.200,0.372,-0.938,0.066
1574114123740,2019-11-18T16:55:23.740,97.210,0.382,-0.948,0.064
1574114123750,2019-11-18T16:55:23.750,97.220,0.381,-0.951,0.067
1574114123760,2019-11-18T16:55:23.760,97.230,0.379,-0.950,0.065
1574114123770,2019-11-18T16:55:23.770,97.240,0.381,-0.947,0.061
1574114123780,2019-11-18T16:55:23.780,97.250,0.379,-0.946,0.062
1574114123790,2019-11-18T16:55:23.790,97.260,0.374,-0.933,0.059
1574114123800,2019-11-18T16:55:23.800,97.270,0.364,-0.926,0.061
1574114123810,2019-11-18T16:55:23.810,97.280,0.366,-0.941,0.063
1574114123820,2019-11-18T16:55:23.820,97.290,0.370,-0.946,0.063
1574114123830,2019-11-18T16:55:23.830,97.300,0.369,-0.943,0.060
1574114123840,2019-11-18T16:55:23.840,97.310,0.367,-0.920,0.061
1574114123850,2019-11-18T16:55:23.850,97.320,0.365,-0.911,0.061
1574114123860,2019-11-18T16:55:23.860,97.330,0.365,-0.921,0.061
1574114123870,2019-11-18T16:55:23.870,97.340,0.364,-0.936,0.059
1574114123880,2019-11-18T16:55:23.880,97.350,0.362,-0.934,0.058
1574114123890,2019-11-18T16:55:23.890,97.360,0.359,-0.934,0.057
1574114123900,2019-11-18T16:55:23.900,97.370,0.362,-0.937,0.051
1574114123910,2019-11-18T16:55:23.910,97.380,0.356,-0.929,0.047
1574114123920,2019-11-18T16:55:23.920,97.390,0.350,-0.930,0.046
1574114123930,2019-11-18T16:55:23.930,97.400,0.347,-0.929,0.042
1574114123940,2019-11-18T16:55:23.940,97.410,0.340,-0.921,0.032
1574114123950,2019-11-18T16:55:23.950,97.420,0.330,-0.923,0.028
1574114123960,2019-11-18T16:55:23.960,97.430,0.329,-0.924,0.021
1574114123970,2019-11-18T16:55:23.970,97.440,0.323,-0.905,0.013
1574114123980,2019-11-18T16:55:23.980,97.450,0.317,-0.898,0.009
1574114123990,2019-11-18T16:55:23.990,97.460,0.312,-0.905,0.004
1574114124000,2019-11-18T16:55:24.000,97.470,0.304,-0.910,0.002
1574114124010,2019-11-18T16:55:24.010,97.480,0.309,-0.910,0.000
1574114124020,2019-11-18T16:55:24.020,97.490,0.317,-0.894,0.006
1574114124030,2019-11-18T16:55:24.030,97.500,0.323,-0.887,0.013
1574114124040,2019-11-18T16:55:24.040,97.510,0.343,-0.890,0.021
1574114124050,2019-11-18T16:55:24.050,97.520,0.368,-0.888,0.030
1574114124060,2019-11-18T16:55:24.060,97.530,0.386,-0.889,0.040
1574114124070,2019-11-18T16:55:24.070,97.540,0.401,-0.893,0.046
1574114124080,2019-11-18T16:55:24.080,97.550,0.417,-0.894,0.050
1574114124090,2019-11-18T16:55:24.090,97.560,0.434,-0.896,0.057
1574114124100,2019-11-18T16:55:24.100,97.570,0.451,-0.897,0.060
1574114124110,2019-11-18T16:55:24.110,97.580,0.463,-0.887,0.063
1574114124120,2019-11-18T16:55:24.120,97.590,0.474,-0.883,0.064
1574114124130,2019-11-18T16:55:24.130,97.600,0.488,-0.888,0.068
1574114124140,2019-11-18T16:55:24.140,97.610,0.501,-0.888,0.069
1574114124150,2019-11-18T16:55:24.150,97.620,0.507,-0.885,0.066
1574114124160,2019-11-18T16:55:24.160,97.630,0.520,-0.880,0.063
1574114124170,2019-11-18T16:55:24.170,97.640,0.530,-0.880,0.063
1574114124180,2019-11-18T16:55:24.180,97.650,0.539,-0.875,0.063
1574114124190,2019-11-18T16:55:24.190,97.660,0.543,-0.875,0.065
1574114124200,2019-11-18T16:55:24.200,97.670,0.549,-0.874,0.067
1574114124210,2019-11-18T16:55:24.210,97.680,0.560,-0.877,0.065
1574114124220,2019-11-18T16:55:24.220,97.690,0.566,-0.881,0.064
1574114124230,2019-11-18T16:55:24.230,97.700,0.570,-0.877,0.064
1574114124240,2019-11-18T16:55:24.240,97.710,0.576,-0.873,0.063
1574114124250,2019-11-18T16:55:24.250,97.720,0.585,-0.873,0.062
1574114124260,2019-11-18T16:55:24.260,97.730,0.586,-0.873,0.060
1574114124270,2019-11-18T16:55:24.270,97.740,0.589,-0.869,0.058
1574114124280,2019-11-18T16:55:24.280,97.750,0.587,-0.863,0.056
1574114124290,2019-11-18T16:55:24.290,97.760,0.589,-0.861,0.053
1574114124300,2019-11-18T16:55:24.300,97.770,0.591,-0.857,0.053
1574114124310,2019-11-18T16:55:24.310,97.780,0.589,-0.853,0.052
1574114124320,2019-11-18T16:55:24.320,97.790,0.589,-0.852,0.051
1574114124330,2019-11-18T16:55:24.330,97.800,0.598,-0.850,0.052
1574114124340,2019-11-18T16:55:24.340,97.810,0.600,-0.849,0.050
1574114124350,2019-11-18T16:55:24.350,97.820,0.604,-0.850,0.049
1574114124360,2019-11-18T16:55:24.360,97.830,0.603,-0.854,0.047
1574114124370,2019-11-18T16:55:24.370,97.840,0.596,-0.854,0.042
1574114124380,2019-11-18T16:55:24.380,97.850,0.591,-0.852,0.043
1574114124390,2019-11-18T16:55:24.390,97.860,0.586,-0.853,0.037
1574114124400,2019-11-18T16:55:24.400,97.870,0.586,-0.850,0.035
1574114124410,2019-11-18T16:55:24.410,97.880,0.583,-0.844,0.032
1574114124420,2019-11-18T16:55:24.420,97.890,0.588,-0.839,0.034
1574114124430,2019-11-18T16:55:24.430,97.900,0.603,-0.853,0.041
1574114124440,2019-11-18T16:55:24.440,97.910,0.626,-0.878,0.056
1574114124450,2019-11-18T16:55:24.450,97.920,0.655,-0.907,0.071
1574114124460,2019-11-18T16:55:24.460,97.930,0.720,-0.928,0.080
1574114124470,2019-11-18T16:55:24.470,97.940,0.765,-0.959,0.088
1574114124480,2019-11-18T16:55:24.480,97.950,0.760,-0.986,0.103
1574114124490,2019-11-18T16:55:24.490,97.960,0.746,-0.969,0.119
1574114124500,2019-11-18T16:55:24.500,97.970,0.760,-0.937,0.132
1574114124510,2019-11-18T16:55:24.510,97.980,0.780,-0.934,0.137
1574114124520,2019-11-18T16:55:24.520,97.990,0.764,-0.915,0.136
1574114124530,2019-11-18T16:55:24.530,98.000,0.721,-0.838,0.135
1574114124540,2019-11-18T16:55:24.540,98.010,0.667,-0.782,0.131
1574114124550,2019-11-18T16:55:24.550,98.020,0.635,-0.790,0.111
1574114124560,2019-11-18T16:55:24.560,98.030,0.602,-0.823,0.087
1574114124570,2019-11-18T16:55:24.570,98.040,0.560,-0.812,0.071
1574114124580,2019-11-18T16:55:24.580,98.050,0.510,-0.789,0.064
1574114124590,2019-11-18T16:55:24.590,98.060,0.476,-0.802,0.067
1574114124600,2019-11-18T16:55:24.600,98.070,0.455,-0.829,0.059
1574114124610,2019-11-18T16:55:24.610,98.080,0.435,-0.830,0.063
1574114124620,2019-11-18T16:55:24.620,98.090,0.418,-0.826,0.064
1574114124630,2019-11-18T16:55:24.630,98.100,0.422,-0.850,0.066
1574114124640,2019-11-18T16:55:24.640,98.110,0.429,-0.869,0.073
1574114124650,2019-11-18T16:55:24.650,98.120,0.420,-0.859,0.079
1574114124660,2019-11-18T16:55:24.660,98.130,0.418,-0.855,0.088
1574114124670,2019-11-18T16:55:24.670,98.140,0.402,-0.856,0.086
1574114124680,2019-11-18T16:55:24.680,98.150,0.382,-0.855,0.086
1574114124690,2019-11-18T16:55:24.690,98.160,0.384,-0.864,0.096
1574114124700,2019-11-18T16:55:24.700,98.170,0.391,-0.895,0.101
1574114124710,2019-11-18T16:55:24.710,98.180,0.396,-0.911,0.103
1574114124720,2019-11-18T16:55:24.720,98.190,0.383,-0.896,0.106
1574114124730,2019-11-18T16:55:24.730,98.200,0.369,-0.877,0.105
1574114124740,2019-11-18T16:55:24.740,98.210,0.362,-0.889,0.105
1574114124750,2019-11-18T16:55:24.750,98.220,0.351,-0.896,0.095
1574114124760,2019-11-18T16:55:24.760,98.230,0.331,-0.885,0.090
1574114124770,2019-11-18T16:55:24.770,98.240,0.331,-0.893,0.095
1574114124780,2019-11-18T16:55:24.780,98.250,0.333,-0.891,0.099
1574114124790,2019-11-18T16:55:24.790,98.260,0.320,-0.867,0.101
1574114124800,2019-11-18T16:55:24.800,98.270,0.340,-0.879,0.105
1574114124810,2019-11-18T16:55:24.810,98.280,0.345,-0.911,0.111
1574114124820,2019-11-18T16:55:24.820,98.290,0.343,-0.917,0.117
1574114124830,2019-11-18T16:55:24.830,98.300,0.347,-0.908,0.122
1574114124840,2019-11-18T16:55:24.840,98.310,0.346,-0.897,0.121
1574114124850,2019-11-18T16:55:24.850,98.320,0.362,-0.916,0.131
1574114124860,2019-11-18T16:55:24.860,98.330,0.371,-0.931,0.136
1574114124870,2019-11-18T16:55:24.870,98.340,0.368,-0.905,0.141
1574114124880,2019-11-18T16:55:24.880,98.350,0.377,-0.903,0.154
1574114124890,2019-11-18T16:55:24.890,98.360,0.403,-0.928,0.166
1574114124900,2019-11-18T16:55:24.900,98.370,0.428,-0.934,0.165
1574114124910,2019-11-18T16:55:24.910,98.380,0.431,-0.907,0.174
1574114124920,2019-11-18T16:55:24.920,98.390,0.434,-0.909,0.182
1574114124930,2019-11-18T16:55:24.930,98.400,0.439,-0.901,0.181
1574114124940,2019-11-18T16:55:24.940,98.410,0.441,-0.897,0.188
1574114124950,2019-11-18T16:55:24.950,98.420,0.451,-0.913,0.187
1574114124960,2019-11-18T16:55:24.960,98.430,0.456,-0.915,0.192
1574114124970,2019-11-18T16:55:24.970,98.440,0.459,-0.922,0.188
1574114124980,2019-11-18T16:55:24.980,98.450,0.460,-0.909,0.188
1574114124990,2019-11-18T16:55:24.990,98.460,0.454,-0.916,0.188
1574114125000,2019-11-18T16:55:25.000,98.470,0.436,-0.894,0.189
1574114125010,2019-11-18T16:55:25.010,98.480,0.435,-0.896,0.186
1574114125020,2019-11-18T16:55:25.020,98.490,0.438,-0.914,0.176
1574114125030,2019-11-18T16:55:25.030,98.500,0.428,-0.918,0.173
1574114125040,2019-11-18T16:55:25.040,98.510,0.430,-0.921,0.166
1574114125050,2019-11-18T16:55:25.050,98.520,0.415,-0.914,0.159
1574114125060,2019-11-18T16:55:25.060,98.530,0.401,-0.897,0.160
1574114125070,2019-11-18T16:55:25.070,98.540,0.397,-0.890,0.156
1574114125080,2019-11-18T16:55:25.080,98.550,0.406,-0.909,0.155
1574114125090,2019-11-18T16:55:25.090,98.560,0.413,-0.918,0.166
1574114125100,2019-11-18T16:55:25.100,98.570,0.413,-0.926,0.160
1574114125110,2019-11-18T16:55:25.110,98.580,0.407,-0.915,0.155
1574114125120,2019-11-18T16:55:25.120,98.590,0.398,-0.895,0.160
1574114125130,2019-11-18T16:55:25.130,98.600,0.400,-0.915,0.155
1574114125140,2019-11-18T16:55:25.140,98.610,0.401,-0.918,0.150
1574114125150,2019-11-18T16:55:25.150,98.620,0.415,-0.912,0.155
1574114125160,2019-11-18T16:55:25.160,98.630,0.412,-0.903,0.156
1574114125170,2019-11-18T16:55:25.170,98.640,0.408,-0.906,0.154
1574114125180,2019-11-18T16:55:25.180,98.650,0.404,-0.900,0.151
1574114125190,2019-11-18T16:55:25.190,98.660,0.399,-0.888,0.155
1574114125200,2019-11-18T16:55:25.200,98.670,0.406,-0.903,0.160
1574114125210,2019-11-18T16:55:25.210,98.680,0.417,-0.924,0.156
1574114125220,2019-11-18T16:55:25.220,98.690,0.412,-0.922,0.159
1574114125230,2019-11-18T16:55:25.230,98.700,0.412,-0.917,0.158
1574114125240,2019-11-18T16:55:25.240,98.710,0.409,-0.900,0.144
1574114125250,2019-11-18T16:55:25.250,98.720,0.400,-0.894,0.148
1574114125260,2019-11-18T16:55:25.260,98.730,0.415,-0.914,0.155
1574114125270,2019-11-18T16:55:25.270,98.740,0.419,-0.952,0.154
1574114125280,2019-11-18T16:55:25.280,98.750,0.423,-0.960,0.150
1574114125290,2019-11-18T16:55:25.290,98.760,0.424,-0.932,0.150
1574114125300,2019-11-18T16:55:25.300,98.770,0.418,-0.913,0.157
1574114125310,2019-11-18T16:55:25.310,98.780,0.423,-0.917,0.153
1574114125320,2019-11-18T16:55:25.320,98.790,0.421,-0.919,0.150
1574114125330,2019-11-18T16:55:25.330,98.800,0.411,-0.913,0.151
1574114125340,2019-11-18T16:55:25.340,98.810,0.406,-0.913,0.154
1574114125350,2019-11-18T16:55:25.350,98.820,0.405,-0.912,0.149
1574114125360,2019-11-18T16:55:25.360,98.830,0.401,-0.909,0.146
1574114125370,2019-11-18T16:55:25.370,98.840,0.401,-0.917,0.149
1574114125380,2019-11-18T16:55:25.380,98.850,0.408,-0.912,0.151
1574114125390,2019-11-18T16:55:25.390,98.860,0.408,-0.909,0.152
1574114125400,2019-11-18T16:55:25.400,98.870,0.411,-0.914,0.153
1574114125410,2019-11-18T16:55:25.410,98.880,0.404,-0.911,0.149
1574114125420,2019-11-18T16:55:25.420,98.890,0.406,-0.906,0.150
1574114125430,2019-11-18T16:55:25.430,98.900,0.408,-0.907,0.151
1574114125440,2019-11-18T16:55:25.440,98.910,0.415,-0.907,0.150
1574114125450,2019-11-18T16:55:25.450,98.920,0.415,-0.911,0.154
1574114125460,2019-11-18T16:55:25.460,98.930,0.418,-0.916,0.150
1574114125470,2019-11-18T16:55:25.470,98.940,0.416,-0.914,0.151
1574114125480,2019-11-18T16:55:25.480,98.950,0.409,-0.917,0.147
1574114125490,2019-11-18T16:55:25.490,98.960,0.411,-0.927,0.141
1574114125500,2019-11-18T16:55:25.500,98.970,0.417,-0.938,0.138
1574114125510,2019-11-18T16:55:25.510,98.980,0.411,-0.917,0.142
1574114125520,2019-11-18T16:55:25.520,98.990,0.410,-0.912,0.142
1574114125530,2019-11-18T16:55:25.530,99.000,0.411,-0.913,0.138
1574114125540,2019-11-18T16:55:25.540,99.010,0.407,-0.913,0.137
1574114125550,2019-11-18T16:55:25.550,99.020,0.411,-0.906,0.139
1574114125560,2019-11-18T16:55:25.560,99.030,0.404,-0.905,0.138
1574114125570,2019-11-18T16:55:25.570,99.040,0.415,-0.917,0.145
1574114125580,2019-11-18T16:55:25.580,99.050,0.430,-0.923,0.150
1574114125590,2019-11-18T16:55:25.590,99.060,0.438,-0.929,0.158
1574114125600,2019-11-18T16:55:25.600,99.070,0.440,-0.923,0.155
1574114125610,2019-11-18T16:55:25.610,99.080,0.439,-0.917,0.169
1574114125620,2019-11-18T16:55:25.620,99.090,0.459,-0.940,0.190
1574114125630,2019-11-18T16:55:25.630,99.100,0.485,-0.950,0.190
1574114125640,2019-11-18T16:55:25.640,99.110,0.480,-0.935,0.192
1574114125650,2019-11-18T16:55:25.650,99.120,0.478,-0.937,0.200
1574114125660,2019-11-18T16:55:25.660,99.130,0.483,-0.966,0.205
1574114125670,2019-11-18T16:55:25.670,99.140,0.486,-0.985,0.225
1574114125680,2019-11-18T16:55:25.680,99.150,0.499,-1.007,0.232
1574114125690,2019-11-18T16:55:25.690,99.160,0.495,-1.003,0.224
1574114125700,2019-11-18T16:55:25.700,99.170,0.463,-0.971,0.202
1574114125710,2019-11-18T16:55:25.710,99.180,0.432,-0.901,0.171
1574114125720,2019-11-18T16:55:25.720,99.190,0.401,-0.827,0.159
1574114125730,2019-11-18T16:55:25.730,99.200,0.373,-0.809,0.134
1574114125740,2019-11-18T16:55:25.740,99.210,0.328,-0.842,0.111
1574114125750,2019-11-18T16:55:25.750,99.220,0.306,-0.852,0.101
1574114125760,2019-11-18T16:55:25.760,99.230,0.277,-0.857,0.098
1574114125770,2019-11-18T16:55:25.770,99.240,0.247,-0.913,0.099
1574114125780,2019-11-18T16:55:25.780,99.250,0.245,-0.944,0.102
1574114125790,2019-11-18T16:55:25.790,99.260,0.236,-0.914,0.110
1574114125800,2019-11-18T16:55:25.800,99.270,0.226,-0.880,0.124
1574114125810,2019-11-18T16:55:25.810,99.280,0.249,-0.891,0.137
1574114125820,2019-11-18T16:55:25.820,99.290,0.305,-0.928,0.175
1574114125830,2019-11-18T16:55:25.830,99.300,0.369,-0.902,0.206
1574114125840,2019-11-18T16:55:25.840,99.310,0.408,-0.825,0.239
1574114125850,2019-11-18T16:55:25.850,99.320,0.442,-0.802,0.270
1574114125860,2019-11-18T16:55:25.860,99.330,0.484,-0.814,0.284
1574114125870,2019-11-18T16:55:25.870,99.340,0.509,-0.799,0.308
1574114125880,2019-11-18T16:55:25.880,99.350,0.523,-0.811,0.324
1574114125890,2019-11-18T16:55:25.890,99.360,0.545,-0.844,0.339
1574114125900,2019-11-18T16:55:25.900,99.370,0.553,-0.849,0.335
1574114125910,2019-11-18T16:55:25.910,99.380,0.551,-0.842,0.340
1574114125920,2019-11-18T16:55:25.920,99.390,0.544,-0.853,0.339
1574114125930,2019-11-18T16:55:25.930,99.400,0.546,-0.869,0.340
1574114125940,2019-11-18T16:55:25.940,99.410,0.541,-0.868,0.337
1574114125950,2019-11-18T16:55:25.950,99.420,0.535,-0.865,0.334
1574114125960,2019-11-18T16:55:25.960,99.430,0.538,-0.876,0.323
1574114125970,2019-11-18T16:55:25.970,99.440,0.528,-0.876,0.317
1574114125980,2019-11-18T16:55:25.980,99.450,0.514,-0.875,0.313
1574114125990,2019-11-18T16:55:25.990,99.460,0.521,-0.886,0.309
1574114126000,2019-11-18T16:55:26.000,99.470,0.535,-0.890,0.304
1574114126010,2019-11-18T16:55:26.010,99.480,0.536,-0.883,0.302
1574114126020,2019-11-18T16:55:26.020,99.490,0.534,-0.876,0.299
1574114126030,2019-11-18T16:55:26.030,99.500,0.516,-0.864,0.289
1574114126040,2019-11-18T16:55:26.040,99.510,0.493,-0.841,0.278
1574114126050,2019-11-18T16:55:26.050,99.520,0.466,-0.829,0.263
1574114126060,2019-11-18T16:55:26.060,99.530,0.463,-0.873,0.256
1574114126070,2019-11-18T16:55:26.070,99.540,0.464,-0.900,0.229
1574114126080,2019-11-18T16:55:26.080,99.550,0.441,-0.879,0.220
1574114126090,2019-11-18T16:55:26.090,99.560,0.438,-0.842,0.222
1574114126100,2019-11-18T16:55:26.100,99.570,0.438,-0.850,0.221
1574114126110,2019-11-18T16:55:26.110,99.580,0.450,-0.880,0.211
1574114126120,2019-11-18T16:55:26.120,99.590,0.456,-0.905,0.216
1574114126130,2019-11-18T16:55:26.130,99.600,0.443,-0.903,0.207
1574114126140,2019-11-18T16:55:26.140,99.610,0.435,-0.894,0.189
1574114126150,2019-11-18T16:55:26.150,99.620,0.438,-0.894,0.189
1574114126160,2019-11-18T16:55:26.160,99.630,0.437,-0.895,0.190
1574114126170,2019-11-18T16:55:26.170,99.640,0.437,-0.892,0.191
1574114126180,2019-11-18T16:55:26.180,99.650,0.447,-0.912,0.187
1574114126190,2019-11-18T16:55:26.190,99.660,0.428,-0.944,0.163
1574114126200,2019-11-18T16:55:26.200,99.670,0.397,-0.951,0.138
1574114126210,2019-11-18T16:55:26.210,99.680,0.366,-0.946,0.105
1574114126220,2019-11-18T16:55:26.220,99.690,0.343,-0.928,0.073
1574114126230,2019-11-18T16:55:26.230,99.700,0.316,-0.881,0.046
1574114126240,2019-11-18T16:55:26.240,99.710,0.301,-0.847,0.018
1574114126250,2019-11-18T16:55:26.250,99.720,0.317,-0.863,0.031
1574114126260,2019-11-18T16:55:26.260,99.730,0.365,-0.906,0.031
1574114126270,2019-11-18T16:55:26.270,99.740,0.389,-0.897,0.038
1574114126280,2019-11-18T16:55:26.280,99.750,0.396,-0.880,0.061
1574114126290,2019-11-18T16:55:26.290,99.760,0.411,-0.891,0.052
1574114126300,2019-11-18T16:55:26.300,99.770,0.425,-0.877,0.044
1574114126310,2019-11-18T16:55:26.310,99.780,0.408,-0.859,0.044
1574114126320,2019-11-18T16:55:26.320,99.790,0.413,-0.888,0.041
1574114126330,2019-11-18T16:55:26.330,99.800,0.432,-0.894,0.034
1574114126340,2019-11-18T16:55:26.340,99.810,0.417,-0.891,0.021
1574114126350,2019-11-18T16:55:26.350,99.820,0.438,-0.879,0.019
1574114126360,2019-11-18T16:55:26.360,99.830,0.472,-0.855,0.031
1574114126370,2019-11-18T16:55:26.370,99.840,0.497,-0.848,0.040
1574114126380,2019-11-18T16:55:26.380,99.850,0.527,-0.864,0.050
1574114126390,2019-11-18T16:55:26.390,99.860,0.559,-0.897,0.068
1574114126400,2019-11-18T16:55:26.400,99.870,0.588,-0.920,0.080
1574114126410,2019-11-18T16:55:26.410,99.880,0.599,-0.938,0.085
1574114126420,2019-11-18T16:55:26.420,99.890,0.605,-0.940,0.081
1574114126430,2019-11-18T16:55:26.430,99.900,0.608,-0.926,0.081
1574114126440,2019-11-18T16:55:26.440,99.910,0.626,-0.906,0.090
1574114126450,2019-11-18T16:55:26.450,99.920,0.625,-0.897,0.095
1574114126460,2019-11-18T16:55:26.460,99.930,0.615,-0.922,0.084
1574114126470,2019-11-18T16:55:26.470,99.940,0.622,-0.911,0.083
1574114126480,2019-11-18T16:55:26.480,99.950,0.616,-0.860,0.088
1574114126490,2019-11-18T16:55:26.490,99.960,0.597,-0.849,0.099
1574114126500,2019-11-18T16:55:26.500,99.970,0.602,-0.874,0.102
1574114126510,2019-11-18T16:55:26.510,99.980,0.604,-0.896,0.104
1574114126520,2019-11-18T16:55:26.520,99.990,0.591,-0.892,0.093
1574114126530,2019-11-18T16:55:26.530,100.000,0.560,-0.865,0.082
1574114126540,2019-11-18T16:55:26.540,100.010,0.545,-0.851,0.077
1574114126550,2019-11-18T16:55:26.550,100.020,0.541,-0.877,0.070
1574114126560,2019-11-18T16:55:26.560,100.030,0.541,-0.893,0.063
1574114126570,2019-11-18T16:55:26.570,100.040,0.536,-0.867,0.065
1574114126580,2019-11-18T16:55:26.580,100.050,0.531,-0.855,0.068
1574114126590,2019-11-18T16:55:26.590,100.060,0.520,-0.890,0.057
1574114126600,2019-11-18T16:55:26.600,100.070,0.500,-0.886,0.051
1574114126610,2019-11-18T16:55:26.610,100.080,0.482,-0.858,0.044
1574114126620,2019-11-18T16:55:26.620,100.090,0.498,-0.871,0.046
1574114126630,2019-11-18T16:55:26.630,100.100,0.498,-0.897,0.045
1574114126640,2019-11-18T16:55:26.640,100.110,0.487,-0.886,0.046
1574114126650,2019-11-18T16:55:26.650,100.120,0.481,-0.881,0.046
1574114126660,2019-11-18T16:55:26.660,100.130,0.497,-0.919,0.040
1574114126670,2019-11-18T16:55:26.670,100.140,0.503,-0.928,0.040
1574114126680,2019-11-18T16:55:26.680,100.150,0.489,-0.896,0.044
1574114126690,2019-11-18T16:55:26.690,100.160,0.475,-0.888,0.043
1574114126700,2019-11-18T16:55:26.700,100.170,0.476,-0.887,0.040
1574114126710,2019-11-18T16:55:26.710,100.180,0.473,-0.875,0.042
1574114126720,2019-11-18T16:55:26.720,100.190,0.454,-0.863,0.042
1574114126730,2019-11-18T16:55:26.730,100.200,0.440,-0.861,0.037
1574114126740,2019-11-18T16:55:26.740,100.210,0.438,-0.860,0.033
1574114126750,2019-11-18T16:55:26.750,100.220,0.437,-0.850,0.033
1574114126760,2019-11-18T16:55:26.760,100.230,0.409,-0.830,0.025
1574114126770,2019-11-18T16:55:26.770,100.240,0.403,-0.826,0.030
1574114126780,2019-11-18T16:55:26.780,100.250,0.416,-0.826,0.032
1574114126790,2019-11-18T16:55:26.790,100.260,0.409,-0.812,0.029
1574114126800,2019-11-18T16:55:26.800,100.270,0.401,-0.789,0.033
1574114126810,2019-11-18T16:55:26.810,100.280,0.396,-0.801,0.034
1574114126820,2019-11-18T16:55:26.820,100.290,0.414,-0.803,0.030
1574114126830,2019-11-18T16:55:26.830,100.300,0.421,-0.754,0.037
1574114126840,2019-11-18T16:55:26.840,100.310,0.405,-0.708,0.034
1574114126850,2019-11-18T16:55:26.850,100.320,0.410,-0.709,0.039
1574114126860,2019-11-18T16:55:26.860,100.330,0.430,-0.743,0.041
1574114126870,2019-11-18T16:55:26.870,100.340,0.447,-0.781,0.040
1574114126880,2019-11-18T16:55:26.880,100.350,0.463,-0.773,0.036
1574114126890,2019-11-18T16:55:26.890,100.360,0.466,-0.763,0.028
1574114126900,2019-11-18T16:55:26.900,100.370,0.482,-0.774,0.020
1574114126910,2019-11-18T16:55:26.910,100.380,0.514,-0.758,0.015
1574114126920,2019-11-18T16:55:26.920,100.390,0.540,-0.758,0.019
1574114126930,2019-11-18T16:55:26.930,100.400,0.575,-0.764,0.017
1574114126940,2019-11-18T16:55:26.940,100.410,0.593,-0.760,0.008
1574114126950,2019-11-18T16:55:26.950,100.420,0.598,-0.772,0.000
1574114126960,2019-11-18T16:55:26.960,100.430,0.620,-0.794,-0.013
1574114126970,2019-11-18T16:55:26.970,100.440,0.646,-0.800,-0.021
1574114126980,2019-11-18T16:55:26.980,100.450,0.665,-0.792,-0.025
1574114126990,2019-11-18T16:55:26.990,100.460,0.669,-0.794,-0.036
1574114127000,2019-11-18T16:55:27.000,100.470,0.678,-0.807,-0.044
1574114127010,2019-11-18T16:55:27.010,100.480,0.693,-0.806,-0.054
1574114127020,2019-11-18T16:55:27.020,100.490,0.708,-0.788,-0.064
1574114127030,2019-11-18T16:55:27.030,100.500,0.728,-0.782,-0.074
1574114127040,2019-11-18T16:55:27.040,100.510,0.747,-0.799,-0.083
1574114127050,2019-11-18T16:55:27.050,100.520,0.759,-0.808,-0.087
1574114127060,2019-11-18T16:55:27.060,100.530,0.764,-0.807,-0.095
1574114127070,2019-11-18T16:55:27.070,100.540,0.766,-0.803,-0.094
1574114127080,2019-11-18T16:55:27.080,100.550,0.772,-0.798,-0.094
1574114127090,2019-11-18T16:55:27.090,100.560,0.779,-0.788,-0.095
1574114127100,2019-11-18T16:55:27.100,100.570,0.778,-0.770,-0.094
1574114127110,2019-11-18T16:55:27.110,100.580,0.774,-0.740,-0.092
1574114127120,2019-11-18T16:55:27.120,100.590,0.773,-0.708,-0.094
1574114127130,2019-11-18T16:55:27.130,100.600,0.784,-0.697,-0.087
1574114127140,2019-11-18T16:55:27.140,100.610,0.797,-0.696,-0.085
1574114127150,2019-11-18T16:55:27.150,100.620,0.807,-0.695,-0.079
1574114127160,2019-11-18T16:55:27.160,100.630,0.809,-0.692,-0.082
1574114127170,2019-11-18T16:55:27.170,100.640,0.809,-0.683,-0.082
1574114127180,2019-11-18T16:55:27.180,100.650,0.803,-0.673,-0.080
1574114127190,2019-11-18T16:55:27.190,100.660,0.801,-0.678,-0.077
1574114127200,2019-11-18T16:55:27.200,100.670,0.798,-0.667,-0.083
1574114127210,2019-11-18T16:55:27.210,100.680,0.798,-0.646,-0.078
1574114127220,2019-11-18T16:55:27.220,100.690,0.808,-0.641,-0.074
1574114127230,2019-11-18T16:55:27.230,100.700,0.815,-0.651,-0.074
1574114127240,2019-11-18T16:55:27.240,100.710,0.827,-0.654,-0.064
1574114127250,2019-11-18T16:55:27.250,100.720,0.819,-0.643,-0.060
1574114127260,2019-11-18T16:55:27.260,100.730,0.818,-0.627,-0.059
1574114127270,2019-11-18T16:55:27.270,100.740,0.819,-0.621,-0.055
1574114127280,2019-11-18T16:55:27.280,100.750,0.818,-0.640,-0.061
1574114127290,2019-11-18T16:55:27.290,100.760,0.825,-0.643,-0.063
1574114127300,2019-11-18T16:55:27.300,100.770,0.823,-0.629,-0.056
1574114127310,2019-11-18T16:55:27.310,100.780,0.807,-0.623,-0.060
1574114127320,2019-11-18T16:55:27.320,100.790,0.808,-0.619,-0.067
1574114127330,2019-11-18T16:55:27.330,100.800,0.813,-0.613,-0.060
1574114127340,2019-11-18T16:55:27.340,100.810,0.811,-0.604,-0.059
1574114127350,2019-11-18T16:55:27.350,100.820,0.819,-0.602,-0.060
1574114127360,2019-11-18T16:55:27.360,100.830,0.826,-0.601,-0.055
1574114127370,2019-11-18T16:55:27.370,100.840,0.829,-0.604,-0.055
1574114127380,2019-11-18T16:55:27.380,100.850,0.833,-0.618,-0.053
1574114127390,2019-11-18T16:55:27.390,100.860,0.842,-0.625,-0.052
1574114127400,2019-11-18T16:55:27.400,100.870,0.847,-0.612,-0.050
1574114127410,2019-11-18T16:55:27.410,100.880,0.842,-0.610,-0.047
1574114127420,2019-11-18T16:55:27.420,100.890,0.843,-0.611,-0.048
1574114127430,2019-11-18T16:55:27.430,100.900,0.842,-0.606,-0.049
1574114127440,2019-11-18T16:55:27.440,100.910,0.840,-0.603,-0.054
1574114127450,2019-11-18T16:55:27.450,100.920,0.838,-0.604,-0.057
1574114127460,2019-11-18T16:55:27.460,100.930,0.834,-0.603,-0.063
1574114127470,2019-11-18T16:55:27.470,100.940,0.840,-0.594,-0.058
1574114127480,2019-11-18T16:55:27.480,100.950,0.848,-0.597,-0.063
1574114127490,2019-11-18T16:55:27.490,100.960,0.846,-0.603,-0.058
1574114127500,2019-11-18T16:55:27.500,100.970,0.843,-0.605,-0.060
1574114127510,2019-11-18T16:55:27.510,100.980,0.851,-0.598,-0.058
1574114127520,2019-11-18T16:55:27.520,100.990,0.857,-0.603,-0.054
1574114127530,2019-11-18T16:55:27.530,101.000,0.864,-0.608,-0.050
1574114127540,2019-11-18T16:55:27.540,101.010,0.874,-0.597,-0.041
1574114127550,2019-11-18T16:55:27.550,101.020,0.912,-0.589,-0.027
1574114127560,2019-11-18T16:55:27.560,101.030,0.961,-0.630,-0.007
1574114127570,2019-11-18T16:55:27.570,101.040,1.018,-0.692,0.034
1574114127580,2019-11-18T16:55:27.580,101.050,1.080,-0.724,0.064
1574114127590,2019-11-18T16:55:27.590,101.060,1.139,-0.751,0.093
1574114127600,2019-11-18T16:55:27.600,101.070,1.196,-0.749,0.133
1574114127610,2019-11-18T16:55:27.610,101.080,1.211,-0.698,0.159
1574114127620,2019-11-18T16:55:27.620,101.090,1.196,-0.678,0.168
1574114127630,2019-11-18T16:55:27.630,101.100,1.234,-0.704,0.194
1574114127640,2019-11-18T16:55:27.640,101.110,1.285,-0.711,0.195
1574114127650,2019-11-18T16:55:27.650,101.120,1.264,-0.707,0.181
1574114127660,2019-11-18T16:55:27.660,101.130,1.217,-0.691,0.157
1574114127670,2019-11-18T16:55:27.670,101.140,1.164,-0.683,0.134
1574114127680,2019-11-18T16:55:27.680,101.150,1.112,-0.659,0.108
1574114127690,2019-11-18T16:55:27.690,101.160,1.045,-0.644,0.077
1574114127700,2019-11-18T16:55:27.700,101.170,0.979,-0.667,0.049
1574114127710,2019-11-18T16:55:27.710,101.180,0.928,-0.637,0.026
1574114127720,2019-11-18T16:55:27.720,101.190,0.846,-0.584,0.007
1574114127730,2019-11-18T16:55:27.730,101.200,0.756,-0.574,-0.029
1574114127740,2019-11-18T16:55:27.740,101.210,0.650,-0.555,-0.053
1574114127750,2019-11-18T16:55:27.750,101.220,0.561,-0.504,-0.047
1574114127760,2019-11-18T16:55:27.760,101.230,0.509,-0.492,-0.029
1574114127770,2019-11-18T16:55:27.770,101.240,0.478,-0.511,-0.017
1574114127780,2019-11-18T16:55:27.780,101.250,0.444,-0.570,-0.005
1574114127790,2019-11-18T16:55:27.790,101.260,0.408,-0.651,-0.006
1574114127800,2019-11-18T16:55:27.800,101.270,0.361,-0.692,-0.008
1574114127810,2019-11-18T16:55:27.810,101.280,0.329,-0.719,-0.003
1574114127820,2019-11-18T16:55:27.820,101.290,0.305,-0.740,0.013
1574114127830,2019-11-18T16:55:27.830,101.300,0.286,-0.766,0.029
1574114127840,2019-11-18T16:55:27.840,101.310,0.296,-0.785,0.045
1574114127850,2019-11-18T16:55:27.850,101.320,0.291,-0.789,0.067
1574114127860,2019-11-18T16:55:27.860,101.330,0.281,-0.790,0.076
1574114127870,2019-11-18T16:55:27.870,101.340,0.288,-0.797,0.083
1574114127880,2019-11-18T16:55:27.880,101.350,0.297,-0.799,0.098
1574114127890,2019-11-18T16:55:27.890,101.360,0.285,-0.810,0.106
1574114127900,2019-11-18T16:55:27.900,101.370,0.281,-0.852,0.116
1574114127910,2019-11-18T16:55:27.910,101.380,0.301,-0.881,0.134
1574114127920,2019-11-18T16:55:27.920,101.390,0.318,-0.887,0.153
1574114127930,2019-11-18T16:55:27.930,101.400,0.321,-0.885,0.160
1574114127940,2019-11-18T16:55:27.940,101.410,0.326,-0.887,0.165
1574114127950,2019-11-18T16:55:27.950,101.420,0.338,-0.887,0.162
1574114127960,2019-11-18T16:55:27.960,101.430,0.326,-0.903,0.165
1574114127970,2019-11-18T16:55:27.970,101.440,0.329,-0.902,0.171
1574114127980,2019-11-18T16:55:27.980,101.450,0.341,-0.896,0.173
1574114127990,2019-11-18T16:55:27.990,101.460,0.342,-0.903,0.177
1574114128000,2019-11-18T16:55:28.000,101.470,0.348,-0.906,0.175
1574114128010,2019-11-18T16:55:28.010,101.480,0.348,-0.913,0.167
1574114128020,2019-11-18T16:55:28.020,101.490,0.345,-0.925,0.167
1574114128030,2019-11-18T16:55:28.030,101.500,0.343,-0.920,0.166
1574114128040,2019-11-18T16:55:28.040,101.510,0.345,-0.922,0.167
1574114128050,2019-11-18T16:55:28.050,101.520,0.360,-0.933,0.174
1574114128060,2019-11-18T16:55:28.060,101.530,0.377,-0.923,0.182
1574114128070,2019-11-18T16:55:28.070,101.540,0.370,-0.907,0.189
1574114128080,2019-11-18T16:55:28.080,101.550,0.361,-0.918,0.180
1574114128090,2019-11-18T16:55:28.090,101.560,0.351,-0.921,0.175
1574114128100,2019-11-18T16:55:28.100,101.570,0.348,-0.915,0.169
1574114128110,2019-11-18T16:55:28.110,101.580,0.343,-0.930,0.163
1574114128120,2019-11-18T16:55:28.120,101.590,0.335,-0.940,0.153
1574114128130,2019-11-18T16:55:28.130,101.600,0.336,-0.927,0.151
1574114128140,2019-11-18T16:55:28.140,101.610,0.341,-0.928,0.150
1574114128150,2019-11-18T16:55:28.150,101.620,0.335,-0.939,0.147
1574114128160,2019-11-18T16:55:28.160,101.630,0.330,-0.932,0.148
1574114128170,2019-11-18T16:55:28.170,101.640,0.332,-0.933,0.146
1574114128180,2019-11-18T16:55:28.180,101.650,0.337,-0.949,0.145
1574114128190,2019-11-18T16:55:28.190,101.660,0.336,-0.949,0.144
1574114128200,2019-11-18T16:55:28.200,101.670,0.335,-0.936,0.143
1574114128210,2019-11-18T16:55:28.210,101.680,0.335,-0.931,0.142
1574114128220,2019-11-18T16:55:28.220,101.690,0.336,-0.926,0.144
1574114128230,2019-11-18T16:55:28.230,101.700,0.340,-0.915,0.147
1574114128240,2019-11-18T16:55:28.240,101.710,0.342,-0.921,0.152
1574114128250,2019-11-18T16:55:28.250,101.720,0.347,-0.935,0.150
1574114128260,2019-11-18T16:55:28.260,101.730,0.346,-0.943,0.149
1574114128270,2019-11-18T16:55:28.270,101.740,0.354,-0.950,0.151
1574114128280,2019-11-18T16:55:28.280,101.750,0.363,-0.945,0.164
1574114128290,2019-11-18T16:55:28.290,101.760,0.373,-0.931,0.170
1574114128300,2019-11-18T16:55:28.300,101.770,0.379,-0.915,0.176
1574114128310,2019-11-18T16:55:28.310,101.780,0.375,-0.928,0.175
1574114128320,2019-11-18T16:55:28.320,101.790,0.377,-0.945,0.170
1574114128330,2019-11-18T16:55:28.330,101.800,0.377,-0.944,0.163
1574114128340,2019-11-18T16:55:28.340,101.810,0.372,-0.942,0.156
1574114128350,2019-11-18T16:55:28.350,101.820,0.363,-0.942,0.154
1574114128360,2019-11-18T16:55:28.360,101.830,0.369,-0.943,0.153
1574114128370,2019-11-18T16:55:28.370,101.840,0.382,-0.935,0.158
1574114128380,2019-11-18T16:55:28.380,101.850,0.394,-0.928,0.162
1574114128390,2019-11-18T16:55:28.390,101.860,0.390,-0.931,0.167
1574114128400,2019-11-18T16:55:28.400,101.870,0.379,-0.925,0.162
1574114128410,2019-11-18T16:55:28.410,101.880,0.376,-0.928,0.155
1574114128420,2019-11-18T16:55:28.420,101.890,0.377,-0.935,0.153
1574114128430,2019-11-18T16:55:28.430,101.900,0.373,-0.930,0.149
1574114128440,2019-11-18T16:55:28.440,101.910,0.378,-0.936,0.151
1574114128450,2019-11-18T16:55:28.450,101.920,0.383,-0.948,0.151
1574114128460,2019-11-18T16:55:28.460,101.930,0.378,-0.943,0.143
1574114128470,2019-11-18T16:55:28.470,101.940,0.367,-0.938,0.136
1574114128480,2019-11-18T16:55:28.480,101.950,0.360,-0.941,0.131
1574114128490,2019-11-18T16:55:28.490,101.960,0.354,-0.938,0.124
1574114128500,2019-11-18T16:55:28.500,101.970,0.343,-0.939,0.117
1574114128510,2019-11-18T16:55:28.510,101.980,0.335,-0.929,0.112
1574114128520,2019-11-18T16:55:28.520,101.990,0.336,-0.929,0.112
1574114128530,2019-11-18T16:55:28.530,102.000,0.344,-0.940,0.115
1574114128540,2019-11-18T16:55:28.540,102.010,0.356,-0.942,0.118
1574114128550,2019-11-18T16:55:28.550,102.020,0.345,-0.945,0.118
1574114128560,2019-11-18T16:55:28.560,102.030,0.338,-0.941,0.114
1574114128570,2019-11-18T16:55:28.570,102.040,0.338,-0.944,0.113
1574114128580,2019-11-18T16:55:28.580,102.050,0.339,-0.945,0.109
1574114128590,2019-11-18T16:55:28.590,102.060,0.333,-0.942,0.105
1574114128600,2019-11-18T16:55:28.600,102.070,0.334,-0.935,0.108
1574114128610,2019-11-18T16:55:28.610,102.080,0.342,-0.931,0.112
1574114128620,2019-11-18T16:55:28.620,102.090,0.353,-0.933,0.119
1574114128630,2019-11-18T16:55:28.630,102.100,0.360,-0.940,0.127
1574114128640,2019-11-18T16:55:28.640,102.110,0.362,-0.946,0.128
1574114128650,2019-11-18T16:55:28.650,102.120,0.357,-0.948,0.122
1574114128660,2019-11-18T16:55:28.660,102.130,0.351,-0.954,0.119
1574114128670,2019-11-18T16:55:28.670,102.140,0.348,-0.948,0.113
1574114128680,2019-11-18T16:55:28.680,102.150,0.342,-0.944,0.113
1574114128690,2019-11-18T16:55:28.690,102.160,0.349,-0.943,0.120
1574114128700,2019-11-18T16:55:28.700,102.170,0.364,-0.946,0.129
1574114128710,2019-11-18T16:55:28.710,102.180,0.372,-0.944,0.131
1574114128720,2019-11-18T16:55:28.720,102.190,0.371,-0.943,0.133
1574114128730,2019-11-18T16:55:28.730,102.200,0.367,-0.953,0.130
1574114128740,2019-11-18T16:55:28.740,102.210,0.367,-0.959,0.128
1574114128750,2019-11-18T16:55:28.750,102.220,0.366,-0.958,0.133
1574114128760,2019-11-18T16:55:28.760,102.230,0.377,-0.948,0.145
1574114128770,2019-11-18T16:55:28.770,102.240,0.388,-0.946,0.153
1574114128780,2019-11-18T16:55:28.780,102.250,0.407,-0.947,0.166
1574114128790,2019-11-18T16:55:28.790,102.260,0.428,-0.925,0.183
1574114128800,2019-11-18T16:55:28.800,102.270,0.423,-0.913,0.186
1574114128810,2019-11-18T16:55:28.810,102.280,0.416,-0.938,0.178
1574114128820,2019-11-18T16:55:28.820,102.290,0.409,-0.946,0.170
1574114128830,2019-11-18T16:55:28.830,102.300,0.402,-0.937,0.163
1574114128840,2019-11-18T16:55:28.840,102.310,0.398,-0.926,0.159
1574114128850,2019-11-18T16:55:28.850,102.320,0.383,-0.921,0.148
1574114128860,2019-11-18T16:55:28.860,102.330,0.369,-0.926,0.138
1574114128870,2019-11-18T16:55:28.870,102.340,0.361,-0.930,0.119
1574114128880,2019-11-18T16:55:28.880,102.350,0.333,-0.927,0.095
1574114128890,2019-11-18T16:55:28.890,102.360,0.303,-0.917,0.088
1574114128900,2019-11-18T16:55:28.900,102.370,0.288,-0.924,0.083
1574114128910,2019-11-18T16:55:28.910,102.380,0.283,-0.943,0.072
1574114128920,2019-11-18T16:55:28.920,102.390,0.277,-0.943,0.069
1574114128930,2019-11-18T16:55:28.930,102.400,0.273,-0.930,0.069
1574114128940,2019-11-18T16:55:28.940,102.410,0.262,-0.930,0.062
1574114128950,2019-11-18T16:55:28.950,102.420,0.248,-0.939,0.056
1574114128960,2019-11-18T16:55:28.960,102.430,0.248,-0.945,0.053
1574114128970,2019-11-18T16:55:28.970,102.440,0.252,-0.953,0.052
1574114128980,2019-11-18T16:55:28.980,102.450,0.260,-0.960,0.056
1574114128990,2019-11-18T16:55:28.990,102.460,0.265,-0.954,0.060
1574114129000,2019-11-18T16:55:29.000,102.470,0.267,-0.946,0.059
1574114129010,2019-11-18T16:55:29.010,102.480,0.268,-0.949,0.053
1574114129020,2019-11-18T16:55:29.020,102.490,0.270,-0.959,0.055
1574114129030,2019-11-18T16:55:29.030,102.500,0.275,-0.963,0.052
1574114129040,2019-11-18T16:55:29.040,102.510,0.284,-0.965,0.051
1574114129050,2019-11-18T16:55:29.050,102.520,0.288,-0.967,0.054
1574114129060,2019-11-18T16:55:29.060,102.530,0.286,-0.967,0.055
1574114129070,2019-11-18T16:55:29.070,102.540,0.296,-0.958,0.055
1574114129080,2019-11-18T16:55:29.080,102.550,0.301,-0.960,0.052
1574114129090,2019-11-18T16:55:29.090,102.560,0.299,-0.963,0.047
1574114129100,2019-11-18T16:55:29.100,102.570,0.294,-0.960,0.044
1574114129110,2019-11-18T16:55:29.110,102.580,0.282,-0.958,0.037
1574114129120,2019-11-18T16:55:29.120,102.590,0.286,-0.969,0.032
1574114129130,2019-11-18T16:55:29.130,102.600,0.291,-0.965,0.032
1574114129140,2019-11-18T16:55:29.140,102.610,0.293,-0.958,0.034
1574114129150,2019-11-18T16:55:29.150,102.620,0.297,-0.966,0.033
1574114129160,2019-11-18T16:55:29.160,102.630,0.294,-0.978,0.025
1574114129170,2019-11-18T16:55:29.170,102.640,0.289,-0.984,0.020
1574114129180,2019-11-18T16:55:29.180,102.650,0.275,-0.985,0.014
1574114129190,2019-11-18T16:55:29.190,102.660,0.274,-0.985,0.012
1574114129200,2019-11-18T16:55:29.200,102.670,0.279,-0.982,0.009
1574114129210,2019-11-18T16:55:29.210,102.680,0.282,-0.976,0.012
1574114129220,2019-11-18T16:55:29.220,102.690,0.289,-0.974,0.013
1574114129230,2019-11-18T16:55:29.230,102.700,0.294,-0.970,0.016
1574114129240,2019-11-18T16:55:29.240,102.710,0.293,-0.964,0.019
1574114129250,2019-11-18T16:55:29.250,102.720,0.290,-0.977,0.019
1574114129260,2019-11-18T16:55:29.260,102.730,0.292,-0.990,0.014
1574114129270,2019-11-18T16:55:29.270,102.740,0.292,-0.990,0.015
1574114129280,2019-11-18T16:55:29.280,102.750,0.292,-0.983,0.017
1574114129290,2019-11-18T16:55:29.290,102.760,0.293,-0.981,0.017
1574114129300,2019-11-18T16:55:29.300,102.770,0.299,-0.969,0.021
1574114129310,2019-11-18T16:55:29.310,102.780,0.304,-0.961,0.026
1574114129320,2019-11-18T16:55:29.320,102.790,0.298,-0.969,0.025
1574114129330,2019-11-18T16:55:29.330,102.800,0.292,-0.974,0.024
1574114129340,2019-11-18T16:55:29.340,102.810,0.284,-0.968,0.020
1574114129350,2019-11-18T16:55:29.350,102.820,0.285,-0.966,0.019
1574114129360,2019-11-18T16:55:29.360,102.830,0.293,-0.968,0.025
1574114129370,2019-11-18T16:55:29.370,102.840,0.297,-0.970,0.031
1574114129380,2019-11-18T16:55:29.380,102.850,0.306,-0.958,0.037
1574114129390,2019-11-18T16:55:29.390,102.860,0.307,-0.946,0.042
1574114129400,2019-11-18T16:55:29.400,102.870,0.303,-0.965,0.036
1574114129410,2019-11-18T16:55:29.410,102.880,0.299,-0.982,0.029
1574114129420,2019-11-18T16:55:29.420,102.890,0.291,-0.969,0.025
1574114129430,2019-11-18T16:55:29.430,102.900,0.280,-0.967,0.020
1574114129440,2019-11-18T16:55:29.440,102.910,0.278,-0.976,0.014
1574114129450,2019-11-18T16:55:29.450,102.920,0.278,-0.974,0.014
1574114129460,2019-11-18T16:55:29.460,102.930,0.276,-0.963,0.013
1574114129470,2019-11-18T16:55:29.470,102.940,0.279,-0.962,0.011
1574114129480,2019-11-18T16:55:29.480,102.950,0.275,-0.971,0.014
1574114129490,2019-11-18T16:55:29.490,102.960,0.269,-0.979,0.006
1574114129500,2019-11-18T16:55:29.500,102.970,0.263,-0.978,-0.002
1574114129510,2019-11-18T16:55:29.510,102.980,0.261,-0.974,0.001
1574114129520,2019-11-18T16:55:29.520,102.990,0.268,-0.978,0.004
1574114129530,2019-11-18T16:55:29.530,103.000,0.271,-0.975,0.004
1574114129540,2019-11-18T16:55:29.540,103.010,0.275,-0.970,0.006
1574114129550,2019-11-18T16:55:29.550,103.020,0.275,-0.969,0.009
1574114129560,2019-11-18T16:55:29.560,103.030,0.271,-0.979,0.010
1574114129570,2019-11-18T16:55:29.570,103.040,0.265,-0.985,0.007
1574114129580,2019-11-18T16:55:29.580,103.050,0.261,-0.982,0.002
1574114129590,2019-11-18T16:55:29.590,103.060,0.251,-0.982,0.001
1574114129600,2019-11-18T16:55:29.600,103.070,0.250,-0.981,0.002
1574114129610,2019-11-18T16:55:29.610,103.080,0.247,-0.978,-0.004
1574114129620,2019-11-18T16:55:29.620,103.090,0.243,-0.972,-0.008
1574114129630,2019-11-18T16:55:29.630,103.100,0.244,-0.968,-0.008
1574114129640,2019-11-18T16:55:29.640,103.110,0.235,-0.975,-0.010
1574114129650,2019-11-18T16:55:29.650,103.120,0.225,-0.979,-0.019
1574114129660,2019-11-18T16:55:29.660,103.130,0.213,-0.973,-0.028
1574114129670,2019-11-18T16:55:29.670,103.140,0.198,-0.976,-0.035
1574114129680,2019-11-18T16:55:29.680,103.150,0.190,-0.987,-0.036
1574114129690,2019-11-18T16:55:29.690,103.160,0.190,-0.984,-0.039
1574114129700,2019-11-18T16:55:29.700,103.170,0.181,-0.992,-0.051
1574114129710,2019-11-18T16:55:29.710,103.180,0.174,-1.014,-0.063
1574114129720,2019-11-18T16:55:29.720,103.190,0.169,-1.032,-0.080
1574114129730,2019-11-18T16:55:29.730,103.200,0.149,-1.035,-0.094
1574114129740,2019-11-18T16:55:29.740,103.210,0.131,-1.039,-0.109
1574114129750,2019-11-18T16:55:29.750,103.220,0.119,-1.054,-0.135
1574114129760,2019-11-18T16:55:29.760,103.230,0.106,-1.067,-0.160
1574114129770,2019-11-18T16:55:29.770,103.240,0.109,-1.051,-0.173
1574114129780,2019-11-18T16:55:29.780,103.250,0.113,-1.014,-0.179
1574114129790,2019-11-18T16:55:29.790,103.260,0.124,-0.996,-0.180
1574114129800,2019-11-18T16:55:29.800,103.270,0.128,-1.004,-0.182
1574114129810,2019-11-18T16:55:29.810,103.280,0.138,-1.008,-0.183
1574114129820,2019-11-18T16:55:29.820,103.290,0.157,-1.005,-0.173
1574114129830,2019-11-18T16:55:29.830,103.300,0.179,-0.999,-0.165
1574114129840,2019-11-18T16:55:29.840,103.310,0.203,-0.982,-0.146
1574114129850,2019-11-18T16:55:29.850,103.320,0.229,-0.980,-0.121
1574114129860,2019-11-18T16:55:29.860,103.330,0.251,-0.988,-0.106
1574114129870,2019-11-18T16:55:29.870,103.340,0.276,-0.993,-0.083
1574114129880,2019-11-18T16:55:29.880,103.350,0.301,-0.984,-0.052
1574114129890,2019-11-18T16:55:29.890,103.360,0.322,-0.980,-0.029
1574114129900,2019-11-18T16:55:29.900,103.370,0.342,-0.979,-0.016
1574114129910,2019-11-18T16:55:29.910,103.380,0.334,-0.969,0.002
1574114129920,2019-11-18T16:55:29.920,103.390,0.327,-0.951,0.018
1574114129930,2019-11-18T16:55:29.930,103.400,0.322,-0.942,0.030
1574114129940,2019-11-18T16:55:29.940,103.410,0.320,-0.934,0.039
1574114129950,2019-11-18T16:55:29.950,103.420,0.316,-0.924,0.057
1574114129960,2019-11-18T16:55:29.960,103.430,0.307,-0.918,0.067
1574114129970,2019-11-18T16:55:29.970,103.440,0.303,-0.916,0.070
1574114129980,2019-11-18T16:55:29.980,103.450,0.306,-0.915,0.081
1574114129990,2019-11-18T16:55:29.990,103.460,0.300,-0.919,0.086
1574114130000,2019-11-18T16:55:30.000,103.470,0.296,-0.921,0.082
1574114130010,2019-11-18T16:55:30.010,103.480,0.299,-0.913,0.089
1574114130020,2019-11-18T16:55:30.020,103.490,0.296,-0.903,0.093
1574114130030,2019-11-18T16:55:30.030,103.500,0.294,-0.907,0.096
1574114130040,2019-11-18T16:55:30.040,103.510,0.291,-0.921,0.098
1574114130050,2019-11-18T16:55:30.050,103.520,0.286,-0.937,0.090
1574114130060,2019-11-18T16:55:30.060,103.530,0.270,-0.957,0.082
1574114130070,2019-11-18T16:55:30.070,103.540,0.260,-0.974,0.073
1574114130080,2019-11-18T16:55:30.080,103.550,0.254,-0.969,0.073
1574114130090,2019-11-18T16:55:30.090,103.560,0.250,-0.962,0.071
1574114130100,2019-11-18T16:55:30.100,103.570,0.242,-0.959,0.061
1574114130110,2019-11-18T16:55:30.110,103.580,0.235,-0.960,0.061
1574114130120,2019-11-18T16:55:30.120,103.590,0.236,-0.958,0.063
1574114130130,2019-11-18T16:55:30.130,103.600,0.237,-0.960,0.064
1574114130140,2019-11-18T16:55:30.140,103.610,0.243,-0.971,0.063
1574114130150,2019-11-18T16:55:30.150,103.620,0.250,-0.972,0.061
1574114130160,2019-11-18T16:55:30.160,103.630,0.251,-0.970,0.061
1574114130170,2019-11-18T16:55:30.170,103.640,0.252,-0.976,0.062
1574114130180,2019-11-18T16:55:30.180,103.650,0.253,-0.982,0.063
1574114130190,2019-11-18T16:55:30.190,103.660,0.259,-0.975,0.067
1574114130200,2019-11-18T16:55:30.200,103.670,0.264,-0.969,0.067
1574114130210,2019-11-18T16:55:30.210,103.680,0.270,-0.964,0.073
1574114130220,2019-11-18T16:55:30.220,103.690,0.277,-0.959,0.081
1574114130230,2019-11-18T16:55:30.230,103.700,0.285,-0.959,0.079
1574114130240,2019-11-18T16:55:30.240,103.710,0.297,-0.968,0.074
1574114130250,2019-11-18T16:55:30.250,103.720,0.303,-0.983,0.077
1574114130260,2019-11-18T16:55:30.260,103.730,0.299,-0.982,0.073
1574114130270,2019-11-18T16:55:30.270,103.740,0.291,-0.972,0.060
1574114130280,2019-11-18T16:55:30.280,103.750,0.286,-0.978,0.047
1574114130290,2019-11-18T16:55:30.290,103.760,0.298,-1.004,0.023
1574114130300,2019-11-18T16:55:30.300,103.770,0.305,-1.033,0.016
1574114130310,2019-11-18T16:55:30.310,103.780,0.314,-1.039,0.022
1574114130320,2019-11-18T16:55:30.320,103.790,0.317,-1.029,0.029
1574114130330,2019-11-18T16:55:30.330,103.800,0.311,-1.028,0.041
1574114130340,2019-11-18T16:55:30.340,103.810,0.309,-1.026,0.046
1574114130350,2019-11-18T16:55:30.350,103.820,0.302,-1.027,0.056
1574114130360,2019-11-18T16:55:30.360,103.830,0.301,-1.031,0.068
1574114130370,2019-11-18T16:55:30.370,103.840,0.302,-1.017,0.083
1574114130380,2019-11-18T16:55:30.380,103.850,0.303,-0.992,0.096
1574114130390,2019-11-18T16:55:30.390,103.860,0.302,-0.973,0.114
1574114130400,2019-11-18T16:55:30.400,103.870,0.299,-0.961,0.127
1574114130410,2019-11-18T16:55:30.410,103.880,0.289,-0.959,0.138
1574114130420,2019-11-18T16:55:30.420,103.890,0.278,-0.960,0.149
1574114130430,2019-11-18T16:55:30.430,103.900,0.273,-0.951,0.155
1574114130440,2019-11-18T16:55:30.440,103.910,0.272,-0.936,0.164
1574114130450,2019-11-18T16:55:30.450,103.920,0.268,-0.923,0.177
1574114130460,2019-11-18T16:55:30.460,103.930,0.258,-0.922,0.184
1574114130470,2019-11-18T16:55:30.470,103.940,0.253,-0.925,0.188
1574114130480,2019-11-18T16:55:30.480,103.950,0.246,-0.928,0.190
1574114130490,2019-11-18T16:55:30.490,103.960,0.237,-0.943,0.186
1574114130500,2019-11-18T16:55:30.500,103.970,0.240,-0.943,0.186
1574114130510,2019-11-18T16:55:30.510,103.980,0.232,-0.927,0.190
1574114130520,2019-11-18T16:55:30.520,103.990,0.226,-0.926,0.195
1574114130530,2019-11-18T16:55:30.530,104.000,0.225,-0.931,0.194
1574114130540,2019-11-18T16:55:30.540,104.010,0.225,-0.938,0.191
1574114130550,2019-11-18T16:55:30.550,104.020,0.219,-0.944,0.191
1574114130560,2019-11-18T16:55:30.560,104.030,0.211,-0.951,0.187
1574114130570,2019-11-18T16:55:30.570,104.040,0.209,-0.956,0.185
1574114130580,2019-11-18T16:55:30.580,104.050,0.209,-0.948,0.180
1574114130590,2019-11-18T16:55:30.590,104.060,0.203,-0.941,0.181
1574114130600,2019-11-18T16:55:30.600,104.070,0.198,-0.949,0.177
1574114130610,2019-11-18T16:55:30.610,104.080,0.198,-0.958,0.173
1574114130620,2019-11-18T16:55:30.620,104.090,0.201,-0.958,0.168
1574114130630,2019-11-18T16:55:30.630,104.100,0.203,-0.958,0.164
1574114130640,2019-11-18T16:55:30.640,104.110,0.196,-0.961,0.159
1574114130650,2019-11-18T16:55:30.650,104.120,0.192,-0.957,0.158
1574114130660,2019-11-18T16:55:30.660,104.130,0.194,-0.958,0.161
1574114130670,2019-11-18T16:55:30.670,104.140,0.195,-0.970,0.154
1574114130680,2019-11-18T16:55:30.680,104.150,0.193,-0.976,0.152
1574114130690,2019-11-18T16:55:30.690,104.160,0.192,-0.972,0.155
1574114130700,2019-11-18T16:55:30.700,104.170,0.200,-0.974,0.155
1574114130710,2019-11-18T16:55:30.710,104.180,0.205,-0.966,0.155
1574114130720,2019-11-18T16:55:30.720,104.190,0.204,-0.958,0.158
1574114130730,2019-11-18T16:55:30.730,104.200,0.204,-0.967,0.153
1574114130740,2019-11-18T16:55:30.740,104.210,0.207,-0.977,0.151
1574114130750,2019-11-18T16:55:30.750,104.220,0.218,-0.979,0.160
1574114130760,2019-11-18T16:55:30.760,104.230,0.228,-0.979,0.165
1574114130770,2019-11-18T16:55:30.770,104.240,0.233,-0.969,0.170
1574114130780,2019-11-18T16:55:30.780,104.250,0.238,-0.958,0.177
1574114130790,2019-11-18T16:55:30.790,104.260,0.242,-0.953,0.171
1574114130800,2019-11-18T16:55:30.800,104.270,0.241,-0.956,0.169
1574114130810,2019-11-18T16:55:30.810,104.280,0.246,-0.956,0.169
1574114130820,2019-11-18T16:55:30.820,104.290,0.247,-0.951,0.172
1574114130830,2019-11-18T16:55:30.830,104.300,0.249,-0.949,0.177
1574114130840,2019-11-18T16:55:30.840,104.310,0.257,-0.949,0.179
1574114130850,2019-11-18T16:55:30.850,104.320,0.264,-0.948,0.180
1574114130860,2019-11-18T16:55:30.860,104.330,0.270,-0.949,0.183
1574114130870,2019-11-18T16:55:30.870,104.340,0.270,-0.952,0.186
1574114130880,2019-11-18T16:55:30.880,104.350,0.273,-0.953,0.188
1574114130890,2019-11-18T16:55:30.890,104.360,0.283,-0.947,0.190
1574114130900,2019-11-18T16:55:30.900,104.370,0.293,-0.944,0.196
1574114130910,2019-11-18T16:55:30.910,104.380,0.300,-0.940,0.204
1574114130920,2019-11-18T16:55:30.920,104.390,0.305,-0.939,0.206
1574114130930,2019-11-18T16:55:30.930,104.400,0.309,-0.940,0.208
1574114130940,2019-11-18T16:55:30.940,104.410,0.317,-0.940,0.209
1574114130950,2019-11-18T16:55:30.950,104.420,0.320,-0.939,0.211
1574114130960,2019-11-18T16:55:30.960,104.430,0.324,-0.938,0.211
1574114130970,2019-11-18T16:55:30.970,104.440,0.322,-0.930,0.209
1574114130980,2019-11-18T16:55:30.980,104.450,0.322,-0.928,0.209
1574114130990,2019-11-18T16:55:30.990,104.460,0.323,-0.933,0.208
1574114131000,2019-11-18T16:55:31.000,104.470,0.324,-0.933,0.206
1574114131010,2019-11-18T16:55:31.010,104.480,0.326,-0.940,0.205
1574114131020,2019-11-18T16:55:31.020,104.490,0.325,-0.945,0.206
1574114131030,2019-11-18T16:55:31.030,104.500,0.331,-0.938,0.205
1574114131040,2019-11-18T16:55:31.040,104.510,0.336,-0.928,0.209
1574114131050,2019-11-18T16:55:31.050,104.520,0.333,-0.928,0.215
1574114131060,2019-11-18T16:55:31.060,104.530,0.339,-0.938,0.210
1574114131070,2019-11-18T16:55:31.070,104.540,0.349,-0.942,0.210
1574114131080,2019-11-18T16:55:31.080,104.550,0.341,-0.945,0.207
1574114131090,2019-11-18T16:55:31.090,104.560,0.337,-0.955,0.203
1574114131100,2019-11-18T16:55:31.100,104.570,0.334,-0.955,0.203
1574114131110,2019-11-18T16:55:31.110,104.580,0.333,-0.946,0.199
1574114131120,2019-11-18T16:55:31.120,104.590,0.333,-0.946,0.200
1574114131130,2019-11-18T16:55:31.130,104.600,0.339,-0.939,0.195
1574114131140,2019-11-18T16:55:31.140,104.610,0.337,-0.922,0.194
1574114131150,2019-11-18T16:55:31.150,104.620,0.341,-0.918,0.191
1574114131160,2019-11-18T16:55:31.160,104.630,0.349,-0.936,0.182
1574114131170,2019-11-18T16:55:31.170,104.640,0.358,-0.946,0.182
1574114131180,2019-11-18T16:55:31.180,104.650,0.359,-0.937,0.183
1574114131190,2019-11-18T16:55:31.190,104.660,0.361,-0.931,0.183
1574114131200,2019-11-18T16:55:31.200,104.670,0.368,-0.939,0.184
1574114131210,2019-11-18T16:55:31.210,104.680,0.375,-0.940,0.188
1574114131220,2019-11-18T16:55:31.220,104.690,0.377,-0.932,0.185
1574114131230,2019-11-18T16:55:31.230,104.700,0.372,-0.928,0.184
1574114131240,2019-11-18T16:55:31.240,104.710,0.373,-0.933,0.185
1574114131250,2019-11-18T16:55:31.250,104.720,0.378,-0.941,0.182
1574114131260,2019-11-18T16:55:31.260,104.730,0.378,-0.949,0.182
1574114131270,2019-11-18T16:55:31.270,104.740,0.377,-0.952,0.179
1574114131280,2019-11-18T16:55:31.280,104.750,0.372,-0.948,0.177
1574114131290,2019-11-18T16:55:31.290,104.760,0.375,-0.954,0.182
1574114131300,2019-11-18T16:55:31.300,104.770,0.383,-0.954,0.179
1574114131310,2019-11-18T16:55:31.310,104.780,0.384,-0.946,0.182
1574114131320,2019-11-18T16:55:31.320,104.790,0.378,-0.939,0.181
1574114131330,2019-11-18T16:55:31.330,104.800,0.377,-0.926,0.180
1574114131340,2019-11-18T16:55:31.340,104.810,0.378,-0.913,0.186
1574114131350,2019-11-18T16:55:31.350,104.820,0.378,-0.911,0.182
1574114131360,2019-11-18T16:55:31.360,104.830,0.378,-0.922,0.177
1574114131370,2019-11-18T16:55:31.370,104.840,0.380,-0.923,0.172
1574114131380,2019-11-18T16:55:31.380,104.850,0.375,-0.913,0.173
1574114131390,2019-11-18T16:55:31.390,104.860,0.374,-0.904,0.174
1574114131400,2019-11-18T16:55:31.400,104.870,0.382,-0.892,0.179
1574114131410,2019-11-18T16:55:31.410,104.880,0.395,-0.888,0.186
1574114131420,2019-11-18T16:55:31.420,104.890,0.403,-0.904,0.187
1574114131430,2019-11-18T16:55:31.430,104.900,0.403,-0.920,0.183
1574114131440,2019-11-18T16:55:31.440,104.910,0.403,-0.916,0.179
1574114131450,2019-11-18T16:55:31.450,104.920,0.398,-0.913,0.173
1574114131460,2019-11-18T16:55:31.460,104.930,0.390,-0.917,0.167
1574114131470,2019-11-18T16:55:31.470,104.940,0.391,-0.917,0.164
1574114131480,2019-11-18T16:55:31.480,104.950,0.394,-0.921,0.159
1574114131490,2019-11-18T16:55:31.490,104.960,0.399,-0.930,0.146
1574114131500,2019-11-18T16:55:31.500,104.970,0.393,-0.932,0.139
1574114131510,2019-11-18T16:55:31.510,104.980,0.388,-0.924,0.133
1574114131520,2019-11-18T16:55:31.520,104.990,0.382,-0.921,0.128
1574114131530,2019-11-18T16:55:31.530,105.000,0.371,-0.932,0.115
1574114131540,2019-11-18T16:55:31.540,105.010,0.372,-0.939,0.104
1574114131550,2019-11-18T16:55:31.550,105.020,0.372,-0.931,0.098
1574114131560,2019-11-18T16:55:31.560,105.030,0.364,-0.920,0.094
1574114131570,2019-11-18T16:55:31.570,105.040,0.368,-0.928,0.089
1574114131580,2019-11-18T16:55:31.580,105.050,0.370,-0.938,0.084
1574114131590,2019-11-18T16:55:31.590,105.060,0.370,-0.938,0.078
1574114131600,2019-11-18T16:55:31.600,105.070,0.371,-0.940,0.076
1574114131610,2019-11-18T16:55:31.610,105.080,0.373,-0.939,0.074
1574114131620,2019-11-18T16:55:31.620,105.090,0.375,-0.936,0.073
1574114131630,2019-11-18T16:55:31.630,105.100,0.379,-0.943,0.072
1574114131640,2019-11-18T16:55:31.640,105.110,0.388,-0.939,0.067
1574114131650,2019-11-18T16:55:31.650,105.120,0.385,-0.919,0.065
1574114131660,2019-11-18T16:55:31.660,105.130,0.377,-0.910,0.063
1574114131670,2019-11-18T16:55:31.670,105.140,0.384,-0.919,0.061
1574114131680,2019-11-18T16:55:31.680,105.150,0.392,-0.919,0.059
1574114131690,2019-11-18T16:55:31.690,105.160,0.388,-0.911,0.056
1574114131700,2019-11-18T16:55:31.700,105.170,0.393,-0.914,0.051
1574114131710,2019-11-18T16:55:31.710,105.180,0.393,-0.915,0.048
1574114131720,2019-11-18T16:55:31.720,105.190,0.384,-0.912,0.048
1574114131730,2019-11-18T16:55:31.730,105.200,0.390,-0.922,0.047
1574114131740,2019-11-18T16:55:31.740,105.210,0.406,-0.931,0.042
1574114131750,2019-11-18T16:55:31.750,105.220,0.403,-0.925,0.042
1574114131760,2019-11-18T16:55:31.760,105.230,0.400,-0.921,0.035
1574114131770,2019-11-18T16:55:31.770,105.240,0.396,-0.926,0.026
1574114131780,2019-11-18T16:55:31.780,105.250,0.398,-0.928,0.017
1574114131790,2019-11-18T16:55:31.790,105.260,0.401,-0.931,0.012
1574114131800,2019-11-18T16:55:31.800,105.270,0.409,-0.940,0.006
1574114131810,2019-11-18T16:55:31.810,105.280,0.411,-0.934,0.007
1574114131820,2019-11-18T16:55:31.820,105.290,0.407,-0.931,0.002
1574114131830,2019-11-18T16:55:31.830,105.300,0.410,-0.945,-0.002
1574114131840,2019-11-18T16:55:31.840,105.310,0.406,-0.946,-0.007
1574114131850,2019-11-18T16:55:31.850,105.320,0.401,-0.934,-0.009
1574114131860,2019-11-18T16:55:31.860,105.330,0.404,-0.937,-0.012
1574114131870,2019-11-18T16:55:31.870,105.340,0.405,-0.931,-0.013
1574114131880,2019-11-18T16:55:31.880,105.350,0.398,-0.918,-0.012
1574114131890,2019-11-18T16:55:31.890,105.360,0.398,-0.917,-0.014
1574114131900,2019-11-18T16:55:31.900,105.370,0.398,-0.907,-0.018
1574114131910,2019-11-18T16:55:31.910,105.380,0.405,-0.899,-0.017
1574114131920,2019-11-18T16:55:31.920,105.390,0.413,-0.909,-0.020
1574114131930,2019-11-18T16:55:31.930,105.400,0.407,-0.909,-0.021
1574114131940,2019-11-18T16:55:31.940,105.410,0.409,-0.900,-0.022
1574114131950,2019-11-18T16:55:31.950,105.420,0.411,-0.898,-0.023
1574114131960,2019-11-18T16:55:31.960,105.430,0.411,-0.902,-0.028
1574114131970,2019-11-18T16:55:31.970,105.440,0.417,-0.902,-0.027
1574114131980,2019-11-18T16:55:31.980,105.450,0.421,-0.895,-0.030
1574114131990,2019-11-18T16:55:31.990,105.460,0.421,-0.890,-0.031
1574114132000,2019-11-18T16:55:32.000,105.470,0.425,-0.891,-0.035
1574114132010,2019-11-18T16:55:32.010,105.480,0.438,-0.892,-0.034
1574114132020,2019-11-18T16:55:32.020,105.490,0.453,-0.903,-0.036
1574114132030,2019-11-18T16:55:32.030,105.500,0.450,-0.914,-0.042
1574114132040,2019-11-18T16:55:32.040,105.510,0.441,-0.906,-0.042
1574114132050,2019-11-18T16:55:32.050,105.520,0.437,-0.898,-0.043
1574114132060,2019-11-18T16:55:32.060,105.530,0.438,-0.901,-0.051
1574114132070,2019-11-18T16:55:32.070,105.540,0.442,-0.904,-0.058
1574114132080,2019-11-18T16:55:32.080,105.550,0.443,-0.895,-0.060
1574114132090,2019-11-18T16:55:32.090,105.560,0.451,-0.902,-0.069
1574114132100,2019-11-18T16:55:32.100,105.570,0.451,-0.917,-0.070
1574114132110,2019-11-18T16:55:32.110,105.580,0.442,-0.903,-0.076
1574114132120,2019-11-18T16:55:32.120,105.590,0.442,-0.905,-0.080
1574114132130,2019-11-18T16:55:32.130,105.600,0.450,-0.914,-0.087
1574114132140,2019-11-18T16:55:32.140,105.610,0.458,-0.917,-0.088
1574114132150,2019-11-18T16:55:32.150,105.620,0.465,-0.926,-0.090
1574114132160,2019-11-18T16:55:32.160,105.630,0.450,-0.917,-0.091
1574114132170,2019-11-18T16:55:32.170,105.640,0.442,-0.908,-0.094
1574114132180,2019-11-18T16:55:32.180,105.650,0.444,-0.910,-0.096
1574114132190,2019-11-18T16:55:32.190,105.660,0.445,-0.907,-0.096
1574114132200,2019-11-18T16:55:32.200,105.670,0.447,-0.899,-0.102
1574114132210,2019-11-18T16:55:32.210,105.680,0.447,-0.896,-0.107
1574114132220,2019-11-18T16:55:32.220,105.690,0.448,-0.900,-0.113
1574114132230,2019-11-18T16:55:32.230,105.700,0.445,-0.898,-0.116
1574114132240,2019-11-18T16:55:32.240,105.710,0.445,-0.892,-0.122
1574114132250,2019-11-18T16:55:32.250,105.720,0.450,-0.904,-0.124
1574114132260,2019-11-18T16:55:32.260,105.730,0.445,-0.920,-0.126
1574114132270,2019-11-18T16:55:32.270,105.740,0.439,-0.909,-0.128
1574114132280,2019-11-18T16:55:32.280,105.750,0.430,-0.893,-0.130
1574114132290,2019-11-18T16:55:32.290,105.760,0.444,-0.902,-0.135
1574114132300,2019-11-18T16:55:32.300,105.770,0.441,-0.920,-0.149
1574114132310,2019-11-18T16:55:32.310,105.780,0.422,-0.901,-0.150
1574114132320,2019-11-18T16:55:32.320,105.790,0.417,-0.878,-0.148
1574114132330,2019-11-18T16:55:32.330,105.800,0.415,-0.880,-0.155
1574114132340,2019-11-18T16:55:32.340,105.810,0.425,-0.896,-0.157
1574114132350,2019-11-18T16:55:32.350,105.820,0.421,-0.906,-0.161
1574114132360,2019-11-18T16:55:32.360,105.830,0.420,-0.899,-0.166
1574114132370,2019-11-18T16:55:32.370,105.840,0.412,-0.893,-0.158
1574114132380,2019-11-18T16:55:32.380,105.850,0.415,-0.897,-0.156
1574114132390,2019-11-18T16:55:32.390,105.860,0.422,-0.909,-0.152
1574114132400,2019-11-18T16:55:32.400,105.870,0.428,-0.904,-0.142
1574114132410,2019-11-18T16:55:32.410,105.880,0.431,-0.898,-0.138
1574114132420,2019-11-18T16:55:32.420,105.890,0.435,-0.905,-0.138
1574114132430,2019-11-18T16:55:32.430,105.900,0.439,-0.904,-0.136
1574114132440,2019-11-18T16:55:32.440,105.910,0.437,-0.892,-0.128
1574114132450,2019-11-18T16:55:32.450,105.920,0.441,-0.891,-0.129
1574114132460,2019-11-18T16:55:32.460,105.930,0.445,-0.891,-0.130
1574114132470,2019-11-18T16:55:32.470,105.940,0.448,-0.896,-0.130
1574114132480,2019-11-18T16:55:32.480,105.950,0.447,-0.891,-0.130
1574114132490,2019-11-18T16:55:32.490,105.960,0.451,-0.882,-0.127
1574114132500,2019-11-18T16:55:32.500,105.970,0.449,-0.892,-0.128
1574114132510,2019-11-18T16:55:32.510,105.980,0.451,-0.900,-0.132
1574114132520,2019-11-18T16:55:32.520,105.990,0.447,-0.886,-0.126
1574114132530,2019-11-18T16:55:32.530,106.000,0.446,-0.883,-0.124
1574114132540,2019-11-18T16:55:32.540,106.010,0.455,-0.898,-0.128
1574114132550,2019-11-18T16:55:32.550,106.020,0.452,-0.895,-0.129
1574114132560,2019-11-18T16:55:32.560,106.030,0.443,-0.884,-0.131
1574114132570,2019-11-18T16:55:32.570,106.040,0.440,-0.882,-0.133
1574114132580,2019-11-18T16:55:32.580,106.050,0.442,-0.878,-0.138
1574114132590,2019-11-18T16:55:32.590,106.060,0.443,-0.871,-0.145
1574114132600,2019-11-18T16:55:32.600,106.070,0.441,-0.869,-0.145
1574114132610,2019-11-18T16:55:32.610,106.080,0.443,-0.870,-0.144
1574114132620,2019-11-18T16:55:32.620,106.090,0.446,-0.878,-0.144
1574114132630,2019-11-18T16:55:32.630,106.100,0.447,-0.884,-0.146
1574114132640,2019-11-18T16:55:32.640,106.110,0.440,-0.892,-0.140
1574114132650,2019-11-18T16:55:32.650,106.120,0.449,-0.893,-0.134
1574114132660,2019-11-18T16:55:32.660,106.130,0.459,-0.892,-0.128
1574114132670,2019-11-18T16:55:32.670,106.140,0.454,-0.893,-0.128
1574114132680,2019-11-18T16:55:32.680,106.150,0.450,-0.878,-0.121
1574114132690,2019-11-18T16:55:32.690,106.160,0.457,-0.880,-0.114
1574114132700,2019-11-18T16:55:32.700,106.170,0.460,-0.890,-0.117
1574114132710,2019-11-18T16:55:32.710,106.180,0.448,-0.875,-0.116
1574114132720,2019-11-18T16:55:32.720,106.190,0.444,-0.854,-0.113
1574114132730,2019-11-18T16:55:32.730,106.200,0.444,-0.852,-0.116
1574114132740,2019-11-18T16:55:32.740,106.210,0.446,-0.854,-0.120
1574114132750,2019-11-18T16:55:32.750,106.220,0.449,-0.853,-0.119
1574114132760,2019-11-18T16:55:32.760,106.230,0.449,-0.853,-0.116
1574114132770,2019-11-18T16:55:32.770,106.240,0.449,-0.851,-0.121
1574114132780,2019-11-18T16:55:32.780,106.250,0.456,-0.858,-0.125
1574114132790,2019-11-18T16:55:32.790,106.260,0.455,-0.879,-0.134
1574114132800,2019-11-18T16:55:32.800,106.270,0.449,-0.880,-0.145
1574114132810,2019-11-18T16:55:32.810,106.280,0.435,-0.871,-0.143
1574114132820,2019-11-18T16:55:32.820,106.290,0.441,-0.876,-0.145
1574114132830,2019-11-18T16:55:32.830,106.300,0.438,-0.877,-0.151
1574114132840,2019-11-18T16:55:32.840,106.310,0.444,-0.875,-0.146
1574114132850,2019-11-18T16:55:32.850,106.320,0.456,-0.871,-0.138
1574114132860,2019-11-18T16:55:32.860,106.330,0.466,-0.886,-0.136
1574114132870,2019-11-18T16:55:32.870,106.340,0.474,-0.858,-0.129
1574114132880,2019-11-18T16:55:32.880,106.350,0.466,-0.854,-0.127
1574114132890,2019-11-18T16:55:32.890,106.360,0.476,-0.888,-0.132
1574114132900,2019-11-18T16:55:32.900,106.370,0.476,-0.883,-0.131
1574114132910,2019-11-18T16:55:32.910,106.380,0.476,-0.869,-0.129
1574114132920,2019-11-18T16:55:32.920,106.390,0.492,-0.879,-0.122
1574114132930,2019-11-18T16:55:32.930,106.400,0.510,-0.886,-0.126
1574114132940,2019-11-18T16:55:32.940,106.410,0.503,-0.870,-0.124
1574114132950,2019-11-18T16:55:32.950,106.420,0.500,-0.855,-0.123
1574114132960,2019-11-18T16:55:32.960,106.430,0.497,-0.845,-0.119
1574114132970,2019-11-18T16:55:32.970,106.440,0.492,-0.833,-0.109
1574114132980,2019-11-18T16:55:32.980,106.450,0.508,-0.838,-0.108
1574114132990,2019-11-18T16:55:32.990,106.460,0.512,-0.848,-0.111
1574114133000,2019-11-18T16:55:33.000,106.470,0.502,-0.835,-0.113
1574114133010,2019-11-18T16:55:33.010,106.480,0.504,-0.812,-0.111
1574114133020,2019-11-18T16:55:33.020,106.490,0.511,-0.813,-0.115
1574114133030,2019-11-18T16:55:33.030,106.500,0.525,-0.832,-0.132
1574114133040,2019-11-18T16:55:33.040,106.510,0.525,-0.832,-0.139
1574114133050,2019-11-18T16:55:33.050,106.520,0.521,-0.837,-0.148
1574114133060,2019-11-18T16:55:33.060,106.530,0.512,-0.856,-0.162
1574114133070,2019-11-18T16:55:33.070,106.540,0.500,-0.850,-0.174
1574114133080,2019-11-18T16:55:33.080,106.550,0.498,-0.856,-0.183
1574114133090,2019-11-18T16:55:33.090,106.560,0.500,-0.875,-0.188
1574114133100,2019-11-18T16:55:33.100,106.570,0.505,-0.880,-0.198
1574114133110,2019-11-18T16:55:33.110,106.580,0.503,-0.887,-0.213
1574114133120,2019-11-18T16:55:33.120,106.590,0.494,-0.906,-0.218
1574114133130,2019-11-18T16:55:33.130,106.600,0.475,-0.877,-0.219
1574114133140,2019-11-18T16:55:33.140,106.610,0.462,-0.858,-0.234
1574114133150,2019-11-18T16:55:33.150,106.620,0.456,-0.862,-0.236
1574114133160,2019-11-18T16:55:33.160,106.630,0.476,-0.871,-0.235
1574114133170,2019-11-18T16:55:33.170,106.640,0.478,-0.875,-0.234
1574114133180,2019-11-18T16:55:33.180,106.650,0.462,-0.865,-0.234
1574114133190,2019-11-18T16:55:33.190,106.660,0.448,-0.838,-0.230
1574114133200,2019-11-18T16:55:33.200,106.670,0.463,-0.845,-0.222
1574114133210,2019-11-18T16:55:33.210,106.680,0.479,-0.883,-0.237
1574114133220,2019-11-18T16:55:33.220,106.690,0.475,-0.878,-0.240
1574114133230,2019-11-18T16:55:33.230,106.700,0.459,-0.859,-0.242
1574114133240,2019-11-18T16:55:33.240,106.710,0.445,-0.857,-0.245
1574114133250,2019-11-18T16:55:33.250,106.720,0.454,-0.867,-0.249
1574114133260,2019-11-18T16:55:33.260,106.730,0.471,-0.874,-0.247
1574114133270,2019-11-18T16:55:33.270,106.740,0.446,-0.863,-0.251
1574114133280,2019-11-18T16:55:33.280,106.750,0.439,-0.851,-0.256
1574114133290,2019-11-18T16:55:33.290,106.760,0.437,-0.835,-0.254
1574114133300,2019-11-18T16:55:33.300,106.770,0.431,-0.837,-0.256
1574114133310,2019-11-18T16:55:33.310,106.780,0.441,-0.852,-0.258
1574114133320,2019-11-18T16:55:33.320,106.790,0.440,-0.858,-0.255
1574114133330,2019-11-18T16:55:33.330,106.800,0.448,-0.843,-0.250
1574114133340,2019-11-18T16:55:33.340,106.810,0.444,-0.857,-0.251
1574114133350,2019-11-18T16:55:33.350,106.820,0.451,-0.872,-0.261
1574114133360,2019-11-18T16:55:33.360,106.830,0.446,-0.858,-0.269
1574114133370,2019-11-18T16:55:33.370,106.840,0.438,-0.856,-0.270
1574114133380,2019-11-18T16:55:33.380,106.850,0.448,-0.861,-0.259
1574114133390,2019-11-18T16:55:33.390,106.860,0.466,-0.855,-0.248
1574114133400,2019-11-18T16:55:33.400,106.870,0.470,-0.849,-0.239
1574114133410,2019-11-18T16:55:33.410,106.880,0.469,-0.849,-0.233
1574114133420,2019-11-18T16:55:33.420,106.890,0.468,-0.853,-0.233
1574114133430,2019-11-18T16:55:33.430,106.900,0.466,-0.853,-0.231
1574114133440,2019-11-18T16:55:33.440,106.910,0.473,-0.859,-0.235
1574114133450,2019-11-18T16:55:33.450,106.920,0.464,-0.854,-0.243
1574114133460,2019-11-18T16:55:33.460,106.930,0.466,-0.860,-0.251
1574114133470,2019-11-18T16:55:33.470,106.940,0.464,-0.875,-0.257
1574114133480,2019-11-18T16:55:33.480,106.950,0.446,-0.871,-0.259
1574114133490,2019-11-18T16:55:33.490,106.960,0.453,-0.873,-0.265
1574114133500,2019-11-18T16:55:33.500,106.970,0.453,-0.868,-0.261
1574114133510,2019-11-18T16:55:33.510,106.980,0.449,-0.851,-0.250
1574114133520,2019-11-18T16:55:33.520,106.990,0.448,-0.833,-0.252
1574114133530,2019-11-18T16:55:33.530,107.000,0.439,-0.841,-0.262
1574114133540,2019-11-18T16:55:33.540,107.010,0.434,-0.841,-0.262
1574114133550,2019-11-18T16:55:33.550,107.020,0.424,-0.824,-0.265
1574114133560,2019-11-18T16:55:33.560,107.030,0.416,-0.824,-0.267
1574114133570,2019-11-18T16:55:33.570,107.040,0.421,-0.845,-0.266
1574114133580,2019-11-18T16:55:33.580,107.050,0.425,-0.838,-0.265
1574114133590,2019-11-18T16:55:33.590,107.060,0.417,-0.839,-0.271
1574114133600,2019-11-18T16:55:33.600,107.070,0.415,-0.868,-0.276
1574114133610,2019-11-18T16:55:33.610,107.080,0.417,-0.863,-0.275
1574114133620,2019-11-18T16:55:33.620,107.090,0.411,-0.854,-0.279
1574114133630,2019-11-18T16:55:33.630,107.100,0.417,-0.857,-0.285
1574114133640,2019-11-18T16:55:33.640,107.110,0.417,-0.862,-0.292
1574114133650,2019-11-18T16:55:33.650,107.120,0.417,-0.868,-0.289
1574114133660,2019-11-18T16:55:33.660,107.130,0.417,-0.858,-0.292
1574114133670,2019-11-18T16:55:33.670,107.140,0.420,-0.843,-0.289
1574114133680,2019-11-18T16:55:33.680,107.150,0.417,-0.842,-0.290
1574114133690,2019-11-18T16:55:33.690,107.160,0.414,-0.846,-0.289
1574114133700,2019-11-18T16:55:33.700,107.170,0.417,-0.850,-0.296
1574114133710,2019-11-18T16:55:33.710,107.180,0.411,-0.852,-0.298
1574114133720,2019-11-18T16:55:33.720,107.190,0.406,-0.845,-0.297
1574114133730,2019-11-18T16:55:33.730,107.200,0.405,-0.849,-0.305
1574114133740,2019-11-18T16:55:33.740,107.210,0.404,-0.868,-0.311
1574114133750,2019-11-18T16:55:33.750,107.220,0.392,-0.863,-0.310
1574114133760,2019-11-18T16:55:33.760,107.230,0.387,-0.860,-0.311
1574114133770,2019-11-18T16:55:33.770,107.240,0.398,-0.871,-0.319
1574114133780,2019-11-18T16:55:33.780,107.250,0.399,-0.872,-0.317
1574114133790,2019-11-18T16:55:33.790,107.260,0.392,-0.860,-0.313
1574114133800,2019-11-18T16:55:33.800,107.270,0.399,-0.863,-0.309
1574114133810,2019-11-18T16:55:33.810,107.280,0.396,-0.860,-0.294
1574114133820,2019-11-18T16:55:33.820,107.290,0.399,-0.854,-0.295
1574114133830,2019-11-18T16:55:33.830,107.300,0.402,-0.857,-0.299
1574114133840,2019-11-18T16:55:33.840,107.310,0.396,-0.856,-0.294
1574114133850,2019-11-18T16:55:33.850,107.320,0.402,-0.856,-0.293
1574114133860,2019-11-18T16:55:33.860,107.330,0.407,-0.861,-0.292
1574114133870,2019-11-18T16:55:33.870,107.340,0.408,-0.858,-0.299
1574114133880,2019-11-18T16:55:33.880,107.350,0.402,-0.854,-0.298
1574114133890,2019-11-18T16:55:33.890,107.360,0.402,-0.841,-0.294
1574114133900,2019-11-18T16:55:33.900,107.370,0.399,-0.855,-0.298
1574114133910,2019-11-18T16:55:33.910,107.380,0.403,-0.867,-0.302
1574114133920,2019-11-18T16:55:33.920,107.390,0.402,-0.855,-0.288
1574114133930,2019-11-18T16:55:33.930,107.400,0.405,-0.850,-0.290
1574114133940,2019-11-18T16:55:33.940,107.410,0.413,-0.855,-0.284
1574114133950,2019-11-18T16:55:33.950,107.420,0.423,-0.846,-0.267
1574114133960,2019-11-18T16:55:33.960,107.430,0.431,-0.849,-0.265
1574114133970,2019-11-18T16:55:33.970,107.440,0.431,-0.839,-0.260
1574114133980,2019-11-18T16:55:33.980,107.450,0.426,-0.835,-0.259
1574114133990,2019-11-18T16:55:33.990,107.460,0.433,-0.853,-0.263
1574114134000,2019-11-18T16:55:34.000,107.470,0.440,-0.849,-0.264
1574114134010,2019-11-18T16:55:34.010,107.480,0.429,-0.846,-0.265
1574114134020,2019-11-18T16:55:34.020,107.490,0.436,-0.867,-0.273
1574114134030,2019-11-18T16:55:34.030,107.500,0.435,-0.868,-0.276
1574114134040,2019-11-18T16:55:34.040,107.510,0.435,-0.861,-0.278
1574114134050,2019-11-18T16:55:34.050,107.520,0.430,-0.857,-0.277
1574114134060,2019-11-18T16:55:34.060,107.530,0.426,-0.865,-0.281
1574114134070,2019-11-18T16:55:34.070,107.540,0.425,-0.874,-0.286
1574114134080,2019-11-18T16:55:34.080,107.550,0.421,-0.871,-0.285
1574114134090,2019-11-18T16:55:34.090,107.560,0.421,-0.861,-0.287
1574114134100,2019-11-18T16:55:34.100,107.570,0.417,-0.860,-0.281
1574114134110,2019-11-18T16:55:34.110,107.580,0.421,-0.860,-0.276
1574114134120,2019-11-18T16:55:34.120,107.590,0.420,-0.859,-0.269
1574114134130,2019-11-18T16:55:34.130,107.600,0.423,-0.862,-0.269
1574114134140,2019-11-18T16:55:34.140,107.610,0.412,-0.863,-0.272
1574114134150,2019-11-18T16:55:34.150,107.620,0.407,-0.862,-0.274
1574114134160,2019-11-18T16:55:34.160,107.630,0.411,-0.873,-0.277
1574114134170,2019-11-18T16:55:34.170,107.640,0.407,-0.863,-0.274
1574114134180,2019-11-18T16:55:34.180,107.650,0.401,-0.849,-0.271
1574114134190,2019-11-18T16:55:34.190,107.660,0.399,-0.871,-0.277
1574114134200,2019-11-18T16:55:34.200,107.670,0.406,-0.869,-0.274
1574114134210,2019-11-18T16:55:34.210,107.680,0.405,-0.851,-0.271
1574114134220,2019-11-18T16:55:34.220,107.690,0.411,-0.862,-0.271
1574114134230,2019-11-18T16:55:34.230,107.700,0.417,-0.862,-0.270
1574114134240,2019-11-18T16:55:34.240,107.710,0.415,-0.850,-0.262
1574114134250,2019-11-18T16:55:34.250,107.720,0.419,-0.860,-0.265
1574114134260,2019-11-18T16:55:34.260,107.730,0.424,-0.856,-0.260
1574114134270,2019-11-18T16:55:34.270,107.740,0.422,-0.860,-0.257
1574114134280,2019-11-18T16:55:34.280,107.750,0.424,-0.886,-0.261
1574114134290,2019-11-18T16:55:34.290,107.760,0.422,-0.863,-0.254
1574114134300,2019-11-18T16:55:34.300,107.770,0.426,-0.859,-0.251
1574114134310,2019-11-18T16:55:34.310,107.780,0.432,-0.882,-0.255
1574114134320,2019-11-18T16:55:34.320,107.790,0.425,-0.870,-0.250
1574114134330,2019-11-18T16:55:34.330,107.800,0.425,-0.856,-0.244
1574114134340,2019-11-18T16:55:34.340,107.810,0.417,-0.874,-0.253
1574114134350,2019-11-18T16:55:34.350,107.820,0.410,-0.860,-0.253
1574114134360,2019-11-18T16:55:34.360,107.830,0.415,-0.860,-0.253
1574114134370,2019-11-18T16:55:34.370,107.840,0.419,-0.871,-0.259
1574114134380,2019-11-18T16:55:34.380,107.850,0.409,-0.858,-0.261
1574114134390,2019-11-18T16:55:34.390,107.860,0.408,-0.852,-0.260
1574114134400,2019-11-18T16:55:34.400,107.870,0.406,-0.861,-0.264
1574114134410,2019-11-18T16:55:34.410,107.880,0.409,-0.862,-0.262
1574114134420,2019-11-18T16:55:34.420,107.890,0.404,-0.864,-0.256
1574114134430,2019-11-18T16:55:34.430,107.900,0.405,-0.874,-0.256
1574114134440,2019-11-18T16:55:34.440,107.910,0.409,-0.867,-0.255
1574114134450,2019-11-18T16:55:34.450,107.920,0.403,-0.866,-0.254
1574114134460,2019-11-18T16:55:34.460,107.930,0.415,-0.870,-0.254
1574114134470,2019-11-18T16:55:34.470,107.940,0.415,-0.873,-0.252
1574114134480,2019-11-18T16:55:34.480,107.950,0.407,-0.857,-0.247
1574114134490,2019-11-18T16:55:34.490,107.960,0.406,-0.852,-0.242
1574114134500,2019-11-18T16:55:34.500,107.970,0.417,-0.855,-0.238
1574114134510,2019-11-18T16:55:34.510,107.980,0.425,-0.855,-0.233
1574114134520,2019-11-18T16:55:34.520,107.990,0.422,-0.862,-0.239
1574114134530,2019-11-18T16:55:34.530,108.000,0.421,-0.863,-0.249
1574114134540,2019-11-18T16:55:34.540,108.010,0.426,-0.871,-0.259
1574114134550,2019-11-18T16:55:34.550,108.020,0.420,-0.886,-0.267
1574114134560,2019-11-18T16:55:34.560,108.030,0.411,-0.879,-0.266
1574114134570,2019-11-18T16:55:34.570,108.040,0.416,-0.888,-0.271
1574114134580,2019-11-18T16:55:34.580,108.050,0.414,-0.899,-0.275
1574114134590,2019-11-18T16:55:34.590,108.060,0.415,-0.894,-0.271
1574114134600,2019-11-18T16:55:34.600,108.070,0.417,-0.901,-0.277
1574114134610,2019-11-18T16:55:34.610,108.080,0.404,-0.904,-0.273
1574114134620,2019-11-18T16:55:34.620,108.090,0.400,-0.900,-0.269
1574114134630,2019-11-18T16:55:34.630,108.100,0.402,-0.893,-0.263
1574114134640,2019-11-18T16:55:34.640,108.110,0.410,-0.899,-0.262
1574114134650,2019-11-18T16:55:34.650,108.120,0.407,-0.889,-0.251
1574114134660,2019-11-18T16:55:34.660,108.130,0.407,-0.871,-0.238
1574114134670,2019-11-18T16:55:34.670,108.140,0.411,-0.884,-0.237
1574114134680,2019-11-18T16:55:34.680,108.150,0.408,-0.882,-0.242
1574114134690,2019-11-18T16:55:34.690,108.160,0.399,-0.865,-0.232
1574114134700,2019-11-18T16:55:34.700,108.170,0.403,-0.875,-0.237
1574114134710,2019-11-18T16:55:34.710,108.180,0.398,-0.873,-0.233
1574114134720,2019-11-18T16:55:34.720,108.190,0.381,-0.859,-0.235
1574114134730,2019-11-18T16:55:34.730,108.200,0.375,-0.856,-0.236
1574114134740,2019-11-18T16:55:34.740,108.210,0.382,-0.879,-0.229
1574114134750,2019-11-18T16:55:34.750,108.220,0.389,-0.878,-0.229
1574114134760,2019-11-18T16:55:34.760,108.230,0.384,-0.857,-0.222
1574114134770,2019-11-18T16:55:34.770,108.240,0.385,-0.859,-0.222
1574114134780,2019-11-18T16:55:34.780,108.250,0.383,-0.865,-0.228
1574114134790,2019-11-18T16:55:34.790,108.260,0.376,-0.854,-0.224
1574114134800,2019-11-18T16:55:34.800,108.270,0.377,-0.851,-0.229
1574114134810,2019-11-18T16:55:34.810,108.280,0.370,-0.862,-0.236
1574114134820,2019-11-18T16:55:34.820,108.290,0.359,-0.857,-0.237
1574114134830,2019-11-18T16:55:34.830,108.300,0.360,-0.864,-0.237
1574114134840,2019-11-18T16:55:34.840,108.310,0.382,-0.884,-0.239
1574114134850,2019-11-18T16:55:34.850,108.320,0.390,-0.912,-0.242
1574114134860,2019-11-18T16:55:34.860,108.330,0.394,-0.910,-0.238
1574114134870,2019-11-18T16:55:34.870,108.340,0.379,-0.907,-0.236
1574114134880,2019-11-18T16:55:34.880,108.350,0.368,-0.903,-0.242
1574114134890,2019-11-18T16:55:34.890,108.360,0.367,-0.882,-0.237
1574114134900,2019-11-18T16:55:34.900,108.370,0.372,-0.884,-0.233
1574114134910,2019-11-18T16:55:34.910,108.380,0.370,-0.907,-0.238
1574114134920,2019-11-18T16:55:34.920,108.390,0.372,-0.902,-0.239
1574114134930,2019-11-18T16:55:34.930,108.400,0.364,-0.896,-0.236
1574114134940,2019-11-18T16:55:34.940,108.410,0.354,-0.896,-0.237
1574114134950,2019-11-18T16:55:34.950,108.420,0.355,-0.898,-0.236
1574114134960,2019-11-18T16:55:34.960,108.430,0.365,-0.905,-0.233
1574114134970,2019-11-18T16:55:34.970,108.440,0.387,-0.919,-0.239
1574114134980,2019-11-18T16:55:34.980,108.450,0.383,-0.935,-0.239
1574114134990,2019-11-18T16:55:34.990,108.460,0.367,-0.919,-0.229
1574114135000,2019-11-18T16:55:35.000,108.470,0.368,-0.894,-0.222
1574114135010,2019-11-18T16:55:35.010,108.480,0.364,-0.898,-0.224
1574114135020,2019-11-18T16:55:35.020,108.490,0.372,-0.905,-0.224
1574114135030,2019-11-18T16:55:35.030,108.500,0.371,-0.905,-0.223
1574114135040,2019-11-18T16:55:35.040,108.510,0.370,-0.898,-0.219
1574114135050,2019-11-18T16:55:35.050,108.520,0.370,-0.890,-0.216
1574114135060,2019-11-18T16:55:35.060,108.530,0.360,-0.883,-0.214
1574114135070,2019-11-18T16:55:35.070,108.540,0.354,-0.882,-0.213
1574114135080,2019-11-18T16:55:35.080,108.550,0.361,-0.884,-0.213
1574114135090,2019-11-18T16:55:35.090,108.560,0.365,-0.891,-0.210
1574114135100,2019-11-18T16:55:35.100,108.570,0.365,-0.885,-0.209
1574114135110,2019-11-18T16:55:35.110,108.580,0.360,-0.882,-0.211
1574114135120,2019-11-18T16:55:35.120,108.590,0.365,-0.888,-0.211
1574114135130,2019-11-18T16:55:35.130,108.600,0.365,-0.885,-0.214
1574114135140,2019-11-18T16:55:35.140,108.610,0.361,-0.887,-0.212
1574114135150,2019-11-18T16:55:35.150,108.620,0.364,-0.897,-0.214
1574114135160,2019-11-18T16:55:35.160,108.630,0.364,-0.903,-0.214
1574114135170,2019-11-18T16:55:35.170,108.640,0.362,-0.906,-0.214
1574114135180,2019-11-18T16:55:35.180,108.650,0.363,-0.908,-0.214
1574114135190,2019-11-18T16:55:35.190,108.660,0.362,-0.905,-0.213
1574114135200,2019-11-18T16:55:35.200,108.670,0.367,-0.903,-0.215
1574114135210,2019-11-18T16:55:35.210,108.680,0.360,-0.908,-0.214
1574114135220,2019-11-18T16:55:35.220,108.690,0.356,-0.904,-0.213
1574114135230,2019-11-18T16:55:35.230,108.700,0.358,-0.903,-0.214
1574114135240,2019-11-18T16:55:35.240,108.710,0.366,-0.902,-0.212
1574114135250,2019-11-18T16:55:35.250,108.720,0.363,-0.910,-0.212
1574114135260,2019-11-18T16:55:35.260,108.730,0.362,-0.908,-0.211
1574114135270,2019-11-18T16:55:35.270,108.740,0.358,-0.900,-0.202
1574114135280,2019-11-18T16:55:35.280,108.750,0.353,-0.902,-0.207
1574114135290,2019-11-18T16:55:35.290,108.760,0.356,-0.909,-0.208
1574114135300,2019-11-18T16:55:35.300,108.770,0.356,-0.902,-0.203
1574114135310,2019-11-18T16:55:35.310,108.780,0.356,-0.901,-0.207
1574114135320,2019-11-18T16:55:35.320,108.790,0.363,-0.907,-0.207
1574114135330,2019-11-18T16:55:35.330,108.800,0.370,-0.901,-0.198
1574114135340,2019-11-18T16:55:35.340,108.810,0.376,-0.896,-0.196
1574114135350,2019-11-18T16:55:35.350,108.820,0.375,-0.904,-0.193
1574114135360,2019-11-18T16:55:35.360,108.830,0.376,-0.906,-0.191
1574114135370,2019-11-18T16:55:35.370,108.840,0.371,-0.898,-0.189
1574114135380,2019-11-18T16:55:35.380,108.850,0.370,-0.897,-0.190
1574114135390,2019-11-18T16:55:35.390,108.860,0.368,-0.904,-0.193
1574114135400,2019-11-18T16:55:35.400,108.870,0.368,-0.911,-0.194
1574114135410,2019-11-18T16:55:35.410,108.880,0.364,-0.916,-0.199
1574114135420,2019-11-18T16:55:35.420,108.890,0.359,-0.903,-0.197
1574114135430,2019-11-18T16:55:35.430,108.900,0.351,-0.911,-0.198
1574114135440,2019-11-18T16:55:35.440,108.910,0.349,-0.918,-0.202
1574114135450,2019-11-18T16:55:35.450,108.920,0.340,-0.908,-0.209
1574114135460,2019-11-18T16:55:35.460,108.930,0.335,-0.906,-0.208
1574114135470,2019-11-18T16:55:35.470,108.940,0.342,-0.909,-0.211
1574114135480,2019-11-18T16:55:35.480,108.950,0.335,-0.919,-0.216
1574114135490,2019-11-18T16:55:35.490,108.960,0.334,-0.918,-0.214
1574114135500,2019-11-18T16:55:35.500,108.970,0.333,-0.909,-0.207
1574114135510,2019-11-18T16:55:35.510,108.980,0.328,-0.912,-0.209
1574114135520,2019-11-18T16:55:35.520,108.990,0.324,-0.915,-0.208
1574114135530,2019-11-18T16:55:35.530,109.000,0.335,-0.910,-0.201
1574114135540,2019-11-18T16:55:35.540,109.010,0.342,-0.896,-0.192
1574114135550,2019-11-18T16:55:35.550,109.020,0.332,-0.909,-0.196
1574114135560,2019-11-18T16:55:35.560,109.030,0.329,-0.919,-0.202
1574114135570,2019-11-18T16:55:35.570,109.040,0.336,-0.904,-0.197
1574114135580,2019-11-18T16:55:35.580,109.050,0.342,-0.905,-0.194
1574114135590,2019-11-18T16:55:35.590,109.060,0.327,-0.929,-0.207
1574114135600,2019-11-18T16:55:35.600,109.070,0.320,-0.916,-0.214
1574114135610,2019-11-18T16:55:35.610,109.080,0.315,-0.895,-0.207
1574114135620,2019-11-18T16:55:35.620,109.090,0.327,-0.911,-0.211
1574114135630,2019-11-18T16:55:35.630,109.100,0.327,-0.917,-0.213
1574114135640,2019-11-18T16:55:35.640,109.110,0.320,-0.916,-0.208
1574114135650,2019-11-18T16:55:35.650,109.120,0.322,-0.919,-0.209
1574114135660,2019-11-18T16:55:35.660,109.130,0.326,-0.919,-0.210
1574114135670,2019-11-18T16:55:35.670,109.140,0.321,-0.918,-0.209
1574114135680,2019-11-18T16:55:35.680,109.150,0.330,-0.920,-0.208
1574114135690,2019-11-18T16:55:35.690,109.160,0.330,-0.916,-0.205
1574114135700,2019-11-18T16:55:35.700,109.170,0.333,-0.913,-0.205
1574114135710,2019-11-18T16:55:35.710,109.180,0.336,-0.915,-0.204
1574114135720,2019-11-18T16:55:35.720,109.190,0.345,-0.918,-0.201
1574114135730,2019-11-18T16:55:35.730,109.200,0.342,-0.914,-0.197
1574114135740,2019-11-18T16:55:35.740,109.210,0.344,-0.916,-0.197
1574114135750,2019-11-18T16:55:35.750,109.220,0.351,-0.928,-0.200
1574114135760,2019-11-18T16:55:35.760,109.230,0.349,-0.929,-0.198
1574114135770,2019-11-18T16:55:35.770,109.240,0.344,-0.932,-0.199
1574114135780,2019-11-18T16:55:35.780,109.250,0.349,-0.931,-0.198
1574114135790,2019-11-18T16:55:35.790,109.260,0.354,-0.928,-0.197
1574114135800,2019-11-18T16:55:35.800,109.270,0.348,-0.923,-0.197
1574114135810,2019-11-18T16:55:35.810,109.280,0.351,-0.917,-0.192
1574114135820,2019-11-18T16:55:35.820,109.290,0.351,-0.917,-0.190
1574114135830,2019-11-18T16:55:35.830,109.300,0.352,-0.916,-0.192
1574114135840,2019-11-18T16:55:35.840,109.310,0.354,-0.919,-0.191
1574114135850,2019-11-18T16:55:35.850,109.320,0.355,-0.923,-0.189
1574114135860,2019-11-18T16:55:35.860,109.330,0.354,-0.927,-0.187
1574114135870,2019-11-18T16:55:35.870,109.340,0.360,-0.929,-0.182
1574114135880,2019-11-18T16:55:35.880,109.350,0.368,-0.928,-0.171
1574114135890,2019-11-18T16:55:35.890,109.360,0.376,-0.929,-0.163
1574114135900,2019-11-18T16:55:35.900,109.370,0.388,-0.925,-0.157
1574114135910,2019-11-18T16:55:35.910,109.380,0.398,-0.923,-0.142
1574114135920,2019-11-18T16:55:35.920,109.390,0.403,-0.930,-0.138
1574114135930,2019-11-18T16:55:35.930,109.400,0.401,-0.937,-0.138
1574114135940,2019-11-18T16:55:35.940,109.410,0.414,-0.947,-0.125
1574114135950,2019-11-18T16:55:35.950,109.420,0.438,-0.962,-0.096
1574114135960,2019-11-18T16:55:35.960,109.430,0.485,-0.969,-0.065
1574114135970,2019-11-18T16:55:35.970,109.440,0.509,-0.945,-0.045
1574114135980,2019-11-18T16:55:35.980,109.450,0.504,-0.914,-0.042
1574114135990,2019-11-18T16:55:35.990,109.460,0.504,-0.910,-0.041
1574114136000,2019-11-18T16:55:36.000,109.470,0.519,-0.917,-0.038
1574114136010,2019-11-18T16:55:36.010,109.480,0.517,-0.935,-0.037
1574114136020,2019-11-18T16:55:36.020,109.490,0.500,-0.936,-0.043
1574114136030,2019-11-18T16:55:36.030,109.500,0.466,-0.922,-0.058
1574114136040,2019-11-18T16:55:36.040,109.510,0.437,-0.909,-0.085
1574114136050,2019-11-18T16:55:36.050,109.520,0.410,-0.894,-0.102
1574114136060,2019-11-18T16:55:36.060,109.530,0.375,-0.878,-0.121
1574114136070,2019-11-18T16:55:36.070,109.540,0.348,-0.879,-0.136
1574114136080,2019-11-18T16:55:36.080,109.550,0.306,-0.893,-0.148
1574114136090,2019-11-18T16:55:36.090,109.560,0.272,-0.896,-0.156
1574114136100,2019-11-18T16:55:36.100,109.570,0.245,-0.882,-0.163
1574114136110,2019-11-18T16:55:36.110,109.580,0.226,-0.881,-0.176
1574114136120,2019-11-18T16:55:36.120,109.590,0.203,-0.891,-0.183
1574114136130,2019-11-18T16:55:36.130,109.600,0.192,-0.883,-0.184
1574114136140,2019-11-18T16:55:36.140,109.610,0.194,-0.889,-0.181
1574114136150,2019-11-18T16:55:36.150,109.620,0.207,-0.902,-0.179
1574114136160,2019-11-18T16:55:36.160,109.630,0.210,-0.938,-0.167
1574114136170,2019-11-18T16:55:36.170,109.640,0.240,-0.980,-0.160
1574114136180,2019-11-18T16:55:36.180,109.650,0.270,-0.996,-0.163
1574114136190,2019-11-18T16:55:36.190,109.660,0.264,-0.971,-0.158
1574114136200,2019-11-18T16:55:36.200,109.670,0.265,-0.950,-0.144
1574114136210,2019-11-18T16:55:36.210,109.680,0.281,-0.966,-0.139
1574114136220,2019-11-18T16:55:36.220,109.690,0.290,-0.968,-0.134
1574114136230,2019-11-18T16:55:36.230,109.700,0.290,-0.952,-0.131
1574114136240,2019-11-18T16:55:36.240,109.710,0.308,-0.942,-0.122
1574114136250,2019-11-18T16:55:36.250,109.720,0.324,-0.938,-0.112
1574114136260,2019-11-18T16:55:36.260,109.730,0.328,-0.937,-0.108
1574114136270,2019-11-18T16:55:36.270,109.740,0.319,-0.939,-0.112
1574114136280,2019-11-18T16:55:36.280,109.750,0.317,-0.946,-0.112
1574114136290,2019-11-18T16:55:36.290,109.760,0.313,-0.960,-0.105
1574114136300,2019-11-18T16:55:36.300,109.770,0.312,-0.974,-0.106
1574114136310,2019-11-18T16:55:36.310,109.780,0.314,-0.975,-0.105
1574114136320,2019-11-18T16:55:36.320,109.790,0.303,-0.975,-0.104
1574114136330,2019-11-18T16:55:36.330,109.800,0.294,-0.972,-0.101
1574114136340,2019-11-18T16:55:36.340,109.810,0.296,-0.969,-0.101
1574114136350,2019-11-18T16:55:36.350,109.820,0.292,-0.962,-0.098
1574114136360,2019-11-18T16:55:36.360,109.830,0.281,-0.948,-0.097
1574114136370,2019-11-18T16:55:36.370,109.840,0.277,-0.938,-0.097
1574114136380,2019-11-18T16:55:36.380,109.850,0.270,-0.932,-0.099
1574114136390,2019-11-18T16:55:36.390,109.860,0.263,-0.933,-0.101
1574114136400,2019-11-18T16:55:36.400,109.870,0.258,-0.944,-0.103
1574114136410,2019-11-18T16:55:36.410,109.880,0.254,-0.941,-0.105
1574114136420,2019-11-18T16:55:36.420,109.890,0.251,-0.942,-0.103
1574114136430,2019-11-18T16:55:36.430,109.900,0.253,-0.944,-0.101
1574114136440,2019-11-18T16:55:36.440,109.910,0.250,-0.944,-0.106
1574114136450,2019-11-18T16:55:36.450,109.920,0.243,-0.938,-0.109
1574114136460,2019-11-18T16:55:36.460,109.930,0.237,-0.928,-0.114
1574114136470,2019-11-18T16:55:36.470,109.940,0.231,-0.919,-0.127
1574114136480,2019-11-18T16:55:36.480,109.950,0.221,-0.910,-0.141
1574114136490,2019-11-18T16:55:36.490,109.960,0.200,-0.905,-0.149
1574114136500,2019-11-18T16:55:36.500,109.970,0.179,-0.900,-0.165
1574114136510,2019-11-18T16:55:36.510,109.980,0.153,-0.900,-0.168
1574114136520,2019-11-18T16:55:36.520,109.990,0.127,-0.903,-0.174
1574114136530,2019-11-18T16:55:36.530,110.000,0.099,-0.918,-0.196
1574114136540,2019-11-18T16:55:36.540,110.010,0.072,-0.938,-0.220
1574114136550,2019-11-18T16:55:36.550,110.020,0.048,-0.953,-0.233
1574114136560,2019-11-18T16:55:36.560,110.030,0.033,-0.975,-0.252
1574114136570,2019-11-18T16:55:36.570,110.040,0.039,-0.988,-0.262
1574114136580,2019-11-18T16:55:36.580,110.050,0.045,-0.966,-0.270
1574114136590,2019-11-18T16:55:36.590,110.060,0.059,-0.922,-0.274
1574114136600,2019-11-18T16:55:36.600,110.070,0.090,-0.886,-0.261
1574114136610,2019-11-18T16:55:36.610,110.080,0.119,-0.865,-0.245
1574114136620,2019-11-18T16:55:36.620,110.090,0.150,-0.861,-0.235
1574114136630,2019-11-18T16:55:36.630,110.100,0.194,-0.858,-0.219
1574114136640,2019-11-18T16:55:36.640,110.110,0.227,-0.844,-0.208
1574114136650,2019-11-18T16:55:36.650,110.120,0.262,-0.827,-0.197
1574114136660,2019-11-18T16:55:36.660,110.130,0.290,-0.836,-0.196
1574114136670,2019-11-18T16:55:36.670,110.140,0.294,-0.874,-0.218
1574114136680,2019-11-18T16:55:36.680,110.150,0.328,-0.840,-0.232
1574114136690,2019-11-18T16:55:36.690,110.160,0.360,-0.748,-0.229
1574114136700,2019-11-18T16:55:36.700,110.170,0.378,-0.677,-0.216
1574114136710,2019-11-18T16:55:36.710,110.180,0.427,-0.619,-0.187
1574114136720,2019-11-18T16:55:36.720,110.190,0.504,-0.600,-0.150
1574114136730,2019-11-18T16:55:36.730,110.200,0.579,-0.604,-0.123
1574114136740,2019-11-18T16:55:36.740,110.210,0.648,-0.603,-0.094
1574114136750,2019-11-18T16:55:36.750,110.220,0.708,-0.618,-0.061
1574114136760,2019-11-18T16:55:36.760,110.230,0.774,-0.621,-0.036
1574114136770,2019-11-18T16:55:36.770,110.240,0.830,-0.619,-0.018
1574114136780,2019-11-18T16:55:36.780,110.250,0.872,-0.629,-0.003
1574114136790,2019-11-18T16:55:36.790,110.260,0.891,-0.622,0.009
1574114136800,2019-11-18T16:55:36.800,110.270,0.910,-0.588,0.020
1574114136810,2019-11-18T16:55:36.810,110.280,0.922,-0.569,0.032
1574114136820,2019-11-18T16:55:36.820,110.290,0.934,-0.604,0.040
1574114136830,2019-11-18T16:55:36.830,110.300,0.956,-0.664,0.043
1574114136840,2019-11-18T16:55:36.840,110.310,0.992,-0.671,0.041
1574114136850,2019-11-18T16:55:36.850,110.320,1.000,-0.667,0.047
1574114136860,2019-11-18T16:55:36.860,110.330,1.001,-0.695,0.042
1574114136870,2019-11-18T16:55:36.870,110.340,1.005,-0.717,0.027
1574114136880,2019-11-18T16:55:36.880,110.350,0.980,-0.721,0.012
1574114136890,2019-11-18T16:55:36.890,110.360,0.954,-0.701,-0.002
1574114136900,2019-11-18T16:55:36.900,110.370,0.943,-0.674,-0.018
1574114136910,2019-11-18T16:55:36.910,110.380,0.932,-0.640,-0.036
1574114136920,2019-11-18T16:55:36.920,110.390,0.924,-0.605,-0.047
1574114136930,2019-11-18T16:55:36.930,110.400,0.917,-0.606,-0.068
1574114136940,2019-11-18T16:55:36.940,110.410,0.908,-0.625,-0.076
1574114136950,2019-11-18T16:55:36.950,110.420,0.909,-0.640,-0.088
1574114136960,2019-11-18T16:55:36.960,110.430,0.895,-0.642,-0.094
1574114136970,2019-11-18T16:55:36.970,110.440,0.881,-0.629,-0.099
1574114136980,2019-11-18T16:55:36.980,110.450,0.871,-0.619,-0.112
1574114136990,2019-11-18T16:55:36.990,110.460,0.866,-0.613,-0.120
1574114137000,2019-11-18T16:55:37.000,110.470,0.862,-0.612,-0.117
1574114137010,2019-11-18T16:55:37.010,110.480,0.858,-0.604,-0.119
1574114137020,2019-11-18T16:55:37.020,110.490,0.856,-0.596,-0.127
1574114137030,2019-11-18T16:55:37.030,110.500,0.862,-0.604,-0.132
1574114137040,2019-11-18T16:55:37.040,110.510,0.860,-0.612,-0.136
1574114137050,2019-11-18T16:55:37.050,110.520,0.851,-0.612,-0.142
1574114137060,2019-11-18T16:55:37.060,110.530,0.840,-0.609,-0.139
1574114137070,2019-11-18T16:55:37.070,110.540,0.834,-0.606,-0.136
1574114137080,2019-11-18T16:55:37.080,110.550,0.824,-0.596,-0.138
1574114137090,2019-11-18T16:55:37.090,110.560,0.825,-0.587,-0.138
1574114137100,2019-11-18T16:55:37.100,110.570,0.829,-0.595,-0.141
1574114137110,2019-11-18T16:55:37.110,110.580,0.832,-0.601,-0.145
1574114137120,2019-11-18T16:55:37.120,110.590,0.825,-0.600,-0.146
1574114137130,2019-11-18T16:55:37.130,110.600,0.823,-0.594,-0.152
1574114137140,2019-11-18T16:55:37.140,110.610,0.826,-0.601,-0.152
1574114137150,2019-11-18T16:55:37.150,110.620,0.825,-0.602,-0.156
1574114137160,2019-11-18T16:55:37.160,110.630,0.816,-0.590,-0.157
1574114137170,2019-11-18T16:55:37.170,110.640,0.805,-0.580,-0.166
1574114137180,2019-11-18T16:55:37.180,110.650,0.801,-0.582,-0.168
1574114137190,2019-11-18T16:55:37.190,110.660,0.807,-0.585,-0.165
1574114137200,2019-11-18T16:55:37.200,110.670,0.811,-0.576,-0.158
1574114137210,2019-11-18T16:55:37.210,110.680,0.818,-0.569,-0.153
1574114137220,2019-11-18T16:55:37.220,110.690,0.827,-0.573,-0.156
1574114137230,2019-11-18T16:55:37.230,110.700,0.827,-0.585,-0.169
1574114137240,2019-11-18T16:55:37.240,110.710,0.819,-0.588,-0.172
1574114137250,2019-11-18T16:55:37.250,110.720,0.827,-0.574,-0.166
1574114137260,2019-11-18T16:55:37.260,110.730,0.833,-0.567,-0.157
1574114137270,2019-11-18T16:55:37.270,110.740,0.836,-0.567,-0.155
1574114137280,2019-11-18T16:55:37.280,110.750,0.837,-0.559,-0.152
1574114137290,2019-11-18T16:55:37.290,110.760,0.838,-0.551,-0.151
1574114137300,2019-11-18T16:55:37.300,110.770,0.841,-0.552,-0.149
1574114137310,2019-11-18T16:55:37.310,110.780,0.847,-0.553,-0.148
1574114137320,2019-11-18T16:55:37.320,110.790,0.847,-0.554,-0.144
1574114137330,2019-11-18T16:55:37.330,110.800,0.848,-0.560,-0.144
1574114137340,2019-11-18T16:55:37.340,110.810,0.852,-0.566,-0.146
1574114137350,2019-11-18T16:55:37.350,110.820,0.858,-0.578,-0.148
1574114137360,2019-11-18T16:55:37.360,110.830,0.862,-0.585,-0.151
1574114137370,2019-11-18T16:55:37.370,110.840,0.862,-0.574,-0.153
1574114137380,2019-11-18T16:55:37.380,110.850,0.854,-0.558,-0.150
1574114137390,2019-11-18T16:55:37.390,110.860,0.854,-0.559,-0.148
1574114137400,2019-11-18T16:55:37.400,110.870,0.857,-0.564,-0.151
1574114137410,2019-11-18T16:55:37.410,110.880,0.853,-0.568,-0.155
1574114137420,2019-11-18T16:55:37.420,110.890,0.847,-0.575,-0.163
1574114137430,2019-11-18T16:55:37.430,110.900,0.844,-0.581,-0.162
1574114137440,2019-11-18T16:55:37.440,110.910,0.842,-0.570,-0.164
1574114137450,2019-11-18T16:55:37.450,110.920,0.837,-0.559,-0.161
1574114137460,2019-11-18T16:55:37.460,110.930,0.831,-0.548,-0.153
1574114137470,2019-11-18T16:55:37.470,110.940,0.833,-0.538,-0.146
1574114137480,2019-11-18T16:55:37.480,110.950,0.840,-0.538,-0.137
1574114137490,2019-11-18T16:55:37.490,110.960,0.850,-0.538,-0.129
1574114137500,2019-11-18T16:55:37.500,110.970,0.849,-0.540,-0.130
1574114137510,2019-11-18T16:55:37.510,110.980,0.850,-0.542,-0.128
1574114137520,2019-11-18T16:55:37.520,110.990,0.841,-0.541,-0.126
1574114137530,2019-11-18T16:55:37.530,111.000,0.835,-0.538,-0.124
1574114137540,2019-11-18T16:55:37.540,111.010,0.833,-0.538,-0.123
1574114137550,2019-11-18T16:55:37.550,111.020,0.831,-0.541,-0.124
1574114137560,2019-11-18T16:55:37.560,111.030,0.830,-0.542,-0.125
1574114137570,2019-11-18T16:55:37.570,111.040,0.831,-0.540,-0.123
1574114137580,2019-11-18T16:55:37.580,111.050,0.828,-0.542,-0.121
1574114137590,2019-11-18T16:55:37.590,111.060,0.828,-0.549,-0.122
1574114137600,2019-11-18T16:55:37.600,111.070,0.826,-0.554,-0.127
1574114137610,2019-11-18T16:55:37.610,111.080,0.818,-0.549,-0.126
1574114137620,2019-11-18T16:55:37.620,111.090,0.813,-0.550,-0.124
1574114137630,2019-11-18T16:55:37.630,111.100,0.809,-0.548,-0.130
1574114137640,2019-11-18T16:55:37.640,111.110,0.806,-0.546,-0.136
1574114137650,2019-11-18T16:55:37.650,111.120,0.813,-0.546,-0.137
1574114137660,2019-11-18T16:55:37.660,111.130,0.817,-0.548,-0.141
1574114137670,2019-11-18T16:55:37.670,111.140,0.824,-0.553,-0.145
1574114137680,2019-11-18T16:55:37.680,111.150,0.825,-0.550,-0.140
1574114137690,2019-11-18T16:55:37.690,111.160,0.832,-0.556,-0.134
1574114137700,2019-11-18T16:55:37.700,111.170,0.844,-0.566,-0.126
1574114137710,2019-11-18T16:55:37.710,111.180,0.849,-0.576,-0.120
1574114137720,2019-11-18T16:55:37.720,111.190,0.852,-0.575,-0.115
1574114137730,2019-11-18T16:55:37.730,111.200,0.856,-0.569,-0.106
1574114137740,2019-11-18T16:55:37.740,111.210,0.858,-0.567,-0.104
1574114137750,2019-11-18T16:55:37.750,111.220,0.853,-0.558,-0.105
1574114137760,2019-11-18T16:55:37.760,111.230,0.842,-0.542,-0.104
1574114137770,2019-11-18T16:55:37.770,111.240,0.841,-0.535,-0.108
1574114137780,2019-11-18T16:55:37.780,111.250,0.841,-0.535,-0.106
1574114137790,2019-11-18T16:55:37.790,111.260,0.844,-0.534,-0.104
1574114137800,2019-11-18T16:55:37.800,111.270,0.840,-0.534,-0.106
1574114137810,2019-11-18T16:55:37.810,111.280,0.840,-0.541,-0.106
1574114137820,2019-11-18T16:55:37.820,111.290,0.839,-0.548,-0.103
1574114137830,2019-11-18T16:55:37.830,111.300,0.840,-0.548,-0.103
1574114137840,2019-11-18T16:55:37.840,111.310,0.837,-0.548,-0.104
1574114137850,2019-11-18T16:55:37.850,111.320,0.836,-0.554,-0.106
1574114137860,2019-11-18T16:55:37.860,111.330,0.839,-0.565,-0.104
1574114137870,2019-11-18T16:55:37.870,111.340,0.838,-0.569,-0.106
1574114137880,2019-11-18T16:55:37.880,111.350,0.833,-0.566,-0.105
1574114137890,2019-11-18T16:55:37.890,111.360,0.830,-0.568,-0.102
1574114137900,2019-11-18T16:55:37.900,111.370,0.823,-0.565,-0.104
1574114137910,2019-11-18T16:55:37.910,111.380,0.824,-0.560,-0.104
1574114137920,2019-11-18T16:55:37.920,111.390,0.823,-0.565,-0.104
1574114137930,2019-11-18T16:55:37.930,111.400,0.824,-0.576,-0.102
1574114137940,2019-11-18T16:55:37.940,111.410,0.827,-0.577,-0.098
1574114137950,2019-11-18T16:55:37.950,111.420,0.823,-0.572,-0.098
1574114137960,2019-11-18T16:55:37.960,111.430,0.821,-0.570,-0.095
1574114137970,2019-11-18T16:55:37.970,111.440,0.821,-0.564,-0.093
1574114137980,2019-11-18T16:55:37.980,111.450,0.822,-0.567,-0.094
1574114137990,2019-11-18T16:55:37.990,111.460,0.825,-0.570,-0.092
1574114138000,2019-11-18T16:55:38.000,111.470,0.827,-0.569,-0.089
1574114138010,2019-11-18T16:55:38.010,111.480,0.829,-0.568,-0.086
1574114138020,2019-11-18T16:55:38.020,111.490,0.830,-0.570,-0.085
1574114138030,2019-11-18T16:55:38.030,111.500,0.827,-0.574,-0.081
1574114138040,2019-11-18T16:55:38.040,111.510,0.825,-0.577,-0.080
1574114138050,2019-11-18T16:55:38.050,111.520,0.827,-0.577,-0.079
1574114138060,2019-11-18T16:55:38.060,111.530,0.822,-0.577,-0.078
1574114138070,2019-11-18T16:55:38.070,111.540,0.820,-0.571,-0.080
1574114138080,2019-11-18T16:55:38.080,111.550,0.821,-0.569,-0.080
1574114138090,2019-11-18T16:55:38.090,111.560,0.821,-0.570,-0.081
1574114138100,2019-11-18T16:55:38.100,111.570,0.824,-0.575,-0.080
1574114138110,2019-11-18T16:55:38.110,111.580,0.827,-0.572,-0.082
1574114138120,2019-11-18T16:55:38.120,111.590,0.825,-0.577,-0.079
1574114138130,2019-11-18T16:55:38.130,111.600,0.824,-0.584,-0.078
1574114138140,2019-11-18T16:55:38.140,111.610,0.823,-0.586,-0.077
1574114138150,2019-11-18T16:55:38.150,111.620,0.823,-0.591,-0.081
1574114138160,2019-11-18T16:55:38.160,111.630,0.822,-0.593,-0.081
1574114138170,2019-11-18T16:55:38.170,111.640,0.819,-0.589,-0.081
1574114138180,2019-11-18T16:55:38.180,111.650,0.819,-0.587,-0.079
1574114138190,2019-11-18T16:55:38.190,111.660,0.817,-0.583,-0.080
1574114138200,2019-11-18T16:55:38.200,111.670,0.815,-0.583,-0.083
1574114138210,2019-11-18T16:55:38.210,111.680,0.812,-0.587,-0.086
1574114138220,2019-11-18T16:55:38.220,111.690,0.806,-0.588,-0.088
1574114138230,2019-11-18T16:55:38.230,111.700,0.802,-0.590,-0.094
1574114138240,2019-11-18T16:55:38.240,111.710,0.801,-0.591,-0.090
1574114138250,2019-11-18T16:55:38.250,111.720,0.798,-0.589,-0.093
1574114138260,2019-11-18T16:55:38.260,111.730,0.793,-0.588,-0.095
1574114138270,2019-11-18T16:55:38.270,111.740,0.797,-0.593,-0.093
1574114138280,2019-11-18T16:55:38.280,111.750,0.803,-0.602,-0.093
1574114138290,2019-11-18T16:55:38.290,111.760,0.804,-0.607,-0.092
1574114138300,2019-11-18T16:55:38.300,111.770,0.804,-0.604,-0.090
1574114138310,2019-11-18T16:55:38.310,111.780,0.808,-0.606,-0.088
1574114138320,2019-11-18T16:55:38.320,111.790,0.807,-0.601,-0.088
1574114138330,2019-11-18T16:55:38.330,111.800,0.803,-0.587,-0.087
1574114138340,2019-11-18T16:55:38.340,111.810,0.801,-0.581,-0.084
1574114138350,2019-11-18T16:55:38.350,111.820,0.804,-0.585,-0.084
1574114138360,2019-11-18T16:55:38.360,111.830,0.810,-0.588,-0.085
1574114138370,2019-11-18T16:55:38.370,111.840,0.813,-0.586,-0.083
1574114138380,2019-11-18T16:55:38.380,111.850,0.816,-0.588,-0.084
1574114138390,2019-11-18T16:55:38.390,111.860,0.813,-0.591,-0.086
1574114138400,2019-11-18T16:55:38.400,111.870,0.814,-0.596,-0.088
1574114138410,2019-11-18T16:55:38.410,111.880,0.816,-0.602,-0.090
1574114138420,2019-11-18T16:55:38.420,111.890,0.813,-0.602,-0.090
1574114138430,2019-11-18T16:55:38.430,111.900,0.811,-0.599,-0.092
1574114138440,2019-11-18T16:55:38.440,111.910,0.809,-0.596,-0.095
1574114138450,2019-11-18T16:55:38.450,111.920,0.806,-0.592,-0.098
1574114138460,2019-11-18T16:55:38.460,111.930,0.806,-0.593,-0.101
1574114138470,2019-11-18T16:55:38.470,111.940,0.806,-0.594,-0.102
1574114138480,2019-11-18T16:55:38.480,111.950,0.802,-0.591,-0.104
1574114138490,2019-11-18T16:55:38.490,111.960,0.802,-0.594,-0.103
1574114138500,2019-11-18T16:55:38.500,111.970,0.800,-0.598,-0.101
1574114138510,2019-11-18T16:55:38.510,111.980,0.799,-0.597,-0.104
1574114138520,2019-11-18T16:55:38.520,111.990,0.801,-0.592,-0.104
1574114138530,2019-11-18T16:55:38.530,112.000,0.804,-0.592,-0.107
1574114138540,2019-11-18T16:55:38.540,112.010,0.800,-0.590,-0.105
1574114138550,2019-11-18T16:55:38.550,112.020,0.801,-0.592,-0.106
1574114138560,2019-11-18T16:55:38.560,112.030,0.806,-0.595,-0.112
1574114138570,2019-11-18T16:55:38.570,112.040,0.807,-0.598,-0.115
1574114138580,2019-11-18T16:55:38.580,112.050,0.809,-0.598,-0.113
1574114138590,2019-11-18T16:55:38.590,112.060,0.808,-0.594,-0.110
1574114138600,2019-11-18T16:55:38.600,112.070,0.808,-0.590,-0.106
1574114138610,2019-11-18T16:55:38.610,112.080,0.811,-0.590,-0.110
1574114138620,2019-11-18T16:55:38.620,112.090,0.812,-0.591,-0.112
1574114138630,2019-11-18T16:55:38.630,112.100,0.816,-0.587,-0.110
1574114138640,2019-11-18T16:55:38.640,112.110,0.823,-0.590,-0.110
1574114138650,2019-11-18T16:55:38.650,112.120,0.823,-0.593,-0.108
1574114138660,2019-11-18T16:55:38.660,112.130,0.824,-0.592,-0.108
1574114138670,2019-11-18T16:55:38.670,112.140,0.821,-0.591,-0.108
1574114138680,2019-11-18T16:55:38.680,112.150,0.820,-0.592,-0.111
1574114138690,2019-11-18T16:55:38.690,112.160,0.816,-0.595,-0.111
1574114138700,2019-11-18T16:55:38.700,112.170,0.813,-0.592,-0.108
1574114138710,2019-11-18T16:55:38.710,112.180,0.809,-0.586,-0.105
1574114138720,2019-11-18T16:55:38.720,112.190,0.809,-0.582,-0.105
1574114138730,2019-11-18T16:55:38.730,112.200,0.814,-0.580,-0.107
1574114138740,2019-11-18T16:55:38.740,112.210,0.813,-0.579,-0.103
1574114138750,2019-11-18T16:55:38.750,112.220,0.815,-0.583,-0.105
1574114138760,2019-11-18T16:55:38.760,112.230,0.816,-0.584,-0.106
1574114138770,2019-11-18T16:55:38.770,112.240,0.814,-0.584,-0.101
1574114138780,2019-11-18T16:55:38.780,112.250,0.816,-0.584,-0.101
1574114138790,2019-11-18T16:55:38.790,112.260,0.813,-0.586,-0.101
1574114138800,2019-11-18T16:55:38.800,112.270,0.809,-0.585,-0.101
1574114138810,2019-11-18T16:55:38.810,112.280,0.812,-0.587,-0.101
1574114138820,2019-11-18T16:55:38.820,112.290,0.814,-0.591,-0.101
1574114138830,2019-11-18T16:55:38.830,112.300,0.812,-0.589,-0.102
1574114138840,2019-11-18T16:55:38.840,112.310,0.809,-0.589,-0.103
1574114138850,2019-11-18T16:55:38.850,112.320,0.813,-0.591,-0.099
1574114138860,2019-11-18T16:55:38.860,112.330,0.815,-0.590,-0.101
1574114138870,2019-11-18T16:55:38.870,112.340,0.813,-0.584,-0.099
1574114138880,2019-11-18T16:55:38.880,112.350,0.810,-0.573,-0.096
1574114138890,2019-11-18T16:55:38.890,112.360,0.811,-0.574,-0.093
1574114138900,2019-11-18T16:55:38.900,112.370,0.817,-0.581,-0.093
1574114138910,2019-11-18T16:55:38.910,112.380,0.817,-0.573,-0.087
1574114138920,2019-11-18T16:55:38.920,112.390,0.821,-0.569,-0.089
1574114138930,2019-11-18T16:55:38.930,112.400,0.825,-0.575,-0.086
1574114138940,2019-11-18T16:55:38.940,112.410,0.827,-0.579,-0.089
1574114138950,2019-11-18T16:55:38.950,112.420,0.829,-0.583,-0.087
1574114138960,2019-11-18T16:55:38.960,112.430,0.825,-0.581,-0.090
1574114138970,2019-11-18T16:55:38.970,112.440,0.821,-0.578,-0.095
1574114138980,2019-11-18T16:55:38.980,112.450,0.825,-0.575,-0.091
1574114138990,2019-11-18T16:55:38.990,112.460,0.823,-0.575,-0.093
1574114139000,2019-11-18T16:55:39.000,112.470,0.819,-0.573,-0.092
1574114139010,2019-11-18T16:55:39.010,112.480,0.821,-0.572,-0.094
1574114139020,2019-11-18T16:55:39.020,112.490,0.822,-0.576,-0.093
1574114139030,2019-11-18T16:55:39.030,112.500,0.825,-0.575,-0.091
1574114139040,2019-11-18T16:55:39.040,112.510,0.826,-0.575,-0.094
1574114139050,2019-11-18T16:55:39.050,112.520,0.825,-0.584,-0.094
1574114139060,2019-11-18T16:55:39.060,112.530,0.828,-0.588,-0.097
1574114139070,2019-11-18T16:55:39.070,112.540,0.829,-0.586,-0.091
1574114139080,2019-11-18T16:55:39.080,112.550,0.828,-0.588,-0.092
1574114139090,2019-11-18T16:55:39.090,112.560,0.828,-0.584,-0.094
1574114139100,2019-11-18T16:55:39.100,112.570,0.824,-0.580,-0.093
1574114139110,2019-11-18T16:55:39.110,112.580,0.821,-0.578,-0.091
1574114139120,2019-11-18T16:55:39.120,112.590,0.820,-0.575,-0.089
1574114139130,2019-11-18T16:55:39.130,112.600,0.818,-0.570,-0.092
1574114139140,2019-11-18T16:55:39.140,112.610,0.819,-0.568,-0.096
1574114139150,2019-11-18T16:55:39.150,112.620,0.818,-0.567,-0.093
1574114139160,2019-11-18T16:55:39.160,112.630,0.817,-0.571,-0.091
1574114139170,2019-11-18T16:55:39.170,112.640,0.820,-0.575,-0.093
1574114139180,2019-11-18T16:55:39.180,112.650,0.821,-0.575,-0.094
1574114139190,2019-11-18T16:55:39.190,112.660,0.818,-0.573,-0.095
1574114139200,2019-11-18T16:55:39.200,112.670,0.816,-0.574,-0.095
1574114139210,2019-11-18T16:55:39.210,112.680,0.819,-0.579,-0.098
1574114139220,2019-11-18T16:55:39.220,112.690,0.823,-0.583,-0.097
1574114139230,2019-11-18T16:55:39.230,112.700,0.824,-0.584,-0.099
1574114139240,2019-11-18T16:55:39.240,112.710,0.822,-0.584,-0.103
1574114139250,2019-11-18T16:55:39.250,112.720,0.822,-0.584,-0.100
1574114139260,2019-11-18T16:55:39.260,112.730,0.823,-0.582,-0.103
1574114139270,2019-11-18T16:55:39.270,112.740,0.824,-0.585,-0.102
1574114139280,2019-11-18T16:55:39.280,112.750,0.826,-0.589,-0.102
1574114139290,2019-11-18T16:55:39.290,112.760,0.826,-0.588,-0.101
1574114139300,2019-11-18T16:55:39.300,112.770,0.826,-0.584,-0.101
1574114139310,2019-11-18T16:55:39.310,112.780,0.822,-0.586,-0.101
1574114139320,2019-11-18T16:55:39.320,112.790,0.823,-0.587,-0.102
1574114139330,2019-11-18T16:55:39.330,112.800,0.825,-0.583,-0.100
1574114139340,2019-11-18T16:55:39.340,112.810,0.827,-0.581,-0.100
1574114139350,2019-11-18T16:55:39.350,112.820,0.822,-0.582,-0.102
1574114139360,2019-11-18T16:55:39.360,112.830,0.820,-0.590,-0.101
1574114139370,2019-11-18T16:55:39.370,112.840,0.820,-0.599,-0.103
1574114139380,2019-11-18T16:55:39.380,112.850,0.823,-0.603,-0.100
1574114139390,2019-11-18T16:55:39.390,112.860,0.821,-0.602,-0.098
1574114139400,2019-11-18T16:55:39.400,112.870,0.813,-0.596,-0.098
1574114139410,2019-11-18T16:55:39.410,112.880,0.813,-0.588,-0.096
1574114139420,2019-11-18T16:55:39.420,112.890,0.813,-0.583,-0.093
1574114139430,2019-11-18T16:55:39.430,112.900,0.812,-0.585,-0.093
1574114139440,2019-11-18T16:55:39.440,112.910,0.813,-0.583,-0.092
1574114139450,2019-11-18T16:55:39.450,112.920,0.812,-0.577,-0.088
1574114139460,2019-11-18T16:55:39.460,112.930,0.814,-0.575,-0.082
1574114139470,2019-11-18T16:55:39.470,112.940,0.816,-0.576,-0.081
1574114139480,2019-11-18T16:55:39.480,112.950,0.818,-0.576,-0.081
1574114139490,2019-11-18T16:55:39.490,112.960,0.818,-0.576,-0.079
1574114139500,2019-11-18T16:55:39.500,112.970,0.820,-0.579,-0.079
1574114139510,2019-11-18T16:55:39.510,112.980,0.820,-0.581,-0.079
1574114139520,2019-11-18T16:55:39.520,112.990,0.818,-0.578,-0.083
1574114139530,2019-11-18T16:55:39.530,113.000,0.820,-0.577,-0.079
1574114139540,2019-11-18T16:55:39.540,113.010,0.825,-0.579,-0.077
1574114139550,2019-11-18T16:55:39.550,113.020,0.828,-0.582,-0.078
1574114139560,2019-11-18T16:55:39.560,113.030,0.829,-0.586,-0.077
1574114139570,2019-11-18T16:55:39.570,113.040,0.830,-0.583,-0.077
1574114139580,2019-11-18T16:55:39.580,113.050,0.831,-0.584,-0.077
1574114139590,2019-11-18T16:55:39.590,113.060,0.830,-0.586,-0.074
1574114139600,2019-11-18T16:55:39.600,113.070,0.837,-0.589,-0.075
1574114139610,2019-11-18T16:55:39.610,113.080,0.837,-0.584,-0.072
1574114139620,2019-11-18T16:55:39.620,113.090,0.834,-0.585,-0.068
1574114139630,2019-11-18T16:55:39.630,113.100,0.833,-0.594,-0.070
1574114139640,2019-11-18T16:55:39.640,113.110,0.835,-0.597,-0.075
1574114139650,2019-11-18T16:55:39.650,113.120,0.829,-0.591,-0.070
1574114139660,2019-11-18T16:55:39.660,113.130,0.824,-0.583,-0.071
1574114139670,2019-11-18T16:55:39.670,113.140,0.819,-0.582,-0.073
1574114139680,2019-11-18T16:55:39.680,113.150,0.813,-0.581,-0.077
1574114139690,2019-11-18T16:55:39.690,113.160,0.808,-0.582,-0.076
1574114139700,2019-11-18T16:55:39.700,113.170,0.810,-0.582,-0.076
1574114139710,2019-11-18T16:55:39.710,113.180,0.809,-0.583,-0.076
1574114139720,2019-11-18T16:55:39.720,113.190,0.808,-0.582,-0.075
1574114139730,2019-11-18T16:55:39.730,113.200,0.808,-0.582,-0.077
1574114139740,2019-11-18T16:55:39.740,113.210,0.806,-0.586,-0.076
1574114139750,2019-11-18T16:55:39.750,113.220,0.807,-0.588,-0.078
1574114139760,2019-11-18T16:55:39.760,113.230,0.803,-0.586,-0.077
1574114139770,2019-11-18T16:55:39.770,113.240,0.798,-0.586,-0.077
1574114139780,2019-11-18T16:55:39.780,113.250,0.809,-0.587,-0.074
1574114139790,2019-11-18T16:55:39.790,113.260,0.812,-0.589,-0.072
1574114139800,2019-11-18T16:55:39.800,113.270,0.807,-0.588,-0.074
1574114139810,2019-11-18T16:55:39.810,113.280,0.806,-0.588,-0.078
1574114139820,2019-11-18T16:55:39.820,113.290,0.805,-0.587,-0.078
1574114139830,2019-11-18T16:55:39.830,113.300,0.805,-0.587,-0.081
1574114139840,2019-11-18T16:55:39.840,113.310,0.804,-0.595,-0.082
1574114139850,2019-11-18T16:55:39.850,113.320,0.807,-0.599,-0.084
1574114139860,2019-11-18T16:55:39.860,113.330,0.805,-0.589,-0.081
1574114139870,2019-11-18T16:55:39.870,113.340,0.807,-0.586,-0.081
1574114139880,2019-11-18T16:55:39.880,113.350,0.810,-0.586,-0.083
1574114139890,2019-11-18T16:55:39.890,113.360,0.815,-0.587,-0.080
1574114139900,2019-11-18T16:55:39.900,113.370,0.820,-0.588,-0.078
1574114139910,2019-11-18T16:55:39.910,113.380,0.822,-0.595,-0.083
1574114139920,2019-11-18T16:55:39.920,113.390,0.827,-0.596,-0.074
1574114139930,2019-11-18T16:55:39.930,113.400,0.821,-0.601,-0.069
1574114139940,2019-11-18T16:55:39.940,113.410,0.822,-0.603,-0.070
1574114139950,2019-11-18T16:55:39.950,113.420,0.824,-0.596,-0.072
1574114139960,2019-11-18T16:55:39.960,113.430,0.819,-0.588,-0.072
1574114139970,2019-11-18T16:55:39.970,113.440,0.817,-0.585,-0.070
1574114139980,2019-11-18T16:55:39.980,113.450,0.816,-0.590,-0.075
1574114139990,2019-11-18T16:55:39.990,113.460,0.814,-0.587,-0.075
1574114140000,2019-11-18T16:55:40.000,113.470,0.815,-0.584,-0.076
1574114140010,2019-11-18T16:55:40.010,113.480,0.813,-0.582,-0.078
1574114140020,2019-11-18T16:55:40.020,113.490,0.813,-0.586,-0.074
1574114140030,2019-11-18T16:55:40.030,113.500,0.816,-0.593,-0.080
1574114140040,2019-11-18T16:55:40.040,113.510,0.817,-0.592,-0.077
1574114140050,2019-11-18T16:55:40.050,113.520,0.815,-0.589,-0.077
1574114140060,2019-11-18T16:55:40.060,113.530,0.814,-0.592,-0.079
1574114140070,2019-11-18T16:55:40.070,113.540,0.813,-0.594,-0.081
1574114140080,2019-11-18T16:55:40.080,113.550,0.816,-0.591,-0.081
1574114140090,2019-11-18T16:55:40.090,113.560,0.815,-0.591,-0.080
1574114140100,2019-11-18T16:55:40.100,113.570,0.812,-0.593,-0.083
1574114140110,2019-11-18T16:55:40.110,113.580,0.811,-0.595,-0.088
1574114140120,2019-11-18T16:55:40.120,113.590,0.805,-0.601,-0.092
1574114140130,2019-11-18T16:55:40.130,113.600,0.805,-0.605,-0.089
1574114140140,2019-11-18T16:55:40.140,113.610,0.811,-0.606,-0.088
1574114140150,2019-11-18T16:55:40.150,113.620,0.805,-0.602,-0.092
1574114140160,2019-11-18T16:55:40.160,113.630,0.804,-0.598,-0.090
1574114140170,2019-11-18T16:55:40.170,113.640,0.807,-0.602,-0.089
1574114140180,2019-11-18T16:55:40.180,113.650,0.809,-0.606,-0.092
1574114140190,2019-11-18T16:55:40.190,113.660,0.809,-0.609,-0.090
1574114140200,2019-11-18T16:55:40.200,113.670,0.807,-0.610,-0.090
1574114140210,2019-11-18T16:55:40.210,113.680,0.803,-0.608,-0.093
1574114140220,2019-11-18T16:55:40.220,113.690,0.800,-0.608,-0.091
1574114140230,2019-11-18T16:55:40.230,113.700,0.800,-0.614,-0.089
1574114140240,2019-11-18T16:55:40.240,113.710,0.803,-0.616,-0.091
1574114140250,2019-11-18T16:55:40.250,113.720,0.802,-0.611,-0.091
1574114140260,2019-11-18T16:55:40.260,113.730,0.799,-0.608,-0.090
1574114140270,2019-11-18T16:55:40.270,113.740,0.795,-0.606,-0.087
1574114140280,2019-11-18T16:55:40.280,113.750,0.796,-0.605,-0.087
1574114140290,2019-11-18T16:55:40.290,113.760,0.797,-0.607,-0.089
1574114140300,2019-11-18T16:55:40.300,113.770,0.796,-0.610,-0.087
1574114140310,2019-11-18T16:55:40.310,113.780,0.795,-0.613,-0.085
1574114140320,2019-11-18T16:55:40.320,113.790,0.796,-0.612,-0.085
1574114140330,2019-11-18T16:55:40.330,113.800,0.796,-0.612,-0.085
1574114140340,2019-11-18T16:55:40.340,113.810,0.797,-0.612,-0.084
1574114140350,2019-11-18T16:55:40.350,113.820,0.797,-0.609,-0.083
1574114140360,2019-11-18T16:55:40.360,113.830,0.797,-0.606,-0.082
1574114140370,2019-11-18T16:55:40.370,113.840,0.798,-0.609,-0.081
1574114140380,2019-11-18T16:55:40.380,113.850,0.795,-0.610,-0.083
1574114140390,2019-11-18T16:55:40.390,113.860,0.798,-0.609,-0.083
1574114140400,2019-11-18T16:55:40.400,113.870,0.801,-0.608,-0.081
1574114140410,2019-11-18T16:55:40.410,113.880,0.799,-0.610,-0.079
1574114140420,2019-11-18T16:55:40.420,113.890,0.801,-0.614,-0.081
1574114140430,2019-11-18T16:55:40.430,113.900,0.798,-0.615,-0.078
1574114140440,2019-11-18T16:55:40.440,113.910,0.798,-0.615,-0.079
1574114140450,2019-11-18T16:55:40.450,113.920,0.801,-0.627,-0.078
1574114140460,2019-11-18T16:55:40.460,113.930,0.800,-0.625,-0.078
1574114140470,2019-11-18T16:55:40.470,113.940,0.795,-0.617,-0.074
1574114140480,2019-11-18T16:55:40.480,113.950,0.795,-0.616,-0.075
1574114140490,2019-11-18T16:55:40.490,113.960,0.799,-0.615,-0.075
1574114140500,2019-11-18T16:55:40.500,113.970,0.798,-0.601,-0.076
1574114140510,2019-11-18T16:55:40.510,113.980,0.796,-0.595,-0.073
1574114140520,2019-11-18T16:55:40.520,113.990,0.796,-0.607,-0.072
1574114140530,2019-11-18T16:55:40.530,114.000,0.803,-0.613,-0.074
1574114140540,2019-11-18T16:55:40.540,114.010,0.807,-0.611,-0.075
1574114140550,2019-11-18T16:55:40.550,114.020,0.808,-0.612,-0.072
1574114140560,2019-11-18T16:55:40.560,114.030,0.811,-0.613,-0.074
1574114140570,2019-11-18T16:55:40.570,114.040,0.810,-0.618,-0.074
1574114140580,2019-11-18T16:55:40.580,114.050,0.814,-0.621,-0.071
1574114140590,2019-11-18T16:55:40.590,114.060,0.815,-0.620,-0.071
1574114140600,2019-11-18T16:55:40.600,114.070,0.808,-0.617,-0.075
1574114140610,2019-11-18T16:55:40.610,114.080,0.804,-0.613,-0.074
1574114140620,2019-11-18T16:55:40.620,114.090,0.804,-0.609,-0.071
1574114140630,2019-11-18T16:55:40.630,114.100,0.805,-0.609,-0.071
1574114140640,2019-11-18T16:55:40.640,114.110,0.803,-0.610,-0.073
1574114140650,2019-11-18T16:55:40.650,114.120,0.805,-0.611,-0.074
1574114140660,2019-11-18T16:55:40.660,114.130,0.807,-0.613,-0.069
1574114140670,2019-11-18T16:55:40.670,114.140,0.812,-0.619,-0.069
1574114140680,2019-11-18T16:55:40.680,114.150,0.806,-0.621,-0.068
1574114140690,2019-11-18T16:55:40.690,114.160,0.807,-0.618,-0.065
1574114140700,2019-11-18T16:55:40.700,114.170,0.807,-0.618,-0.064
1574114140710,2019-11-18T16:55:40.710,114.180,0.804,-0.615,-0.065
1574114140720,2019-11-18T16:55:40.720,114.190,0.806,-0.617,-0.064
1574114140730,2019-11-18T16:55:40.730,114.200,0.806,-0.624,-0.065
1574114140740,2019-11-18T16:55:40.740,114.210,0.806,-0.623,-0.064
1574114140750,2019-11-18T16:55:40.750,114.220,0.802,-0.619,-0.063
1574114140760,2019-11-18T16:55:40.760,114.230,0.798,-0.619,-0.062
1574114140770,2019-11-18T16:55:40.770,114.240,0.797,-0.626,-0.063
1574114140780,2019-11-18T16:55:40.780,114.250,0.800,-0.629,-0.064
1574114140790,2019-11-18T16:55:40.790,114.260,0.801,-0.623,-0.058
1574114140800,2019-11-18T16:55:40.800,114.270,0.797,-0.620,-0.059
1574114140810,2019-11-18T16:55:40.810,114.280,0.800,-0.622,-0.060
1574114140820,2019-11-18T16:55:40.820,114.290,0.798,-0.630,-0.060
1574114140830,2019-11-18T16:55:40.830,114.300,0.793,-0.632,-0.058
1574114140840,2019-11-18T16:55:40.840,114.310,0.797,-0.630,-0.062
1574114140850,2019-11-18T16:55:40.850,114.320,0.793,-0.629,-0.064
1574114140860,2019-11-18T16:55:40.860,114.330,0.792,-0.634,-0.064
1574114140870,2019-11-18T16:55:40.870,114.340,0.792,-0.638,-0.065
1574114140880,2019-11-18T16:55:40.880,114.350,0.792,-0.639,-0.061
1574114140890,2019-11-18T16:55:40.890,114.360,0.792,-0.642,-0.064
1574114140900,2019-11-18T16:55:40.900,114.370,0.788,-0.640,-0.064
1574114140910,2019-11-18T16:55:40.910,114.380,0.785,-0.637,-0.062
1574114140920,2019-11-18T16:55:40.920,114.390,0.783,-0.635,-0.063
1574114140930,2019-11-18T16:55:40.930,114.400,0.783,-0.639,-0.063
1574114140940,2019-11-18T16:55:40.940,114.410,0.781,-0.643,-0.063
1574114140950,2019-11-18T16:55:40.950,114.420,0.778,-0.643,-0.063
1574114140960,2019-11-18T16:55:40.960,114.430,0.777,-0.641,-0.059
1574114140970,2019-11-18T16:55:40.970,114.440,0.776,-0.651,-0.061
1574114140980,2019-11-18T16:55:40.980,114.450,0.779,-0.658,-0.062
1574114140990,2019-11-18T16:55:40.990,114.460,0.774,-0.652,-0.055
1574114141000,2019-11-18T16:55:41.000,114.470,0.770,-0.653,-0.054
1574114141010,2019-11-18T16:55:41.010,114.480,0.771,-0.661,-0.056
1574114141020,2019-11-18T16:55:41.020,114.490,0.767,-0.661,-0.057
1574114141030,2019-11-18T16:55:41.030,114.500,0.760,-0.648,-0.057
1574114141040,2019-11-18T16:55:41.040,114.510,0.756,-0.641,-0.055
1574114141050,2019-11-18T16:55:41.050,114.520,0.756,-0.645,-0.056
1574114141060,2019-11-18T16:55:41.060,114.530,0.761,-0.653,-0.058
1574114141070,2019-11-18T16:55:41.070,114.540,0.759,-0.651,-0.061
1574114141080,2019-11-18T16:55:41.080,114.550,0.754,-0.646,-0.057
1574114141090,2019-11-18T16:55:41.090,114.560,0.759,-0.651,-0.055
1574114141100,2019-11-18T16:55:41.100,114.570,0.762,-0.662,-0.058
1574114141110,2019-11-18T16:55:41.110,114.580,0.761,-0.660,-0.057
1574114141120,2019-11-18T16:55:41.120,114.590,0.758,-0.663,-0.056
1574114141130,2019-11-18T16:55:41.130,114.600,0.755,-0.667,-0.061
1574114141140,2019-11-18T16:55:41.140,114.610,0.750,-0.664,-0.061
1574114141150,2019-11-18T16:55:41.150,114.620,0.748,-0.658,-0.062
1574114141160,2019-11-18T16:55:41.160,114.630,0.747,-0.661,-0.063
1574114141170,2019-11-18T16:55:41.170,114.640,0.743,-0.662,-0.066
1574114141180,2019-11-18T16:55:41.180,114.650,0.744,-0.660,-0.063
1574114141190,2019-11-18T16:55:41.190,114.660,0.745,-0.664,-0.060
1574114141200,2019-11-18T16:55:41.200,114.670,0.749,-0.673,-0.063
1574114141210,2019-11-18T16:55:41.210,114.680,0.749,-0.681,-0.064
1574114141220,2019-11-18T16:55:41.220,114.690,0.750,-0.685,-0.061
1574114141230,2019-11-18T16:55:41.230,114.700,0.747,-0.686,-0.059
1574114141240,2019-11-18T16:55:41.240,114.710,0.744,-0.685,-0.061
1574114141250,2019-11-18T16:55:41.250,114.720,0.745,-0.687,-0.059
1574114141260,2019-11-18T16:55:41.260,114.730,0.746,-0.687,-0.060
1574114141270,2019-11-18T16:55:41.270,114.740,0.743,-0.678,-0.060
1574114141280,2019-11-18T16:55:41.280,114.750,0.743,-0.673,-0.055
1574114141290,2019-11-18T16:55:41.290,114.760,0.753,-0.676,-0.061
1574114141300,2019-11-18T16:55:41.300,114.770,0.764,-0.685,-0.058
1574114141310,2019-11-18T16:55:41.310,114.780,0.767,-0.695,-0.057
1574114141320,2019-11-18T16:55:41.320,114.790,0.765,-0.702,-0.054
1574114141330,2019-11-18T16:55:41.330,114.800,0.764,-0.710,-0.056
1574114141340,2019-11-18T16:55:41.340,114.810,0.768,-0.715,-0.057
1574114141350,2019-11-18T16:55:41.350,114.820,0.785,-0.723,-0.057
1574114141360,2019-11-18T16:55:41.360,114.830,0.797,-0.731,-0.053
1574114141370,2019-11-18T16:55:41.370,114.840,0.797,-0.735,-0.048
1574114141380,2019-11-18T16:55:41.380,114.850,0.796,-0.739,-0.046
1574114141390,2019-11-18T16:55:41.390,114.860,0.813,-0.751,-0.049
1574114141400,2019-11-18T16:55:41.400,114.870,0.822,-0.774,-0.044
1574114141410,2019-11-18T16:55:41.410,114.880,0.810,-0.790,-0.038
1574114141420,2019-11-18T16:55:41.420,114.890,0.809,-0.786,-0.041
1574114141430,2019-11-18T16:55:41.430,114.900,0.831,-0.796,-0.038
1574114141440,2019-11-18T16:55:41.440,114.910,0.823,-0.821,-0.034
1574114141450,2019-11-18T16:55:41.450,114.920,0.816,-0.846,-0.035
1574114141460,2019-11-18T16:55:41.460,114.930,0.804,-0.843,-0.031
1574114141470,2019-11-18T16:55:41.470,114.940,0.763,-0.781,-0.030
1574114141480,2019-11-18T16:55:41.480,114.950,0.711,-0.712,-0.034
1574114141490,2019-11-18T16:55:41.490,114.960,0.676,-0.708,-0.028
1574114141500,2019-11-18T16:55:41.500,114.970,0.671,-0.740,-0.031
1574114141510,2019-11-18T16:55:41.510,114.980,0.667,-0.759,-0.041
1574114141520,2019-11-18T16:55:41.520,114.990,0.627,-0.763,-0.038
1574114141530,2019-11-18T16:55:41.530,115.000,0.590,-0.740,-0.038
1574114141540,2019-11-18T16:55:41.540,115.010,0.573,-0.731,-0.038
1574114141550,2019-11-18T16:55:41.550,115.020,0.555,-0.751,-0.033
1574114141560,2019-11-18T16:55:41.560,115.030,0.544,-0.752,-0.034
1574114141570,2019-11-18T16:55:41.570,115.040,0.540,-0.753,-0.037
1574114141580,2019-11-18T16:55:41.580,115.050,0.515,-0.768,-0.035
1574114141590,2019-11-18T16:55:41.590,115.060,0.502,-0.770,-0.034
1574114141600,2019-11-18T16:55:41.600,115.070,0.501,-0.769,-0.030
1574114141610,2019-11-18T16:55:41.610,115.080,0.499,-0.793,-0.030
1574114141620,2019-11-18T16:55:41.620,115.090,0.499,-0.807,-0.028
1574114141630,2019-11-18T16:55:41.630,115.100,0.487,-0.806,-0.030
1574114141640,2019-11-18T16:55:41.640,115.110,0.484,-0.813,-0.025
1574114141650,2019-11-18T16:55:41.650,115.120,0.481,-0.820,-0.023
1574114141660,2019-11-18T16:55:41.660,115.130,0.473,-0.815,-0.019
1574114141670,2019-11-18T16:55:41.670,115.140,0.469,-0.827,-0.013
1574114141680,2019-11-18T16:55:41.680,115.150,0.477,-0.851,-0.014
1574114141690,2019-11-18T16:55:41.690,115.160,0.467,-0.835,-0.012
1574114141700,2019-11-18T16:55:41.700,115.170,0.460,-0.825,-0.010
1574114141710,2019-11-18T16:55:41.710,115.180,0.474,-0.839,-0.010
1574114141720,2019-11-18T16:55:41.720,115.190,0.473,-0.837,-0.012
1574114141730,2019-11-18T16:55:41.730,115.200,0.463,-0.842,-0.008
1574114141740,2019-11-18T16:55:41.740,115.210,0.451,-0.845,-0.012
1574114141750,2019-11-18T16:55:41.750,115.220,0.443,-0.847,-0.011
1574114141760,2019-11-18T16:55:41.760,115.230,0.440,-0.861,-0.012
1574114141770,2019-11-18T16:55:41.770,115.240,0.438,-0.860,-0.012
1574114141780,2019-11-18T16:55:41.780,115.250,0.430,-0.849,-0.008
1574114141790,2019-11-18T16:55:41.790,115.260,0.426,-0.851,-0.009
1574114141800,2019-11-18T16:55:41.800,115.270,0.427,-0.847,-0.018
1574114141810,2019-11-18T16:55:41.810,115.280,0.427,-0.844,-0.022
1574114141820,2019-11-18T16:55:41.820,115.290,0.423,-0.841,-0.024
1574114141830,2019-11-18T16:55:41.830,115.300,0.420,-0.838,-0.027
1574114141840,2019-11-18T16:55:41.840,115.310,0.419,-0.840,-0.027
1574114141850,2019-11-18T16:55:41.850,115.320,0.424,-0.846,-0.025
1574114141860,2019-11-18T16:55:41.860,115.330,0.430,-0.855,-0.024
1574114141870,2019-11-18T16:55:41.870,115.340,0.433,-0.861,-0.023
1574114141880,2019-11-18T16:55:41.880,115.350,0.434,-0.863,-0.024
1574114141890,2019-11-18T16:55:41.890,115.360,0.444,-0.874,-0.025
1574114141900,2019-11-18T16:55:41.900,115.370,0.462,-0.888,-0.023
1574114141910,2019-11-18T16:55:41.910,115.380,0.476,-0.885,-0.023
1574114141920,2019-11-18T16:55:41.920,115.390,0.470,-0.865,-0.021
1574114141930,2019-11-18T16:55:41.930,115.400,0.479,-0.853,-0.020
1574114141940,2019-11-18T16:55:41.940,115.410,0.495,-0.855,-0.020
1574114141950,2019-11-18T16:55:41.950,115.420,0.505,-0.861,-0.017
1574114141960,2019-11-18T16:55:41.960,115.430,0.515,-0.849,-0.012
1574114141970,2019-11-18T16:55:41.970,115.440,0.524,-0.836,-0.010
1574114141980,2019-11-18T16:55:41.980,115.450,0.530,-0.830,-0.009
1574114141990,2019-11-18T16:55:41.990,115.460,0.543,-0.832,-0.013
1574114142000,2019-11-18T16:55:42.000,115.470,0.554,-0.824,-0.009
1574114142010,2019-11-18T16:55:42.010,115.480,0.559,-0.811,-0.010
1574114142020,2019-11-18T16:55:42.020,115.490,0.569,-0.809,-0.012
1574114142030,2019-11-18T16:55:42.030,115.500,0.579,-0.816,-0.014
1574114142040,2019-11-18T16:55:42.040,115.510,0.588,-0.823,-0.015
1574114142050,2019-11-18T16:55:42.050,115.520,0.592,-0.827,-0.015
1574114142060,2019-11-18T16:55:42.060,115.530,0.596,-0.833,-0.017
1574114142070,2019-11-18T16:55:42.070,115.540,0.599,-0.843,-0.017
1574114142080,2019-11-18T16:55:42.080,115.550,0.608,-0.846,-0.018
1574114142090,2019-11-18T16:55:42.090,115.560,0.612,-0.841,-0.023
1574114142100,2019-11-18T16:55:42.100,115.570,0.610,-0.829,-0.023
1574114142110,2019-11-18T16:55:42.110,115.580,0.614,-0.828,-0.029
1574114142120,2019-11-18T16:55:42.120,115.590,0.625,-0.833,-0.031
1574114142130,2019-11-18T16:55:42.130,115.600,0.634,-0.834,-0.038
1574114142140,2019-11-18T16:55:42.140,115.610,0.634,-0.835,-0.043
1574114142150,2019-11-18T16:55:42.150,115.620,0.635,-0.837,-0.039
1574114142160,2019-11-18T16:55:42.160,115.630,0.638,-0.849,-0.036
1574114142170,2019-11-18T16:55:42.170,115.640,0.649,-0.861,-0.037
1574114142180,2019-11-18T16:55:42.180,115.650,0.643,-0.853,-0.036
1574114142190,2019-11-18T16:55:42.190,115.660,0.637,-0.837,-0.031
1574114142200,2019-11-18T16:55:42.200,115.670,0.639,-0.829,-0.028
1574114142210,2019-11-18T16:55:42.210,115.680,0.639,-0.838,-0.026
1574114142220,2019-11-18T16:55:42.220,115.690,0.642,-0.851,-0.024
1574114142230,2019-11-18T16:55:42.230,115.700,0.643,-0.854,-0.019
1574114142240,2019-11-18T16:55:42.240,115.710,0.636,-0.843,-0.016
1574114142250,2019-11-18T16:55:42.250,115.720,0.626,-0.828,-0.011
1574114142260,2019-11-18T16:55:42.260,115.730,0.623,-0.817,-0.008
1574114142270,2019-11-18T16:55:42.270,115.740,0.618,-0.809,-0.009
1574114142280,2019-11-18T16:55:42.280,115.750,0.612,-0.801,-0.010
1574114142290,2019-11-18T16:55:42.290,115.760,0.614,-0.797,-0.007
1574114142300,2019-11-18T16:55:42.300,115.770,0.608,-0.798,-0.011
1574114142310,2019-11-18T16:55:42.310,115.780,0.604,-0.797,-0.012
1574114142320,2019-11-18T16:55:42.320,115.790,0.599,-0.792,-0.011
1574114142330,2019-11-18T16:55:42.330,115.800,0.591,-0.792,-0.014
1574114142340,2019-11-18T16:55:42.340,115.810,0.585,-0.794,-0.012
1574114142350,2019-11-18T16:55:42.350,115.820,0.590,-0.794,-0.009
1574114142360,2019-11-18T16:55:42.360,115.830,0.596,-0.795,-0.010
1574114142370,2019-11-18T16:55:42.370,115.840,0.601,-0.799,-0.004
1574114142380,2019-11-18T16:55:42.380,115.850,0.604,-0.806,-0.001
1574114142390,2019-11-18T16:55:42.390,115.860,0.606,-0.812,0.001
1574114142400,2019-11-18T16:55:42.400,115.870,0.605,-0.812,0.004
1574114142410,2019-11-18T16:55:42.410,115.880,0.605,-0.800,0.001
1574114142420,2019-11-18T16:55:42.420,115.890,0.609,-0.796,0.001
1574114142430,2019-11-18T16:55:42.430,115.900,0.609,-0.797,0.001
1574114142440,2019-11-18T16:55:42.440,115.910,0.610,-0.797,0.003
1574114142450,2019-11-18T16:55:42.450,115.920,0.610,-0.791,0.002
1574114142460,2019-11-18T16:55:42.460,115.930,0.613,-0.788,0.005
1574114142470,2019-11-18T16:55:42.470,115.940,0.616,-0.787,0.002
1574114142480,2019-11-18T16:55:42.480,115.950,0.624,-0.797,0.000
1574114142490,2019-11-18T16:55:42.490,115.960,0.618,-0.807,0.002
1574114142500,2019-11-18T16:55:42.500,115.970,0.610,-0.804,-0.002
1574114142510,2019-11-18T16:55:42.510,115.980,0.608,-0.806,-0.000
1574114142520,2019-11-18T16:55:42.520,115.990,0.616,-0.811,-0.007
1574114142530,2019-11-18T16:55:42.530,116.000,0.624,-0.817,-0.009
1574114142540,2019-11-18T16:55:42.540,116.010,0.618,-0.815,-0.005
1574114142550,2019-11-18T16:55:42.550,116.020,0.606,-0.813,-0.011
1574114142560,2019-11-18T16:55:42.560,116.030,0.607,-0.808,-0.010
1574114142570,2019-11-18T16:55:42.570,116.040,0.610,-0.805,-0.006
1574114142580,2019-11-18T16:55:42.580,116.050,0.617,-0.809,-0.006
1574114142590,2019-11-18T16:55:42.590,116.060,0.623,-0.811,-0.007
1574114142600,2019-11-18T16:55:42.600,116.070,0.617,-0.814,-0.003
1574114142610,2019-11-18T16:55:42.610,116.080,0.613,-0.822,-0.003
1574114142620,2019-11-18T16:55:42.620,116.090,0.618,-0.830,-0.003
1574114142630,2019-11-18T16:55:42.630,116.100,0.616,-0.835,-0.002
1574114142640,2019-11-18T16:55:42.640,116.110,0.613,-0.836,0.001
1574114142650,2019-11-18T16:55:42.650,116.120,0.613,-0.829,0.003
1574114142660,2019-11-18T16:55:42.660,116.130,0.609,-0.823,0.001
1574114142670,2019-11-18T16:55:42.670,116.140,0.607,-0.816,0.001
1574114142680,2019-11-18T16:55:42.680,116.150,0.605,-0.810,0.004
1574114142690,2019-11-18T16:55:42.690,116.160,0.605,-0.803,0.005
1574114142700,2019-11-18T16:55:42.700,116.170,0.604,-0.794,0.010
1574114142710,2019-11-18T16:55:42.710,116.180,0.606,-0.791,0.012
1574114142720,2019-11-18T16:55:42.720,116.190,0.611,-0.799,0.017
1574114142730,2019-11-18T16:55:42.730,116.200,0.613,-0.810,0.016
1574114142740,2019-11-18T16:55:42.740,116.210,0.613,-0.807,0.020
1574114142750,2019-11-18T16:55:42.750,116.220,0.610,-0.804,0.024
1574114142760,2019-11-18T16:55:42.760,116.230,0.610,-0.815,0.029
1574114142770,2019-11-18T16:55:42.770,116.240,0.608,-0.822,0.027
1574114142780,2019-11-18T16:55:42.780,116.250,0.604,-0.821,0.029
1574114142790,2019-11-18T16:55:42.790,116.260,0.598,-0.823,0.027
1574114142800,2019-11-18T16:55:42.800,116.270,0.592,-0.831,0.026
1574114142810,2019-11-18T16:55:42.810,116.280,0.593,-0.832,0.024
1574114142820,2019-11-18T16:55:42.820,116.290,0.587,-0.829,0.023
1574114142830,2019-11-18T16:55:42.830,116.300,0.582,-0.823,0.023
1574114142840,2019-11-18T16:55:42.840,116.310,0.576,-0.820,0.022
1574114142850,2019-11-18T16:55:42.850,116.320,0.576,-0.818,0.024
1574114142860,2019-11-18T16:55:42.860,116.330,0.574,-0.815,0.022
1574114142870,2019-11-18T16:55:42.870,116.340,0.571,-0.815,0.018
1574114142880,2019-11-18T16:55:42.880,116.350,0.571,-0.810,0.020
1574114142890,2019-11-18T16:55:42.890,116.360,0.565,-0.805,0.022
1574114142900,2019-11-18T16:55:42.900,116.370,0.567,-0.803,0.022
1574114142910,2019-11-18T16:55:42.910,116.380,0.571,-0.804,0.021
1574114142920,2019-11-18T16:55:42.920,116.390,0.572,-0.812,0.021
1574114142930,2019-11-18T16:55:42.930,116.400,0.573,-0.817,0.021
1574114142940,2019-11-18T16:55:42.940,116.410,0.580,-0.815,0.023
1574114142950,2019-11-18T16:55:42.950,116.420,0.582,-0.811,0.021
1574114142960,2019-11-18T16:55:42.960,116.430,0.582,-0.813,0.023
1574114142970,2019-11-18T16:55:42.970,116.440,0.586,-0.816,0.023
1574114142980,2019-11-18T16:55:42.980,116.450,0.590,-0.818,0.023
1574114142990,2019-11-18T16:55:42.990,116.460,0.594,-0.815,0.026
1574114143000,2019-11-18T16:55:43.000,116.470,0.596,-0.816,0.032
1574114143010,2019-11-18T16:55:43.010,116.480,0.606,-0.820,0.030
1574114143020,2019-11-18T16:55:43.020,116.490,0.606,-0.826,0.031
1574114143030,2019-11-18T16:55:43.030,116.500,0.605,-0.820,0.032
1574114143040,2019-11-18T16:55:43.040,116.510,0.602,-0.817,0.035
1574114143050,2019-11-18T16:55:43.050,116.520,0.604,-0.829,0.036
1574114143060,2019-11-18T16:55:43.060,116.530,0.613,-0.833,0.034
1574114143070,2019-11-18T16:55:43.070,116.540,0.609,-0.830,0.039
1574114143080,2019-11-18T16:55:43.080,116.550,0.603,-0.826,0.034
1574114143090,2019-11-18T16:55:43.090,116.560,0.604,-0.819,0.033
1574114143100,2019-11-18T16:55:43.100,116.570,0.604,-0.815,0.036
1574114143110,2019-11-18T16:55:43.110,116.580,0.603,-0.818,0.032
1574114143120,2019-11-18T16:55:43.120,116.590,0.603,-0.817,0.032
1574114143130,2019-11-18T16:55:43.130,116.600,0.603,-0.819,0.034
1574114143140,2019-11-18T16:55:43.140,116.610,0.604,-0.827,0.035
1574114143150,2019-11-18T16:55:43.150,116.620,0.606,-0.824,0.035
1574114143160,2019-11-18T16:55:43.160,116.630,0.604,-0.821,0.035
1574114143170,2019-11-18T16:55:43.170,116.640,0.600,-0.818,0.035
1574114143180,2019-11-18T16:55:43.180,116.650,0.602,-0.811,0.035
1574114143190,2019-11-18T16:55:43.190,116.660,0.602,-0.816,0.035
1574114143200,2019-11-18T16:55:43.200,116.670,0.601,-0.832,0.035
1574114143210,2019-11-18T16:55:43.210,116.680,0.602,-0.838,0.036
1574114143220,2019-11-18T16:55:43.220,116.690,0.596,-0.832,0.034
1574114143230,2019-11-18T16:55:43.230,116.700,0.590,-0.826,0.033
1574114143240,2019-11-18T16:55:43.240,116.710,0.585,-0.821,0.028
1574114143250,2019-11-18T16:55:43.250,116.720,0.580,-0.823,0.028
1574114143260,2019-11-18T16:55:43.260,116.730,0.580,-0.822,0.031
1574114143270,2019-11-18T16:55:43.270,116.740,0.577,-0.823,0.030
1574114143280,2019-11-18T16:55:43.280,116.750,0.580,-0.822,0.026
1574114143290,2019-11-18T16:55:43.290,116.760,0.575,-0.820,0.024
1574114143300,2019-11-18T16:55:43.300,116.770,0.576,-0.818,0.025
1574114143310,2019-11-18T16:55:43.310,116.780,0.581,-0.822,0.029
1574114143320,2019-11-18T16:55:43.320,116.790,0.583,-0.822,0.032
1574114143330,2019-11-18T16:55:43.330,116.800,0.582,-0.820,0.036
1574114143340,2019-11-18T16:55:43.340,116.810,0.583,-0.817,0.037
1574114143350,2019-11-18T16:55:43.350,116.820,0.588,-0.812,0.042
1574114143360,2019-11-18T16:55:43.360,116.830,0.591,-0.810,0.044
1574114143370,2019-11-18T16:55:43.370,116.840,0.596,-0.818,0.050
1574114143380,2019-11-18T16:55:43.380,116.850,0.601,-0.822,0.055
1574114143390,2019-11-18T16:55:43.390,116.860,0.604,-0.820,0.054
1574114143400,2019-11-18T16:55:43.400,116.870,0.604,-0.818,0.057
1574114143410,2019-11-18T16:55:43.410,116.880,0.607,-0.820,0.059
1574114143420,2019-11-18T16:55:43.420,116.890,0.609,-0.825,0.055
1574114143430,2019-11-18T16:55:43.430,116.900,0.610,-0.821,0.056
1574114143440,2019-11-18T16:55:43.440,116.910,0.607,-0.818,0.056
1574114143450,2019-11-18T16:55:43.450,116.920,0.604,-0.824,0.052
1574114143460,2019-11-18T16:55:43.460,116.930,0.603,-0.821,0.054
1574114143470,2019-11-18T16:55:43.470,116.940,0.604,-0.816,0.055
1574114143480,2019-11-18T16:55:43.480,116.950,0.603,-0.817,0.057
1574114143490,2019-11-18T16:55:43.490,116.960,0.601,-0.821,0.054
1574114143500,2019-11-18T16:55:43.500,116.970,0.603,-0.816,0.056
1574114143510,2019-11-18T16:55:43.510,116.980,0.604,-0.809,0.058
1574114143520,2019-11-18T16:55:43.520,116.990,0.602,-0.809,0.058
1574114143530,2019-11-18T16:55:43.530,117.000,0.603,-0.811,0.060
1574114143540,2019-11-18T16:55:43.540,117.010,0.604,-0.813,0.055
1574114143550,2019-11-18T16:55:43.550,117.020,0.603,-0.820,0.059
1574114143560,2019-11-18T16:55:43.560,117.030,0.605,-0.823,0.063
1574114143570,2019-11-18T16:55:43.570,117.040,0.603,-0.817,0.061
1574114143580,2019-11-18T16:55:43.580,117.050,0.597,-0.812,0.061
1574114143590,2019-11-18T16:55:43.590,117.060,0.595,-0.807,0.061
1574114143600,2019-11-18T16:55:43.600,117.070,0.594,-0.800,0.063
1574114143610,2019-11-18T16:55:43.610,117.080,0.596,-0.799,0.063
1574114143620,2019-11-18T16:55:43.620,117.090,0.600,-0.803,0.063
1574114143630,2019-11-18T16:55:43.630,117.100,0.602,-0.795,0.063
1574114143640,2019-11-18T16:55:43.640,117.110,0.605,-0.791,0.064
1574114143650,2019-11-18T16:55:43.650,117.120,0.612,-0.785,0.065
1574114143660,2019-11-18T16:55:43.660,117.130,0.612,-0.782,0.066
1574114143670,2019-11-18T16:55:43.670,117.140,0.614,-0.784,0.066
1574114143680,2019-11-18T16:55:43.680,117.150,0.619,-0.790,0.064
1574114143690,2019-11-18T16:55:43.690,117.160,0.621,-0.792,0.062
1574114143700,2019-11-18T16:55:43.700,117.170,0.625,-0.803,0.062
1574114143710,2019-11-18T16:55:43.710,117.180,0.625,-0.810,0.061
1574114143720,2019-11-18T16:55:43.720,117.190,0.628,-0.809,0.063
1574114143730,2019-11-18T16:55:43.730,117.200,0.631,-0.802,0.062
1574114143740,2019-11-18T16:55:43.740,117.210,0.625,-0.792,0.066
1574114143750,2019-11-18T16:55:43.750,117.220,0.622,-0.800,0.068
1574114143760,2019-11-18T16:55:43.760,117.230,0.630,-0.809,0.066
1574114143770,2019-11-18T16:55:43.770,117.240,0.635,-0.803,0.068
1574114143780,2019-11-18T16:55:43.780,117.250,0.630,-0.798,0.072
1574114143790,2019-11-18T16:55:43.790,117.260,0.627,-0.807,0.069
1574114143800,2019-11-18T16:55:43.800,117.270,0.630,-0.811,0.069
1574114143810,2019-11-18T16:55:43.810,117.280,0.625,-0.804,0.066
1574114143820,2019-11-18T16:55:43.820,117.290,0.623,-0.789,0.063
1574114143830,2019-11-18T16:55:43.830,117.300,0.622,-0.783,0.064
1574114143840,2019-11-18T16:55:43.840,117.310,0.620,-0.788,0.063
1574114143850,2019-11-18T16:55:43.850,117.320,0.621,-0.788,0.062
1574114143860,2019-11-18T16:55:43.860,117.330,0.621,-0.785,0.059
1574114143870,2019-11-18T16:55:43.870,117.340,0.624,-0.797,0.054
1574114143880,2019-11-18T16:55:43.880,117.350,0.622,-0.814,0.053
1574114143890,2019-11-18T16:55:43.890,117.360,0.627,-0.823,0.055
1574114143900,2019-11-18T16:55:43.900,117.370,0.626,-0.838,0.058
1574114143910,2019-11-18T16:55:43.910,117.380,0.628,-0.838,0.059
1574114143920,2019-11-18T16:55:43.920,117.390,0.622,-0.828,0.052
1574114143930,2019-11-18T16:55:43.930,117.400,0.610,-0.838,0.042
1574114143940,2019-11-18T16:55:43.940,117.410,0.608,-0.844,0.037
1574114143950,2019-11-18T16:55:43.950,117.420,0.602,-0.829,0.029
1574114143960,2019-11-18T16:55:43.960,117.430,0.595,-0.817,0.023
1574114143970,2019-11-18T16:55:43.970,117.440,0.595,-0.824,0.022
1574114143980,2019-11-18T16:55:43.980,117.450,0.598,-0.840,0.023
1574114143990,2019-11-18T16:55:43.990,117.460,0.599,-0.841,0.027
1574114144000,2019-11-18T16:55:44.000,117.470,0.596,-0.824,0.028
1574114144010,2019-11-18T16:55:44.010,117.480,0.592,-0.810,0.037
1574114144020,2019-11-18T16:55:44.020,117.490,0.593,-0.816,0.040
1574114144030,2019-11-18T16:55:44.030,117.500,0.600,-0.819,0.047
1574114144040,2019-11-18T16:55:44.040,117.510,0.599,-0.819,0.055
1574114144050,2019-11-18T16:55:44.050,117.520,0.590,-0.816,0.060
1574114144060,2019-11-18T16:55:44.060,117.530,0.581,-0.817,0.051
1574114144070,2019-11-18T16:55:44.070,117.540,0.572,-0.831,0.042
1574114144080,2019-11-18T16:55:44.080,117.550,0.569,-0.839,0.039
1574114144090,2019-11-18T16:55:44.090,117.560,0.566,-0.828,0.036
1574114144100,2019-11-18T16:55:44.100,117.570,0.561,-0.828,0.033
1574114144110,2019-11-18T16:55:44.110,117.580,0.562,-0.838,0.029
1574114144120,2019-11-18T16:55:44.120,117.590,0.567,-0.843,0.026
1574114144130,2019-11-18T16:55:44.130,117.600,0.568,-0.842,0.031
1574114144140,2019-11-18T16:55:44.140,117.610,0.563,-0.840,0.032
1574114144150,2019-11-18T16:55:44.150,117.620,0.553,-0.849,0.028
1574114144160,2019-11-18T16:55:44.160,117.630,0.556,-0.852,0.026
1574114144170,2019-11-18T16:55:44.170,117.640,0.559,-0.844,0.029
1574114144180,2019-11-18T16:55:44.180,117.650,0.569,-0.846,0.027
1574114144190,2019-11-18T16:55:44.190,117.660,0.575,-0.844,0.031
1574114144200,2019-11-18T16:55:44.200,117.670,0.573,-0.830,0.042
1574114144210,2019-11-18T16:55:44.210,117.680,0.578,-0.818,0.045
1574114144220,2019-11-18T16:55:44.220,117.690,0.581,-0.822,0.049
1574114144230,2019-11-18T16:55:44.230,117.700,0.583,-0.825,0.055
1574114144240,2019-11-18T16:55:44.240,117.710,0.579,-0.820,0.056
1574114144250,2019-11-18T16:55:44.250,117.720,0.578,-0.824,0.059
1574114144260,2019-11-18T16:55:44.260,117.730,0.584,-0.824,0.064
1574114144270,2019-11-18T16:55:44.270,117.740,0.585,-0.822,0.068
1574114144280,2019-11-18T16:55:44.280,117.750,0.587,-0.823,0.068
1574114144290,2019-11-18T16:55:44.290,117.760,0.588,-0.814,0.070
1574114144300,2019-11-18T16:55:44.300,117.770,0.588,-0.813,0.074
1574114144310,2019-11-18T16:55:44.310,117.780,0.591,-0.818,0.074
1574114144320,2019-11-18T16:55:44.320,117.790,0.592,-0.825,0.075
1574114144330,2019-11-18T16:55:44.330,117.800,0.589,-0.841,0.071
1574114144340,2019-11-18T16:55:44.340,117.810,0.578,-0.864,0.059
1574114144350,2019-11-18T16:55:44.350,117.820,0.563,-0.866,0.049
1574114144360,2019-11-18T16:55:44.360,117.830,0.556,-0.852,0.045
1574114144370,2019-11-18T16:55:44.370,117.840,0.554,-0.841,0.040
1574114144380,2019-11-18T16:55:44.380,117.850,0.552,-0.845,0.036
1574114144390,2019-11-18T16:55:44.390,117.860,0.536,-0.865,0.019
1574114144400,2019-11-18T16:55:44.400,117.870,0.518,-0.904,-0.005
1574114144410,2019-11-18T16:55:44.410,117.880,0.498,-0.941,-0.027
1574114144420,2019-11-18T16:55:44.420,117.890,0.476,-0.958,-0.052
1574114144430,2019-11-18T16:55:44.430,117.900,0.476,-0.943,-0.068
1574114144440,2019-11-18T16:55:44.440,117.910,0.471,-0.904,-0.069
1574114144450,2019-11-18T16:55:44.450,117.920,0.464,-0.888,-0.068
1574114144460,2019-11-18T16:55:44.460,117.930,0.464,-0.898,-0.075
1574114144470,2019-11-18T16:55:44.470,117.940,0.452,-0.914,-0.085
1574114144480,2019-11-18T16:55:44.480,117.950,0.447,-0.921,-0.092
1574114144490,2019-11-18T16:55:44.490,117.960,0.462,-0.933,-0.094
1574114144500,2019-11-18T16:55:44.500,117.970,0.480,-0.947,-0.093
1574114144510,2019-11-18T16:55:44.510,117.980,0.497,-0.927,-0.083
1574114144520,2019-11-18T16:55:44.520,117.990,0.490,-0.886,-0.055
1574114144530,2019-11-18T16:55:44.530,118.000,0.497,-0.859,-0.049
1574114144540,2019-11-18T16:55:44.540,118.010,0.510,-0.866,-0.037
1574114144550,2019-11-18T16:55:44.550,118.020,0.522,-0.894,-0.026
1574114144560,2019-11-18T16:55:44.560,118.030,0.555,-0.887,-0.008
1574114144570,2019-11-18T16:55:44.570,118.040,0.548,-0.859,0.005
1574114144580,2019-11-18T16:55:44.580,118.050,0.542,-0.837,0.021
1574114144590,2019-11-18T16:55:44.590,118.060,0.544,-0.820,0.031
1574114144600,2019-11-18T16:55:44.600,118.070,0.552,-0.824,0.042
1574114144610,2019-11-18T16:55:44.610,118.080,0.566,-0.838,0.056
1574114144620,2019-11-18T16:55:44.620,118.090,0.569,-0.835,0.068
1574114144630,2019-11-18T16:55:44.630,118.100,0.565,-0.838,0.074
1574114144640,2019-11-18T16:55:44.640,118.110,0.543,-0.837,0.083
1574114144650,2019-11-18T16:55:44.650,118.120,0.544,-0.830,0.085
1574114144660,2019-11-18T16:55:44.660,118.130,0.549,-0.834,0.089
1574114144670,2019-11-18T16:55:44.670,118.140,0.548,-0.850,0.091
1574114144680,2019-11-18T16:55:44.680,118.150,0.519,-0.842,0.097
1574114144690,2019-11-18T16:55:44.690,118.160,0.525,-0.844,0.090
1574114144700,2019-11-18T16:55:44.700,118.170,0.534,-0.873,0.085
1574114144710,2019-11-18T16:55:44.710,118.180,0.517,-0.864,0.086
1574114144720,2019-11-18T16:55:44.720,118.190,0.500,-0.829,0.084
1574114144730,2019-11-18T16:55:44.730,118.200,0.490,-0.840,0.080
1574114144740,2019-11-18T16:55:44.740,118.210,0.494,-0.877,0.077
1574114144750,2019-11-18T16:55:44.750,118.220,0.487,-0.890,0.074
1574114144760,2019-11-18T16:55:44.760,118.230,0.472,-0.888,0.071
1574114144770,2019-11-18T16:55:44.770,118.240,0.473,-0.893,0.067
1574114144780,2019-11-18T16:55:44.780,118.250,0.471,-0.915,0.057
1574114144790,2019-11-18T16:55:44.790,118.260,0.460,-0.909,0.056
1574114144800,2019-11-18T16:55:44.800,118.270,0.451,-0.888,0.056
1574114144810,2019-11-18T16:55:44.810,118.280,0.449,-0.884,0.056
1574114144820,2019-11-18T16:55:44.820,118.290,0.454,-0.887,0.054
1574114144830,2019-11-18T16:55:44.830,118.300,0.448,-0.892,0.058
1574114144840,2019-11-18T16:55:44.840,118.310,0.437,-0.900,0.058
1574114144850,2019-11-18T16:55:44.850,118.320,0.436,-0.916,0.051
1574114144860,2019-11-18T16:55:44.860,118.330,0.433,-0.920,0.050
1574114144870,2019-11-18T16:55:44.870,118.340,0.425,-0.920,0.049
1574114144880,2019-11-18T16:55:44.880,118.350,0.424,-0.928,0.044
1574114144890,2019-11-18T16:55:44.890,118.360,0.429,-0.937,0.045
1574114144900,2019-11-18T16:55:44.900,118.370,0.421,-0.933,0.043
1574114144910,2019-11-18T16:55:44.910,118.380,0.414,-0.916,0.048
1574114144920,2019-11-18T16:55:44.920,118.390,0.408,-0.903,0.049
1574114144930,2019-11-18T16:55:44.930,118.400,0.407,-0.906,0.046
1574114144940,2019-11-18T16:55:44.940,118.410,0.413,-0.923,0.049
1574114144950,2019-11-18T16:55:44.950,118.420,0.411,-0.936,0.045
1574114144960,2019-11-18T16:55:44.960,118.430,0.406,-0.917,0.046
1574114144970,2019-11-18T16:55:44.970,118.440,0.395,-0.904,0.048
1574114144980,2019-11-18T16:55:44.980,118.450,0.400,-0.919,0.042
1574114144990,2019-11-18T16:55:44.990,118.460,0.400,-0.930,0.040
1574114145000,2019-11-18T16:55:45.000,118.470,0.389,-0.927,0.035
1574114145010,2019-11-18T16:55:45.010,118.480,0.384,-0.921,0.035
1574114145020,2019-11-18T16:55:45.020,118.490,0.383,-0.928,0.034
1574114145030,2019-11-18T16:55:45.030,118.500,0.384,-0.925,0.033
1574114145040,2019-11-18T16:55:45.040,118.510,0.373,-0.925,0.035
1574114145050,2019-11-18T16:55:45.050,118.520,0.366,-0.928,0.032
1574114145060,2019-11-18T16:55:45.060,118.530,0.371,-0.939,0.029
1574114145070,2019-11-18T16:55:45.070,118.540,0.375,-0.936,0.033
1574114145080,2019-11-18T16:55:45.080,118.550,0.373,-0.924,0.037
1574114145090,2019-11-18T16:55:45.090,118.560,0.376,-0.926,0.039
1574114145100,2019-11-18T16:55:45.100,118.570,0.379,-0.917,0.044
1574114145110,2019-11-18T16:55:45.110,118.580,0.386,-0.914,0.053
1574114145120,2019-11-18T16:55:45.120,118.590,0.388,-0.911,0.060
1574114145130,2019-11-18T16:55:45.130,118.600,0.391,-0.910,0.066
1574114145140,2019-11-18T16:55:45.140,118.610,0.389,-0.919,0.066
1574114145150,2019-11-18T16:55:45.150,118.620,0.395,-0.935,0.065
1574114145160,2019-11-18T16:55:45.160,118.630,0.396,-0.938,0.065
1574114145170,2019-11-18T16:55:45.170,118.640,0.397,-0.942,0.061
1574114145180,2019-11-18T16:55:45.180,118.650,0.391,-0.926,0.060
1574114145190,2019-11-18T16:55:45.190,118.660,0.386,-0.918,0.063
1574114145200,2019-11-18T16:55:45.200,118.670,0.392,-0.927,0.062
1574114145210,2019-11-18T16:55:45.210,118.680,0.395,-0.929,0.059
1574114145220,2019-11-18T16:55:45.220,118.690,0.384,-0.922,0.057
1574114145230,2019-11-18T16:55:45.230,118.700,0.376,-0.923,0.056
1574114145240,2019-11-18T16:55:45.240,118.710,0.382,-0.938,0.051
1574114145250,2019-11-18T16:55:45.250,118.720,0.380,-0.939,0.050
1574114145260,2019-11-18T16:55:45.260,118.730,0.377,-0.922,0.051
1574114145270,2019-11-18T16:55:45.270,118.740,0.375,-0.920,0.052
1574114145280,2019-11-18T16:55:45.280,118.750,0.376,-0.922,0.054
1574114145290,2019-11-18T16:55:45.290,118.760,0.376,-0.912,0.057
1574114145300,2019-11-18T16:55:45.300,118.770,0.377,-0.926,0.056
1574114145310,2019-11-18T16:55:45.310,118.780,0.376,-0.941,0.052
1574114145320,2019-11-18T16:55:45.320,118.790,0.375,-0.939,0.051
1574114145330,2019-11-18T16:55:45.330,118.800,0.373,-0.934,0.054
1574114145340,2019-11-18T16:55:45.340,118.810,0.376,-0.932,0.051
1574114145350,2019-11-18T16:55:45.350,118.820,0.378,-0.932,0.051
1574114145360,2019-11-18T16:55:45.360,118.830,0.383,-0.927,0.053
1574114145370,2019-11-18T16:55:45.370,118.840,0.380,-0.915,0.052
1574114145380,2019-11-18T16:55:45.380,118.850,0.384,-0.908,0.057
1574114145390,2019-11-18T16:55:45.390,118.860,0.379,-0.911,0.057
1574114145400,2019-11-18T16:55:45.400,118.870,0.383,-0.921,0.054
1574114145410,2019-11-18T16:55:45.410,118.880,0.389,-0.937,0.048
1574114145420,2019-11-18T16:55:45.420,118.890,0.390,-0.931,0.050
1574114145430,2019-11-18T16:55:45.430,118.900,0.388,-0.926,0.049
1574114145440,2019-11-18T16:55:45.440,118.910,0.391,-0.928,0.048
1574114145450,2019-11-18T16:55:45.450,118.920,0.395,-0.924,0.053
1574114145460,2019-11-18T16:55:45.460,118.930,0.397,-0.915,0.056
1574114145470,2019-11-18T16:55:45.470,118.940,0.392,-0.925,0.054
1574114145480,2019-11-18T16:55:45.480,118.950,0.393,-0.937,0.048
1574114145490,2019-11-18T16:55:45.490,118.960,0.394,-0.934,0.044
1574114145500,2019-11-18T16:55:45.500,118.970,0.393,-0.931,0.042
1574114145510,2019-11-18T16:55:45.510,118.980,0.397,-0.927,0.042
1574114145520,2019-11-18T16:55:45.520,118.990,0.396,-0.917,0.042
1574114145530,2019-11-18T16:55:45.530,119.000,0.399,-0.923,0.045
1574114145540,2019-11-18T16:55:45.540,119.010,0.408,-0.924,0.046
1574114145550,2019-11-18T16:55:45.550,119.020,0.410,-0.921,0.045
1574114145560,2019-11-18T16:55:45.560,119.030,0.415,-0.928,0.050
1574114145570,2019-11-18T16:55:45.570,119.040,0.417,-0.930,0.049
1574114145580,2019-11-18T16:55:45.580,119.050,0.420,-0.925,0.052
1574114145590,2019-11-18T16:55:45.590,119.060,0.427,-0.930,0.055
1574114145600,2019-11-18T16:55:45.600,119.070,0.432,-0.928,0.057
1574114145610,2019-11-18T16:55:45.610,119.080,0.425,-0.917,0.063
1574114145620,2019-11-18T16:55:45.620,119.090,0.428,-0.911,0.063
1574114145630,2019-11-18T16:55:45.630,119.100,0.424,-0.911,0.062
1574114145640,2019-11-18T16:55:45.640,119.110,0.427,-0.923,0.064
1574114145650,2019-11-18T16:55:45.650,119.120,0.424,-0.926,0.068
1574114145660,2019-11-18T16:55:45.660,119.130,0.419,-0.921,0.069
1574114145670,2019-11-18T16:55:45.670,119.140,0.419,-0.921,0.069
1574114145680,2019-11-18T16:55:45.680,119.150,0.428,-0.926,0.071
1574114145690,2019-11-18T16:55:45.690,119.160,0.425,-0.923,0.071
1574114145700,2019-11-18T16:55:45.700,119.170,0.421,-0.921,0.072
1574114145710,2019-11-18T16:55:45.710,119.180,0.420,-0.914,0.074
1574114145720,2019-11-18T16:55:45.720,119.190,0.422,-0.916,0.076
1574114145730,2019-11-18T16:55:45.730,119.200,0.422,-0.924,0.076
1574114145740,2019-11-18T16:55:45.740,119.210,0.423,-0.924,0.074
1574114145750,2019-11-18T16:55:45.750,119.220,0.421,-0.923,0.079
1574114145760,2019-11-18T16:55:45.760,119.230,0.420,-0.921,0.075
1574114145770,2019-11-18T16:55:45.770,119.240,0.421,-0.922,0.076
1574114145780,2019-11-18T16:55:45.780,119.250,0.422,-0.924,0.078
1574114145790,2019-11-18T16:55:45.790,119.260,0.428,-0.929,0.081
1574114145800,2019-11-18T16:55:45.800,119.270,0.428,-0.927,0.086
1574114145810,2019-11-18T16:55:45.810,119.280,0.427,-0.920,0.090
1574114145820,2019-11-18T16:55:45.820,119.290,0.425,-0.910,0.086
1574114145830,2019-11-18T16:55:45.830,119.300,0.420,-0.910,0.088
1574114145840,2019-11-18T16:55:45.840,119.310,0.431,-0.929,0.086
1574114145850,2019-11-18T16:55:45.850,119.320,0.425,-0.932,0.085
1574114145860,2019-11-18T16:55:45.860,119.330,0.421,-0.922,0.087
1574114145870,2019-11-18T16:55:45.870,119.340,0.416,-0.921,0.085
1574114145880,2019-11-18T16:55:45.880,119.350,0.417,-0.933,0.082
1574114145890,2019-11-18T16:55:45.890,119.360,0.415,-0.925,0.079
1574114145900,2019-11-18T16:55:45.900,119.370,0.410,-0.919,0.076
1574114145910,2019-11-18T16:55:45.910,119.380,0.402,-0.925,0.072
1574114145920,2019-11-18T16:55:45.920,119.390,0.402,-0.930,0.071
1574114145930,2019-11-18T16:55:45.930,119.400,0.399,-0.928,0.069
1574114145940,2019-11-18T16:55:45.940,119.410,0.396,-0.933,0.068
1574114145950,2019-11-18T16:55:45.950,119.420,0.393,-0.938,0.066
1574114145960,2019-11-18T16:55:45.960,119.430,0.396,-0.945,0.063
1574114145970,2019-11-18T16:55:45.970,119.440,0.393,-0.935,0.063
1574114145980,2019-11-18T16:55:45.980,119.450,0.387,-0.930,0.063
1574114145990,2019-11-18T16:55:45.990,119.460,0.384,-0.938,0.061
1574114146000,2019-11-18T16:55:46.000,119.470,0.384,-0.943,0.062
1574114146010,2019-11-18T16:55:46.010,119.480,0.383,-0.947,0.061
1574114146020,2019-11-18T16:55:46.020,119.490,0.375,-0.946,0.059
1574114146030,2019-11-18T16:55:46.030,119.500,0.371,-0.950,0.058
1574114146040,2019-11-18T16:55:46.040,119.510,0.369,-0.945,0.055
1574114146050,2019-11-18T16:55:46.050,119.520,0.372,-0.934,0.053
1574114146060,2019-11-18T16:55:46.060,119.530,0.373,-0.934,0.056
1574114146070,2019-11-18T16:55:46.070,119.540,0.369,-0.930,0.060
1574114146080,2019-11-18T16:55:46.080,119.550,0.363,-0.919,0.065
1574114146090,2019-11-18T16:55:46.090,119.560,0.363,-0.918,0.060
1574114146100,2019-11-18T16:55:46.100,119.570,0.364,-0.933,0.054
1574114146110,2019-11-18T16:55:46.110,119.580,0.368,-0.936,0.055
1574114146120,2019-11-18T16:55:46.120,119.590,0.367,-0.926,0.057
1574114146130,2019-11-18T16:55:46.130,119.600,0.366,-0.928,0.054
1574114146140,2019-11-18T16:55:46.140,119.610,0.368,-0.933,0.054
1574114146150,2019-11-18T16:55:46.150,119.620,0.364,-0.932,0.056
1574114146160,2019-11-18T16:55:46.160,119.630,0.360,-0.939,0.052
1574114146170,2019-11-18T16:55:46.170,119.640,0.358,-0.954,0.040
1574114146180,2019-11-18T16:55:46.180,119.650,0.361,-0.946,0.040
1574114146190,2019-11-18T16:55:46.190,119.660,0.355,-0.934,0.042
1574114146200,2019-11-18T16:55:46.200,119.670,0.353,-0.936,0.039
1574114146210,2019-11-18T16:55:46.210,119.680,0.356,-0.933,0.042
1574114146220,2019-11-18T16:55:46.220,119.690,0.355,-0.931,0.042
1574114146230,2019-11-18T16:55:46.230,119.700,0.355,-0.938,0.037
1574114146240,2019-11-18T16:55:46.240,119.710,0.359,-0.946,0.038
1574114146250,2019-11-18T16:55:46.250,119.720,0.359,-0.946,0.039
1574114146260,2019-11-18T16:55:46.260,119.730,0.353,-0.943,0.040
1574114146270,2019-11-18T16:55:46.270,119.740,0.355,-0.946,0.038
1574114146280,2019-11-18T16:55:46.280,119.750,0.354,-0.947,0.033
1574114146290,2019-11-18T16:55:46.290,119.760,0.352,-0.938,0.034
1574114146300,2019-11-18T16:55:46.300,119.770,0.351,-0.934,0.036
1574114146310,2019-11-18T16:55:46.310,119.780,0.348,-0.937,0.035
1574114146320,2019-11-18T16:55:46.320,119.790,0.350,-0.937,0.032
1574114146330,2019-11-18T16:55:46.330,119.800,0.350,-0.933,0.034
1574114146340,2019-11-18T16:55:46.340,119.810,0.345,-0.931,0.033
1574114146350,2019-11-18T16:55:46.350,119.820,0.347,-0.928,0.034
1574114146360,2019-11-18T16:55:46.360,119.830,0.352,-0.942,0.032
1574114146370,2019-11-18T16:55:46.370,119.840,0.354,-0.946,0.032
1574114146380,2019-11-18T16:55:46.380,119.850,0.350,-0.937,0.040
1574114146390,2019-11-18T16:55:46.390,119.860,0.349,-0.940,0.042
1574114146400,2019-11-18T16:55:46.400,119.870,0.355,-0.947,0.037
1574114146410,2019-11-18T16:55:46.410,119.880,0.359,-0.944,0.034
1574114146420,2019-11-18T16:55:46.420,119.890,0.358,-0.938,0.036
1574114146430,2019-11-18T16:55:46.430,119.900,0.359,-0.935,0.039
1574114146440,2019-11-18T16:55:46.440,119.910,0.361,-0.929,0.042
1574114146450,2019-11-18T16:55:46.450,119.920,0.360,-0.933,0.041
1574114146460,2019-11-18T16:55:46.460,119.930,0.358,-0.941,0.037
1574114146470,2019-11-18T16:55:46.470,119.940,0.365,-0.945,0.037
1574114146480,2019-11-18T16:55:46.480,119.950,0.363,-0.948,0.034
1574114146490,2019-11-18T16:55:46.490,119.960,0.362,-0.949,0.031
1574114146500,2019-11-18T16:55:46.500,119.970,0.352,-0.951,0.023
1574114146510,2019-11-18T16:55:46.510,119.980,0.347,-0.968,0.009
1574114146520,2019-11-18T16:55:46.520,119.990,0.343,-0.985,0.000
1574114146530,2019-11-18T16:55:46.530,120.000,0.338,-0.983,0.001
1574114146540,2019-11-18T16:55:46.540,120.010,0.333,-0.969,0.004
1574114146550,2019-11-18T16:55:46.550,120.020,0.329,-0.955,0.009
1574114146560,2019-11-18T16:55:46.560,120.030,0.327,-0.945,0.013
1574114146570,2019-11-18T16:55:46.570,120.040,0.340,-0.955,0.012
1574114146580,2019-11-18T16:55:46.580,120.050,0.343,-0.974,0.005
1574114146590,2019-11-18T16:55:46.590,120.060,0.336,-0.972,-0.004
1574114146600,2019-11-18T16:55:46.600,120.070,0.308,-0.957,-0.006
1574114146610,2019-11-18T16:55:46.610,120.080,0.289,-0.954,-0.014
1574114146620,2019-11-18T16:55:46.620,120.090,0.284,-0.981,-0.023
1574114146630,2019-11-18T16:55:46.630,120.100,0.267,-0.985,-0.033
1574114146640,2019-11-18T16:55:46.640,120.110,0.257,-0.961,-0.042
1574114146650,2019-11-18T16:55:46.650,120.120,0.262,-0.956,-0.033
1574114146660,2019-11-18T16:55:46.660,120.130,0.276,-0.970,-0.031
1574114146670,2019-11-18T16:55:46.670,120.140,0.292,-0.979,-0.025
1574114146680,2019-11-18T16:55:46.680,120.150,0.291,-0.962,-0.018
1574114146690,2019-11-18T16:55:46.690,120.160,0.297,-0.944,-0.010
1574114146700,2019-11-18T16:55:46.700,120.170,0.322,-0.937,0.004
1574114146710,2019-11-18T16:55:46.710,120.180,0.343,-0.934,0.020
1574114146720,2019-11-18T16:55:46.720,120.190,0.340,-0.927,0.032
1574114146730,2019-11-18T16:55:46.730,120.200,0.347,-0.937,0.034
1574114146740,2019-11-18T16:55:46.740,120.210,0.350,-0.936,0.035
1574114146750,2019-11-18T16:55:46.750,120.220,0.354,-0.941,0.041
1574114146760,2019-11-18T16:55:46.760,120.230,0.366,-0.971,0.043
1574114146770,2019-11-18T16:55:46.770,120.240,0.371,-0.977,0.041
1574114146780,2019-11-18T16:55:46.780,120.250,0.353,-0.942,0.049
1574114146790,2019-11-18T16:55:46.790,120.260,0.354,-0.924,0.058
1574114146800,2019-11-18T16:55:46.800,120.270,0.356,-0.917,0.055
1574114146810,2019-11-18T16:55:46.810,120.280,0.342,-0.907,0.059
1574114146820,2019-11-18T16:55:46.820,120.290,0.354,-0.930,0.054
1574114146830,2019-11-18T16:55:46.830,120.300,0.356,-0.966,0.051
1574114146840,2019-11-18T16:55:46.840,120.310,0.348,-0.955,0.047
1574114146850,2019-11-18T16:55:46.850,120.320,0.344,-0.939,0.052
1574114146860,2019-11-18T16:55:46.860,120.330,0.342,-0.932,0.057
1574114146870,2019-11-18T16:55:46.870,120.340,0.352,-0.946,0.062
1574114146880,2019-11-18T16:55:46.880,120.350,0.365,-0.963,0.063
1574114146890,2019-11-18T16:55:46.890,120.360,0.356,-0.952,0.060
1574114146900,2019-11-18T16:55:46.900,120.370,0.341,-0.942,0.053
1574114146910,2019-11-18T16:55:46.910,120.380,0.343,-0.959,0.043
1574114146920,2019-11-18T16:55:46.920,120.390,0.340,-0.950,0.041
1574114146930,2019-11-18T16:55:46.930,120.400,0.335,-0.938,0.049
1574114146940,2019-11-18T16:55:46.940,120.410,0.344,-0.935,0.055
1574114146950,2019-11-18T16:55:46.950,120.420,0.341,-0.920,0.062
1574114146960,2019-11-18T16:55:46.960,120.430,0.338,-0.925,0.063
1574114146970,2019-11-18T16:55:46.970,120.440,0.343,-0.949,0.059
1574114146980,2019-11-18T16:55:46.980,120.450,0.348,-0.961,0.055
1574114146990,2019-11-18T16:55:46.990,120.460,0.351,-0.947,0.057
1574114147000,2019-11-18T16:55:47.000,120.470,0.349,-0.933,0.059
1574114147010,2019-11-18T16:55:47.010,120.480,0.353,-0.926,0.062
1574114147020,2019-11-18T16:55:47.020,120.490,0.352,-0.932,0.063
1574114147030,2019-11-18T16:55:47.030,120.500,0.351,-0.928,0.065
1574114147040,2019-11-18T16:55:47.040,120.510,0.348,-0.936,0.066
1574114147050,2019-11-18T16:55:47.050,120.520,0.347,-0.942,0.063
1574114147060,2019-11-18T16:55:47.060,120.530,0.345,-0.929,0.064
1574114147070,2019-11-18T16:55:47.070,120.540,0.343,-0.946,0.064
1574114147080,2019-11-18T16:55:47.080,120.550,0.352,-0.963,0.063
